testdata/CTD/sta0424.cnv
* Sea-Bird SBE 9 Data File:
* FileName = C:\Seabird\CTDData\sta0424.hex
* Software Version Seasave V 7.21f
* Temperature SN = 4557
* Conductivity SN = 1337
* Number of Bytes Per Scan = 40
* Number of Voltage Words = 5
* Number of Scans Averaged by the Deck Unit = 1
* NMEA Latitude = 61 29.08 N
* NMEA Longitude = 005 25.63 E
* NMEA UTC (Time) = Oct 19 2018 14:40:30
* NMEA baud rate = 4800
** Ship: 10 F/F "G. O. Sars"
** Station: 0424
** Echodepth: 312
** Log: 5680.297
** Wind-Dir Force: 14 11
** Air-temp (dry): 11.1
** Weather Sky: 0 0
** Sea Ice: 0 0
# nquan = 20                                
# nvalues = 304                         
# units = specified
# name 0 = scan: Scan Count
# name 1 = prDM: Pressure, Digiquartz [db]
# name 2 = t068C: Temperature [ITS-68, deg C]
# name 3 = t168C: Temperature, 2 [ITS-68, deg C]
# name 4 = c0S/m: Conductivity [S/m]
# name 5 = c1S/m: Conductivity, 2 [S/m]
# name 6 = sbeox0V: Oxygen raw, SBE 43 [V]
# name 7 = altM: Altimeter [m]
# name 8 = flC: Fluorescence, Chelsea Aqua 3 Chl Con [ug/l]
# name 9 = par: PAR/Irradiance, Biospherical/Licor
# name 10 = spar: SPAR/Surface Irradiance
# name 11 = timeS: Time, Elapsed [seconds]
# name 12 = timeJ: Julian Days
# name 13 = sbeox0ML/L: Oxygen, SBE 43 [ml/l], WS = 2
# name 14 = sal00: Salinity, Practical [PSU]
# name 15 = sal11: Salinity, Practical, 2 [PSU]
# name 16 = sigma-t00: Density [sigma-t, Kg/m^3 ]
# name 17 = svCM: Sound Velocity [Chen-Millero, m/s]
# name 18 = avgsvCM: Average Sound Velocity [Chen-Millero, m/s], minP = 1, minS = 5
# name 19 = flag: flag
# span 0 =        680,       7185       
# span 1 =      2.000,    305.000       
# span 2 =     7.6925,    13.8834       
# span 3 =     7.6926,    13.8849       
# span 4 =   2.897039,   3.860858       
# span 5 =   2.879739,   3.862990       
# span 6 =     1.8178,     2.2654       
# span 7 =      12.25,      99.99       
# span 8 =     0.0152,     0.1980       
# span 9 = 5.1240e-02, 8.7728e+00       
# span 10 = 3.4227e+01, 4.6894e+01      
# span 11 =     28.277,    299.353      
# span 12 = 292.611809, 292.614946      
# span 13 =    4.50901,    5.90180      
# span 14 =    24.5059,    35.0632      
# span 15 =    24.3757,    35.0853      
# span 16 =    18.4622,    27.3695      
# span 17 =    1484.19,    1499.36      
# span 18 =    1484.19,    1496.44      
# span 19 = 0.0000e+00, 0.0000e+00      
# interval = decibars: 1                
# start_time = Oct 19 2018 14:40:32 [System UTC, header]
# bad_flag = -9.990e-29
*END*
[from data line 73]
       2265     75.000    11.6896    11.6899   3.820725   3.822857     1.9792      98.80     0.0335 5.1266e-02 4.4707e+01     94.330 292.612573    4.74589    33.5055    33.5261    25.4870    1495.20    1496.20 0.0000e+00
       2286     76.000    11.6781    11.6774   3.823598   3.825765     1.9777      98.80     0.0357 5.1273e-02 4.4707e+01     95.227 292.612584    4.73283    33.5436    33.5654    25.5187    1495.22    1496.19 0.0000e+00
       2308     77.000    11.6182    11.6171   3.820386   3.822409     1.9747      98.80     0.0358 5.1266e-02 4.4707e+01     96.125 292.612594    4.72753    33.5659    33.5867    25.5471    1495.06    1496.18 0.0000e+00
       2330     78.000    11.5971    11.5987   3.818520   3.820850     1.9723      81.33     0.0305 5.1240e-02 4.4707e+01     97.030 292.612605    4.72454    33.5663    33.5877    25.5513    1495.00    1496.16 0.0000e+00
       2351     79.000    11.5489    11.5528   3.814401   3.816861     1.9706      95.37     0.0308 5.1273e-02 4.4707e+01     97.932 292.612615    4.73499    33.5692    33.5898    25.5624    1494.85    1496.14 0.0000e+00
       2373     80.000    11.4916    11.4920   3.812057   3.814132     1.9700      38.70     0.0319 5.1280e-02 4.4707e+01     98.828 292.612625    4.74767    33.5977    33.6177    25.5951    1494.71    1496.13 0.0000e+00
       2394     81.000    11.4474    11.4492   3.809614   3.811942     1.9715      88.01     0.0372 5.1273e-02 4.2281e+01     99.729 292.612636    4.75802    33.6134    33.6347    25.6154    1494.59    1496.11 0.0000e+00
       2416     82.000    11.4745    11.4732   3.813315   3.815275     1.9703      98.74     0.0332 5.1273e-02 4.4537e+01    100.620 292.612646    4.73787    33.6248    33.6452    25.6193    1494.71    1496.09 0.0000e+00
       2437     83.000    11.4126    11.4119   3.808044   3.809881     1.9690      98.80     0.0318 5.1266e-02 4.4707e+01    101.519 292.612656    4.73868    33.6288    33.6475    25.6337    1494.52    1496.07 0.0000e+00
       2459     84.000    11.1763    11.1743   3.788688   3.790591     1.9668      98.80     0.0302 5.1266e-02 4.4707e+01    102.416 292.612667    4.74652    33.6528    33.6735    25.6953    1493.74    1496.04 0.0000e+00
       2480     85.000    11.1247    11.1242   3.785089   3.787097     1.9633      70.19     0.0298 5.1253e-02 4.4707e+01    103.311 292.612677    4.73807    33.6639    33.6843    25.7133    1493.59    1496.01 0.0000e+00
       2502     86.000    11.0875    11.0880   3.782686   3.784794     1.9602      98.85     0.0327 5.1266e-02 4.4707e+01    104.210 292.612688    4.71852    33.6737    33.6942    25.7276    1493.49    1495.98 0.0000e+00
       2523     87.000    11.0551    11.0552   3.780644   3.782740     1.9528      98.80     0.0362 5.1273e-02 4.4707e+01    105.099 292.612698    4.66450    33.6827    33.7034    25.7404    1493.40    1495.95 0.0000e+00
       2545     88.000    11.0606    11.0609   3.785438   3.787745     1.9416      74.26     0.0363 5.1266e-02 4.4707e+01    105.991 292.612708    4.62243    33.7248    33.7474    25.7722    1493.49    1495.93 0.0000e+00
       2566     89.000    10.9951    10.9943   3.783750   3.785435     1.9337      91.71     0.0345 5.1273e-02 4.4707e+01    106.888 292.612719    4.63064    33.7678    33.7853    25.8173    1493.33    1495.90 0.0000e+00
       2588     90.000    10.7801    10.7791   3.765660   3.767565     1.9290      98.52     0.0326 5.1273e-02 4.4706e+01    107.781 292.612729    4.65548    33.7851    33.8051    25.8690    1492.61    1495.86 0.0000e+00
       2609     91.000    10.7368    10.7363   3.762884   3.764844     1.9259      90.70     0.0307 5.1266e-02 4.4214e+01    108.674 292.612739    4.65615    33.7969    33.8170    25.8859    1492.48    1495.82 0.0000e+00
       2631     92.000    10.6419    10.6407   3.757429   3.759377     1.9232      77.46     0.0308 5.1266e-02 3.9636e+01    109.565 292.612750    4.65746    33.8296    33.8503    25.9280    1492.20    1495.78 0.0000e+00
       2652     93.000    10.5316    10.5302   3.751828   3.753566     1.9195      98.43     0.0328 5.1273e-02 4.3538e+01    110.448 292.612760    4.63808    33.8753    33.8940    25.9829    1491.88    1495.74 0.0000e+00
       2673     94.000    10.3990    10.3976   3.743662   3.745562     1.9133      98.70     0.0329 5.1266e-02 4.3449e+01    111.327 292.612770    4.61542    33.9160    33.9365    26.0377    1491.48    1495.70 0.0000e+00
       2694     95.000    10.3102    10.3095   3.739625   3.741569     1.9057      98.70     0.0347 5.1273e-02 4.3800e+01    112.209 292.612780    4.59926    33.9577    33.9780    26.0855    1491.23    1495.65 0.0000e+00
       2715     96.000    10.2351    10.2340   3.735183   3.736988     1.8998      98.70     0.0344 5.1273e-02 4.2752e+01    113.092 292.612790    4.59373    33.9825    34.0018    26.1178    1491.01    1495.60 0.0000e+00
       2736     97.000    10.0424    10.0374   3.723323   3.724915     1.8937      98.66     0.0318 5.1273e-02 4.2763e+01    113.973 292.612801    4.59598    34.0425    34.0634    26.1975    1490.41    1495.55 0.0000e+00
       2757     98.000     9.9244     9.9237   3.716784   3.718739     1.8885      76.69     0.0301 5.1266e-02 4.2763e+01    114.854 292.612811    4.59081    34.0866    34.1073    26.2519    1490.05    1495.49 0.0000e+00
       2779     99.000     9.8857     9.8853   3.715084   3.716992     1.8832      82.93     0.0309 5.1273e-02 4.2763e+01    115.739 292.612821    4.57618    34.1054    34.1252    26.2730    1489.95    1495.43 0.0000e+00
       2800    100.000     9.7871     9.7861   3.708906   3.710796     1.8773      98.19     0.0335 5.1253e-02 4.2763e+01    116.617 292.612831    4.56304    34.1350    34.1553    26.3127    1489.65    1495.38 0.0000e+00
       2821    101.000     9.7328     9.7307   3.705868   3.707748     1.8717      98.16     0.0335 5.1273e-02 4.2754e+01    117.487 292.612841    4.54851    34.1549    34.1762    26.3373    1489.49    1495.32 0.0000e+00
       2842    102.000     9.6415     9.6404   3.701205   3.703105     1.8655      66.38     0.0330 5.1259e-02 3.6965e+01    118.371 292.612852    4.54473    34.1932    34.2138    26.3825    1489.22    1495.26 0.0000e+00
       2863    103.000     9.5579     9.5568   3.696043   3.697934     1.8613      98.98     0.0334 5.1266e-02 4.2821e+01    119.259 292.612862    4.54318    34.2192    34.2398    26.4166    1488.97    1495.20 0.0000e+00
       2884    104.000     9.4371     9.4362   3.688590   3.690434     1.8567      98.68     0.0331 5.1273e-02 4.2763e+01    120.142 292.612872    4.54185    34.2572    34.2771    26.4662    1488.59    1495.13 0.0000e+00
       2906    105.000     9.3475     9.3469   3.683571   3.685447     1.8525      64.57     0.0321 5.1273e-02 4.2763e+01    121.028 292.612882    4.53908    34.2905    34.3106    26.5069    1488.32    1495.07 0.0000e+00
       2927    106.000     9.2547     9.2520   3.678267   3.680083     1.8492      91.77     0.0324 5.1253e-02 4.2763e+01    121.908 292.612892    4.54028    34.3241    34.3456    26.5482    1488.04    1495.00 0.0000e+00
       2948    107.000     9.2311     9.2309   3.677193   3.679172     1.8450      98.51     0.0310 5.1273e-02 4.2763e+01    122.790 292.612903    4.51841    34.3352    34.3559    26.5607    1487.98    1494.94 0.0000e+00
       2969    108.000     9.1877     9.1860   3.674560   3.676406     1.8398      85.92     0.0309 5.1273e-02 4.2763e+01    123.679 292.612913    4.50901    34.3491    34.3699    26.5786    1487.86    1494.87 0.0000e+00
       2991    109.000     9.0785     9.0772   3.668167   3.670042     1.8370      72.64     0.0317 5.1273e-02 4.2763e+01    124.563 292.612923    4.54098    34.3873    34.4081    26.6261    1487.52    1494.80 0.0000e+00
       3012    110.000     8.9834     8.9811   3.662697   3.664509     1.8374      98.43     0.0339 5.1273e-02 4.2763e+01    125.446 292.612933    4.55528    34.4216    34.4427    26.6682    1487.23    1494.73 0.0000e+00
       3033    111.000     8.9214     8.9203   3.659076   3.660998     1.8359      98.78     0.0302 5.1266e-02 4.2763e+01    126.333 292.612944    4.53696    34.4432    34.4644    26.6950    1487.04    1494.66 0.0000e+00
       3054    112.000     8.8711     8.8703   3.656165   3.658118     1.8322      54.79     0.0307 5.1273e-02 4.2763e+01    127.208 292.612954    4.53285    34.4610    34.4823    26.7169    1486.89    1494.59 0.0000e+00
       3075    113.000     8.8165     8.8170   3.652916   3.654945     1.8315      99.11     0.0310 5.1266e-02 4.2763e+01    128.087 292.612964    4.55187    34.4795    34.5003    26.7400    1486.73    1494.52 0.0000e+00
       3096    114.000     8.7619     8.7606   3.649677   3.651596     1.8308      98.72     0.0278 5.1273e-02 4.2757e+01    128.967 292.612974    4.55209    34.4981    34.5195    26.7632    1486.57    1494.45 0.0000e+00
       3117    115.000     8.7326     8.7320   3.647928   3.649930     1.8295      73.26     0.0331 5.1266e-02 3.9332e+01    129.849 292.612984    4.55369    34.5077    34.5294    26.7753    1486.49    1494.38 0.0000e+00
       3139    116.000     8.7026     8.7022   3.646294   3.648310     1.8297      77.55     0.0325 5.1273e-02 4.2770e+01    130.731 292.612995    4.56326    34.5193    34.5409    26.7891    1486.41    1494.31 0.0000e+00
       3159    117.000     8.6698     8.6693   3.644458   3.646488     1.8287      98.24     0.0330 5.1273e-02 4.2763e+01    131.604 292.613005    4.54484    34.5314    34.5533    26.8038    1486.32    1494.25 0.0000e+00
       3181    118.000     8.6182     8.6171   3.641509   3.643494     1.8258      96.66     0.0309 5.1273e-02 4.2763e+01    132.484 292.613015    4.53324    34.5502    34.5723    26.8266    1486.17    1494.18 0.0000e+00
       3202    119.000     8.5646     8.5637   3.638397   3.640379     1.8233      51.18     0.0276 5.1266e-02 4.2763e+01    133.369 292.613025    4.54660    34.5693    34.5911    26.8498    1486.01    1494.11 0.0000e+00
       3223    120.000     8.5135     8.5126   3.635607   3.637604     1.8231      98.50     0.0290 5.1273e-02 4.2763e+01    134.245 292.613035    4.55547    34.5893    34.6114    26.8735    1485.86    1494.04 0.0000e+00
       3244    121.000     8.4887     8.4875   3.634181   3.636172     1.8219      98.80     0.0283 5.1273e-02 4.2763e+01    135.129 292.613045    4.54339    34.5980    34.6203    26.8842    1485.79    1493.97 0.0000e+00
       3265    122.000     8.4587     8.4583   3.632521   3.634568     1.8193      57.66     0.0262 5.1266e-02 4.2763e+01    136.016 292.613056    4.53856    34.6094    34.6315    26.8977    1485.71    1493.90 0.0000e+00
       3287    123.000     8.3868     8.3858   3.628441   3.630393     1.8188      87.51     0.0288 5.1260e-02 4.2763e+01    136.898 292.613066    4.55910    34.6362    34.6580    26.9298    1485.49    1493.83 0.0000e+00
       3308    124.000     8.3388     8.3377   3.625675   3.627643     1.8185      98.66     0.0282 5.1273e-02 4.2763e+01    137.785 292.613076    4.56135    34.6536    34.6756    26.9508    1485.35    1493.76 0.0000e+00
       3329    125.000     8.2949     8.2941   3.623201   3.625219     1.8178      84.73     0.0280 5.1273e-02 4.2763e+01    138.671 292.613086    4.56509    34.6700    34.6923    26.9704    1485.22    1493.70 0.0000e+00
       3350    126.000     8.2656     8.2649   3.621566   3.623597     1.8182      65.29     0.0316 5.1273e-02 3.9564e+01    139.560 292.613097    4.58453    34.6810    34.7033    26.9835    1485.14    1493.63 0.0000e+00
       3372    127.000     8.2151     8.2142   3.618714   3.620720     1.8199      98.31     0.0294 5.1266e-02 4.2721e+01    140.447 292.613107    4.59884    34.7000    34.7223    27.0061    1484.99    1493.56 0.0000e+00
       3393    128.000     8.1785     8.1787   3.616700   3.618787     1.8214      98.80     0.0337 5.1273e-02 4.2763e+01    141.320 292.613117    4.60102    34.7141    34.7362    27.0227    1484.89    1493.49 0.0000e+00
       3414    129.000     8.1584     8.1584   3.615477   3.617546     1.8212      98.80     0.0336 5.1273e-02 4.2763e+01    142.200 292.613127    4.59801    34.7205    34.7426    27.0308    1484.84    1493.42 0.0000e+00
       3435    130.000     8.1312     8.1309   3.614043   3.616084     1.8220      98.80     0.0295 5.1259e-02 4.2763e+01    143.086 292.613138    4.61539    34.7316    34.7537    27.0436    1484.77    1493.36 0.0000e+00
       3456    131.000     8.0952     8.0950   3.612140   3.614204     1.8238      98.80     0.0291 5.1266e-02 4.2763e+01    143.962 292.613148    4.62768    34.7464    34.7687    27.0607    1484.66    1493.29 0.0000e+00
       3477    132.000     8.0846     8.0845   3.611591   3.613685     1.8248      69.57     0.0283 5.1273e-02 4.2763e+01    144.848 292.613158    4.62848    34.7505    34.7731    27.0655    1484.65    1493.22 0.0000e+00
       3498    133.000     8.0606     8.0601   3.610279   3.612338     1.8268      73.56     0.0282 5.1273e-02 4.2763e+01    145.726 292.613168    4.66288    34.7598    34.7823    27.0764    1484.58    1493.16 0.0000e+00
       3519    134.000     8.0359     8.0356   3.608917   3.610996     1.8313      99.25     0.0306 5.1273e-02 4.2763e+01    146.599 292.613178    4.68703    34.7692    34.7918    27.0875    1484.52    1493.09 0.0000e+00
       3541    135.000     8.0249     8.0245   3.608355   3.610432     1.8351      96.33     0.0341 5.1260e-02 4.2763e+01    147.481 292.613188    4.69218    34.7736    34.7963    27.0926    1484.50    1493.03 0.0000e+00
       3562    136.000     8.0120     8.0116   3.607717   3.609794     1.8375      47.16     0.0318 5.1273e-02 4.2763e+01    148.361 292.613199    4.70902    34.7791    34.8018    27.0989    1484.47    1492.97 0.0000e+00
       3583    137.000     7.9977     7.9972   3.606983   3.609056     1.8426      98.59     0.0302 5.1273e-02 4.0504e+01    149.247 292.613209    4.73624    34.7849    34.8077    27.1056    1484.44    1492.90 0.0000e+00
       3604    138.000     7.9750     7.9744   3.605864   3.607947     1.8464      98.80     0.0295 5.1266e-02 4.2787e+01    150.134 292.613219    4.74182    34.7950    34.8180    27.1169    1484.39    1492.84 0.0000e+00
       3625    139.000     7.9625     7.9623   3.605275   3.607381     1.8494      98.80     0.0316 5.1273e-02 4.2763e+01    151.012 292.613229    4.75246    34.8006    34.8235    27.1232    1484.36    1492.78 0.0000e+00
       3646    140.000     7.9501     7.9499   3.604685   3.606785     1.8524      58.76     0.0322 5.1273e-02 4.2763e+01    151.895 292.613239    4.76874    34.8061    34.8289    27.1294    1484.34    1492.72 0.0000e+00
       3668    141.000     7.9414     7.9413   3.604307   3.606423     1.8570      76.74     0.0302 5.1273e-02 4.2763e+01    152.781 292.613250    4.80273    34.8102    34.8331    27.1339    1484.33    1492.66 0.0000e+00
       3689    142.000     7.9366     7.9366   3.604152   3.606265     1.8624      98.72     0.0280 5.1273e-02 4.2763e+01    153.664 292.613260    4.82411    34.8129    34.8356    27.1367    1484.33    1492.60 0.0000e+00
       3710    143.000     7.9312     7.9311   3.603946   3.606073     1.8678      90.24     0.0259 5.1252e-02 4.2763e+01    154.551 292.613270    4.84219    34.8155    34.8385    27.1396    1484.33    1492.54 0.0000e+00
       3731    144.000     7.9223     7.9222   3.603623   3.605747     1.8727      40.24     0.0239 5.1287e-02 4.2763e+01    155.433 292.613280    4.86518    34.8204    34.8434    27.1448    1484.32    1492.49 0.0000e+00
       3753    145.000     7.9165     7.9164   3.603411   3.605545     1.8784      98.84     0.0231 5.1273e-02 4.2763e+01    156.313 292.613291    4.87456    34.8235    34.8465    27.1480    1484.32    1492.43 0.0000e+00
