testdata/CTD/sta0425.cnv
* Sea-Bird SBE 9 Data File:
* FileName = C:\Seabird\CTDData\sta0425.hex
* Software Version Seasave V 7.21f
* Temperature SN = 4557
* Conductivity SN = 1337
* Number of Bytes Per Scan = 40
* Number of Voltage Words = 5
* Number of Scans Averaged by the Deck Unit = 1
* NMEA Latitude = 61 27.01 N
* NMEA Longitude = 005 29.10 E
* NMEA UTC (Time) = Oct 19 2018 22:55:48
* NMEA baud rate = 4800
** Ship: 10 F/F "G. O. Sars"
** Station: 0425
** Echodepth: 410
** Log: 5692.426
** Wind-Dir Force: 10 06
** Air-temp (dry): 7.9
** Weather Sky: 0 0
** Sea Ice: 0 0
# nquan = 20                                
# nvalues = 399                         
# units = specified
# name 0 = scan: Scan Count
# name 1 = prDM: Pressure, Digiquartz [db]
# name 2 = t068C: Temperature [ITS-68, deg C]
# name 3 = t168C: Temperature, 2 [ITS-68, deg C]
# name 4 = c0S/m: Conductivity [S/m]
# name 5 = c1S/m: Conductivity, 2 [S/m]
# name 6 = sbeox0V: Oxygen raw, SBE 43 [V]
# name 7 = altM: Altimeter [m]
# name 8 = flC: Fluorescence, Chelsea Aqua 3 Chl Con [ug/l]
# name 9 = par: PAR/Irradiance, Biospherical/Licor
# name 10 = spar: SPAR/Surface Irradiance
# name 11 = timeS: Time, Elapsed [seconds]
# name 12 = timeJ: Julian Days
# name 13 = sbeox0ML/L: Oxygen, SBE 43 [ml/l], WS = 2
# name 14 = sal00: Salinity, Practical [PSU]
# name 15 = sal11: Salinity, Practical, 2 [PSU]
# name 16 = sigma-t00: Density [sigma-t, Kg/m^3 ]
# name 17 = svCM: Sound Velocity [Chen-Millero, m/s]
# name 18 = avgsvCM: Average Sound Velocity [Chen-Millero, m/s], minP = 1, minS = 5
# name 19 = flag: flag
# span 0 =        649,       9179       
# span 1 =      2.000,    400.000       
# span 2 =     8.0600,    14.3957       
# span 3 =     8.0599,    14.3977       
# span 4 =   1.006264,   3.854981       
# span 5 =   1.073381,   3.856815       
# span 6 =     1.5163,     2.4249       
# span 7 =      17.61,      99.55       
# span 8 =     0.0221,     0.2152       
# span 9 = 5.1239e-02, 1.1028e+00       
# span 10 = 1.9438e+00, 1.9438e+00      
# span 11 =     27.015,    382.424      
# span 12 = 292.955764, 292.959878      
# span 13 =    3.47337,    7.25872      
# span 14 =     8.2540,    34.7788      
# span 15 =     8.8262,    34.7992      
# span 16 =     6.1804,    27.0906      
# span 17 =    1456.13,    1500.67      
# span 18 =    1456.13,    1495.71      
# span 19 = 0.0000e+00, 0.0000e+00      
# interval = decibars: 1                
# start_time = Oct 19 2018 22:55:51 [System UTC, header]
# bad_flag = -9.990e-29
*END*
[from data line 218]
       5317    220.000     8.0702     8.0699   3.615951   3.617839     1.7563      98.63     0.0221 5.1266e-02 1.9438e+00    221.508 292.958015    4.42240    34.7691    34.7896    27.0822    1486.06    1488.24 0.0000e+00
       5339    221.000     8.0696     8.0693   3.615958   3.617840     1.7559      98.79     0.0234 5.1266e-02 1.9438e+00    222.417 292.958026    4.42600    34.7693    34.7897    27.0825    1486.08    1488.23 0.0000e+00
       5361    222.000     8.0692     8.0690   3.615976   3.617869     1.7565      98.79     0.0249 5.1266e-02 1.9438e+00    223.314 292.958036    4.43434    34.7694    34.7898    27.0826    1486.09    1488.22 0.0000e+00
       5382    223.000     8.0691     8.0689   3.616023   3.617901     1.7569      98.79     0.0266 5.1260e-02 1.9438e+00    224.217 292.958046    4.42632    34.7695    34.7898    27.0827    1486.11    1488.21 0.0000e+00
       5404    224.000     8.0691     8.0689   3.616067   3.617946     1.7558      98.80     0.0312 5.1273e-02 1.9438e+00    225.143 292.958057    4.41548    34.7695    34.7898    27.0827    1486.12    1488.20 0.0000e+00
       5426    225.000     8.0688     8.0686   3.616094   3.617974     1.7547      98.80     0.0315 5.1273e-02 1.9438e+00    226.044 292.958068    4.41105    34.7696    34.7899    27.0829    1486.14    1488.20 0.0000e+00
       5448    226.000     8.0687     8.0685   3.616124   3.618013     1.7534      98.80     0.0308 5.1273e-02 1.9438e+00    226.960 292.958078    4.41355    34.7695    34.7900    27.0828    1486.16    1488.19 0.0000e+00
       5470    227.000     8.0685     8.0682   3.616161   3.618040     1.7534      98.80     0.0299 5.1273e-02 1.9438e+00    227.879 292.958089    4.41981    34.7696    34.7901    27.0829    1486.17    1488.18 0.0000e+00
       5492    228.000     8.0680     8.0678   3.616163   3.618052     1.7534      98.80     0.0302 5.1279e-02 1.9438e+00    228.789 292.958099    4.42014    34.7697    34.7901    27.0830    1486.19    1488.17 0.0000e+00
       5514    229.000     8.0674     8.0671   3.616188   3.618065     1.7533      98.80     0.0299 5.1273e-02 -9.990e-29    229.717 292.958110    4.41385    34.7701    34.7905    27.0834    1486.20    1488.16 0.0000e+00
       5536    230.000     8.0670     8.0668   3.616211   3.618093     1.7520      98.79     0.0305 5.1273e-02 -9.990e-29    230.630 292.958121    4.40425    34.7702    34.7906    27.0836    1486.22    1488.15 0.0000e+00
       5558    231.000     8.0670     8.0668   3.616259   3.618138     1.7510      98.80     0.0288 5.1273e-02 -9.990e-29    231.544 292.958131    4.40975    34.7703    34.7906    27.0837    1486.23    1488.14 0.0000e+00
       5580    232.000     8.0668     8.0665   3.616286   3.618167     1.7511      98.80     0.0271 5.1267e-02 -9.990e-29    232.469 292.958142    4.41261    34.7703    34.7907    27.0837    1486.25    1488.14 0.0000e+00
       5602    233.000     8.0666     8.0664   3.616328   3.618196     1.7505      98.80     0.0276 5.1273e-02 1.9438e+00    233.372 292.958152    4.40486    34.7704    34.7906    27.0838    1486.26    1488.13 0.0000e+00
       5624    234.000     8.0663     8.0661   3.616347   3.618236     1.7496      98.80     0.0263 5.1273e-02 1.9438e+00    234.279 292.958163    4.40488    34.7705    34.7909    27.0839    1486.28    1488.12 0.0000e+00
       5645    235.000     8.0656     8.0653   3.616351   3.618229     1.7492      98.80     0.0258 5.1273e-02 1.9438e+00    235.182 292.958173    4.40383    34.7707    34.7911    27.0842    1486.29    1488.11 0.0000e+00
       5667    236.000     8.0650     8.0648   3.616366   3.618256     1.7485      98.80     0.0267 5.1266e-02 1.9438e+00    236.075 292.958184    4.40424    34.7710    34.7914    27.0845    1486.31    1488.10 0.0000e+00
       5689    237.000     8.0650     8.0647   3.616420   3.618294     1.7484      98.80     0.0271 5.1273e-02 1.9438e+00    236.985 292.958194    4.40657    34.7711    34.7914    27.0846    1486.32    1488.10 0.0000e+00
       5710    238.000     8.0650     8.0648   3.616463   3.618344     1.7482      98.80     0.0268 5.1273e-02 1.9438e+00    237.882 292.958205    4.40009    34.7711    34.7914    27.0846    1486.34    1488.09 0.0000e+00
       5732    239.000     8.0648     8.0646   3.616497   3.618376     1.7469      98.80     0.0287 5.1266e-02 -9.990e-29    238.787 292.958215    4.39246    34.7711    34.7915    27.0847    1486.36    1488.08 0.0000e+00
       5754    240.000     8.0646     8.0644   3.616543   3.618417     1.7461      98.80     0.0295 5.1273e-02 -9.990e-29    239.701 292.958226    4.39741    34.7714    34.7916    27.0849    1486.37    1488.07 0.0000e+00
       5775    241.000     8.0645     8.0644   3.616590   3.618467     1.7460      98.80     0.0283 5.1273e-02 -9.990e-29    240.589 292.958236    4.39579    34.7715    34.7917    27.0850    1486.39    1488.07 0.0000e+00
       5797    242.000     8.0643     8.0641   3.616643   3.618526     1.7449      98.80     0.0280 5.1273e-02 1.9438e+00    241.489 292.958246    4.38676    34.7718    34.7921    27.0852    1486.41    1488.06 0.0000e+00
       5818    243.000     8.0643     8.0640   3.616696   3.618581     1.7436      98.80     0.0291 5.1266e-02 1.9438e+00    242.385 292.958257    4.38293    34.7719    34.7923    27.0853    1486.42    1488.05 0.0000e+00
       5840    244.000     8.0644     8.0641   3.616751   3.618630     1.7424      84.34     0.0313 5.1286e-02 1.9438e+00    243.279 292.958267    4.37377    34.7719    34.7923    27.0853    1486.44    1488.05 0.0000e+00
       5861    245.000     8.0642     8.0641   3.616791   3.618682     1.7407      42.60     0.0309 5.1280e-02 1.9438e+00    244.175 292.958277    4.38092    34.7720    34.7924    27.0854    1486.45    1488.04 0.0000e+00
       5883    246.000     8.0634     8.0632   3.616825   3.618706     1.7413      99.11     0.0324 5.1266e-02 1.9438e+00    245.068 292.958288    4.38873    34.7727    34.7930    27.0861    1486.47    1488.03 0.0000e+00
       5904    247.000     8.0626     8.0624   3.616846   3.618723     1.7411      98.79     0.0323 5.1273e-02 1.9438e+00    245.963 292.958298    4.38738    34.7732    34.7935    27.0866    1486.48    1488.03 0.0000e+00
       5926    248.000     8.0621     8.0619   3.616874   3.618750     1.7412      98.79     0.0341 5.1273e-02 -9.990e-29    246.857 292.958309    4.38496    34.7735    34.7938    27.0870    1486.50    1488.02 0.0000e+00
       5947    249.000     8.0616     8.0614   3.616902   3.618795     1.7403      98.79     0.0335 5.1273e-02 -9.990e-29    247.746 292.958319    4.36967    34.7739    34.7943    27.0873    1486.51    1488.02 0.0000e+00
       5968    250.000     8.0615     8.0613   3.616951   3.618830     1.7382      98.79     0.0319 5.1273e-02 -9.990e-29    248.642 292.958329    4.36009    34.7740    34.7943    27.0874    1486.53    1488.01 0.0000e+00
       5990    251.000     8.0616     8.0614   3.617008   3.618885     1.7365      98.79     0.0295 5.1273e-02 -9.990e-29    249.539 292.958340    4.35882    34.7740    34.7943    27.0874    1486.55    1488.00 0.0000e+00
       6011    252.000     8.0616     8.0614   3.617062   3.618950     1.7351      98.79     0.0273 5.1260e-02 -9.990e-29    250.432 292.958350    4.35129    34.7741    34.7945    27.0875    1486.56    1488.00 0.0000e+00
       6033    253.000     8.0615     8.0614   3.617096   3.618975     1.7332      98.80     0.0261 5.1252e-02 -9.990e-29    251.327 292.958360    4.34570    34.7741    34.7943    27.0875    1486.58    1487.99 0.0000e+00
       6054    254.000     8.0615     8.0615   3.617151   3.619030     1.7317      98.80     0.0275 5.1273e-02 -9.990e-29    252.223 292.958371    4.34552    34.7742    34.7943    27.0876    1486.60    1487.99 0.0000e+00
       6076    255.000     8.0614     8.0614   3.617192   3.619074     1.7306      98.80     0.0267 5.1273e-02 -9.990e-29    253.120 292.958381    4.34316    34.7743    34.7944    27.0877    1486.61    1487.98 0.0000e+00
       6098    256.000     8.0615     8.0614   3.617254   3.619124     1.7295      98.80     0.0275 5.1273e-02 1.9438e+00    254.021 292.958392    4.34269    34.7744    34.7945    27.0877    1486.63    1487.98 0.0000e+00
       6119    257.000     8.0608     8.0608   3.617276   3.619157     1.7292      98.80     0.0251 5.1266e-02 1.9438e+00    254.915 292.958402    4.34901    34.7748    34.7950    27.0882    1486.64    1487.97 0.0000e+00
       6141    258.000     8.0602     8.0602   3.617306   3.619190     1.7289      98.80     0.0262 5.1273e-02 1.9438e+00    255.814 292.958412    4.34496    34.7753    34.7954    27.0886    1486.66    1487.97 0.0000e+00
       6162    259.000     8.0603     8.0602   3.617354   3.619246     1.7281      98.80     0.0262 5.1266e-02 1.9438e+00    256.716 292.958423    4.34196    34.7752    34.7955    27.0885    1486.67    1487.96 0.0000e+00
       6184    260.000     8.0603     8.0603   3.617407   3.619298     1.7279      98.80     0.0273 5.1266e-02 1.9438e+00    257.605 292.958433    4.34595    34.7753    34.7955    27.0886    1486.69    1487.96 0.0000e+00
       6205    261.000     8.0603     8.0603   3.617466   3.619339     1.7277      98.80     0.0316 5.1259e-02 1.9438e+00    258.505 292.958443    4.34370    34.7754    34.7955    27.0887    1486.71    1487.95 0.0000e+00
       6227    262.000     8.0603     8.0603   3.617512   3.619393     1.7271      98.80     0.0328 5.1280e-02 -9.990e-29    259.398 292.958454    4.33756    34.7754    34.7956    27.0887    1486.72    1487.95 0.0000e+00
       6248    263.000     8.0603     8.0603   3.617561   3.619434     1.7263      98.80     0.0361 5.1273e-02 -9.990e-29    260.289 292.958464    4.33396    34.7755    34.7955    27.0888    1486.74    1487.94 0.0000e+00
       6269    264.000     8.0603     8.0603   3.617614   3.619494     1.7252      98.80     0.0339 5.1266e-02 -9.990e-29    261.184 292.958474    4.33025    34.7756    34.7957    27.0888    1486.76    1487.94 0.0000e+00
       6291    265.000     8.0603     8.0603   3.617658   3.619548     1.7243      98.80     0.0332 5.1273e-02 1.9438e+00    262.076 292.958485    4.33019    34.7756    34.7958    27.0888    1486.77    1487.93 0.0000e+00
       6312    266.000     8.0603     8.0604   3.617710   3.619596     1.7238      98.79     0.0323 5.1260e-02 1.9438e+00    262.974 292.958495    4.32765    34.7756    34.7957    27.0889    1486.79    1487.93 0.0000e+00
       6334    267.000     8.0603     8.0603   3.617768   3.619645     1.7227      98.80     0.0337 5.1273e-02 1.9438e+00    263.870 292.958505    4.32246    34.7758    34.7959    27.0890    1486.81    1487.93 0.0000e+00
       6355    268.000     8.0603     8.0603   3.617812   3.619705     1.7219      98.80     0.0331 5.1273e-02 1.9438e+00    264.764 292.958516    4.32940    34.7758    34.7960    27.0890    1486.82    1487.92 0.0000e+00
       6377    269.000     8.0604     8.0603   3.617864   3.619750     1.7224      98.80     0.0343 5.1266e-02 1.9438e+00    265.663 292.958526    4.33763    34.7758    34.7960    27.0890    1486.84    1487.92 0.0000e+00
       6398    270.000     8.0602     8.0602   3.617923   3.619807     1.7229      98.80     0.0309 5.1266e-02 1.9438e+00    266.560 292.958537    4.33354    34.7761    34.7963    27.0893    1486.86    1487.91 0.0000e+00
       6420    271.000     8.0600     8.0600   3.617973   3.619858     1.7220      98.80     0.0302 5.1273e-02 -9.990e-29    267.459 292.958547    4.32712    34.7764    34.7965    27.0895    1486.87    1487.91 0.0000e+00
       6442    272.000     8.0600     8.0599   3.618029   3.619906     1.7219      98.79     0.0300 5.1266e-02 -9.990e-29    268.358 292.958557    4.33039    34.7765    34.7967    27.0896    1486.89    1487.91 0.0000e+00
       6463    273.000     8.0600     8.0600   3.618080   3.619966     1.7217      98.80     0.0325 5.1259e-02 -9.990e-29    269.253 292.958568    4.33112    34.7765    34.7967    27.0896    1486.91    1487.90 0.0000e+00
       6485    274.000     8.0601     8.0600   3.618135   3.620012     1.7215      98.80     0.0302 5.1273e-02 -9.990e-29    270.149 292.958578    4.32747    34.7766    34.7968    27.0896    1486.92    1487.90 0.0000e+00
       6506    275.000     8.0602     8.0601   3.618187   3.620070     1.7209      98.80     0.0278 5.1273e-02 1.9438e+00    271.046 292.958588    4.32783    34.7765    34.7968    27.0896    1486.94    1487.89 0.0000e+00
       6528    276.000     8.0601     8.0601   3.618237   3.620117     1.7208      98.80     0.0298 5.1273e-02 1.9438e+00    271.942 292.958599    4.32695    34.7767    34.7968    27.0897    1486.96    1487.89 0.0000e+00
       6549    277.000     8.0601     8.0600   3.618288   3.620165     1.7204      98.80     0.0296 5.1273e-02 1.9438e+00    272.836 292.958609    4.33035    34.7768    34.7970    27.0898    1486.97    1487.89 0.0000e+00
       6570    278.000     8.0601     8.0600   3.618337   3.620225     1.7208      98.80     0.0275 5.1273e-02 1.9438e+00    273.728 292.958619    4.33814    34.7768    34.7971    27.0898    1486.99    1487.88 0.0000e+00
       6592    279.000     8.0600     8.0600   3.618396   3.620276     1.7216      98.80     0.0269 5.1273e-02 1.9438e+00    274.620 292.958630    4.33369    34.7771    34.7972    27.0900    1487.00    1487.88 0.0000e+00
       6613    280.000     8.0601     8.0601   3.618443   3.620329     1.7205      98.80     0.0291 5.1273e-02 1.9438e+00    275.518 292.958640    4.32428    34.7770    34.7972    27.0900    1487.02    1487.88 0.0000e+00
       6635    281.000     8.0602     8.0602   3.618506   3.620387     1.7199      98.80     0.0293 5.1259e-02 1.9438e+00    276.409 292.958651    4.32264    34.7771    34.7972    27.0900    1487.04    1487.88 0.0000e+00
       6656    282.000     8.0603     8.0603   3.618556   3.620448     1.7192      98.80     0.0290 5.1273e-02 1.9438e+00    277.310 292.958661    4.32506    34.7770    34.7973    27.0900    1487.06    1487.87 0.0000e+00
       6678    283.000     8.0604     8.0604   3.618616   3.620491     1.7192      98.80     0.0290 5.1273e-02 1.9438e+00    278.206 292.958671    4.32558    34.7771    34.7972    27.0900    1487.07    1487.87 0.0000e+00
       6699    284.000     8.0605     8.0605   3.618664   3.620545     1.7185      98.80     0.0314 5.1260e-02 1.9438e+00    279.100 292.958682    4.32036    34.7770    34.7972    27.0900    1487.09    1487.87 0.0000e+00
       6721    285.000     8.0605     8.0605   3.618728   3.620606     1.7180      98.80     0.0315 5.1266e-02 -9.990e-29    280.002 292.958692    4.32326    34.7772    34.7973    27.0901    1487.11    1487.86 0.0000e+00
       6742    286.000     8.0605     8.0605   3.618785   3.620667     1.7179      98.80     0.0309 5.1266e-02 -9.990e-29    280.895 292.958702    4.32563    34.7774    34.7975    27.0902    1487.12    1487.86 0.0000e+00
       6764    287.000     8.0604     8.0604   3.618828   3.620708     1.7180      98.80     0.0295 5.1273e-02 -9.990e-29    281.794 292.958713    4.33018    34.7775    34.7976    27.0903    1487.14    1487.86 0.0000e+00
       6786    288.000     8.0605     8.0605   3.618884   3.620764     1.7186      98.80     0.0293 5.1266e-02 -9.990e-29    282.692 292.958723    4.33359    34.7775    34.7976    27.0903    1487.16    1487.86 0.0000e+00
       6807    289.000     8.0605     8.0605   3.618934   3.620821     1.7189      98.80     0.0300 5.1273e-02 1.9438e+00    283.583 292.958734    4.32799    34.7775    34.7977    27.0903    1487.17    1487.85 0.0000e+00
       6829    290.000     8.0607     8.0606   3.618987   3.620867     1.7181      98.80     0.0291 5.1273e-02 1.9438e+00    284.481 292.958744    4.32385    34.7774    34.7976    27.0902    1487.19    1487.85 0.0000e+00
