testdata/CTD/sta0424.cnv
* Sea-Bird SBE 9 Data File:
* FileName = C:\Seabird\CTDData\sta0424.hex
* Software Version Seasave V 7.21f
* Temperature SN = 4557
* Conductivity SN = 1337
* Number of Bytes Per Scan = 40
* Number of Voltage Words = 5
* Number of Scans Averaged by the Deck Unit = 1
* NMEA Latitude = 61 29.08 N
* NMEA Longitude = 005 25.63 E
* NMEA UTC (Time) = Oct 19 2018 14:40:30
* NMEA baud rate = 4800
** Ship: 10 F/F "G. O. Sars"
** Station: 0424
** Echodepth: 312
** Log: 5680.297
** Wind-Dir Force: 14 11
** Air-temp (dry): 11.1
** Weather Sky: 0 0
** Sea Ice: 0 0
# nquan = 20                                
# nvalues = 304                         
# units = specified
# name 0 = scan: Scan Count
# name 1 = prDM: Pressure, Digiquartz [db]
# name 2 = t068C: Temperature [ITS-68, deg C]
# name 3 = t168C: Temperature, 2 [ITS-68, deg C]
# name 4 = c0S/m: Conductivity [S/m]
# name 5 = c1S/m: Conductivity, 2 [S/m]
# name 6 = sbeox0V: Oxygen raw, SBE 43 [V]
# name 7 = altM: Altimeter [m]
# name 8 = flC: Fluorescence, Chelsea Aqua 3 Chl Con [ug/l]
# name 9 = par: PAR/Irradiance, Biospherical/Licor
# name 10 = spar: SPAR/Surface Irradiance
# name 11 = timeS: Time, Elapsed [seconds]
# name 12 = timeJ: Julian Days
# name 13 = sbeox0ML/L: Oxygen, SBE 43 [ml/l], WS = 2
# name 14 = sal00: Salinity, Practical [PSU]
# name 15 = sal11: Salinity, Practical, 2 [PSU]
# name 16 = sigma-t00: Density [sigma-t, Kg/m^3 ]
# name 17 = svCM: Sound Velocity [Chen-Millero, m/s]
# name 18 = avgsvCM: Average Sound Velocity [Chen-Millero, m/s], minP = 1, minS = 5
# name 19 = flag: flag
# span 0 =        680,       7185       
# span 1 =      2.000,    305.000       
# span 2 =     7.6925,    13.8834       
# span 3 =     7.6926,    13.8849       
# span 4 =   2.897039,   3.860858       
# span 5 =   2.879739,   3.862990       
# span 6 =     1.8178,     2.2654       
# span 7 =      12.25,      99.99       
# span 8 =     0.0152,     0.1980       
# span 9 = 5.1240e-02, 8.7728e+00       
# span 10 = 3.4227e+01, 4.6894e+01      
# span 11 =     28.277,    299.353      
# span 12 = 292.611809, 292.614946      
# span 13 =    4.50901,    5.90180      
# span 14 =    24.5059,    35.0632      
# span 15 =    24.3757,    35.0853      
# span 16 =    18.4622,    27.3695      
# span 17 =    1484.19,    1499.36      
# span 18 =    1484.19,    1496.44      
# span 19 = 0.0000e+00, 0.0000e+00      
# interval = decibars: 1                
# start_time = Oct 19 2018 14:40:32 [System UTC, header]
# bad_flag = -9.990e-29
*END*
[from data line 290]
       6906    292.000     7.6967     7.6969   3.611841   3.613910     1.9880      25.20     0.0189 5.1280e-02 4.0819e+01    287.703 292.614811    5.33280    35.0628    35.0850    27.3687    1486.20    1488.85 0.0000e+00
       6927    293.000     7.6960     7.6961   3.611823   3.613884     1.9872      24.24     0.0213 5.1280e-02 4.0819e+01    288.603 292.614822    5.33405    35.0628    35.0850    27.3688    1486.21    1488.84 0.0000e+00
       6949    294.000     7.6958     7.6961   3.611865   3.613928     1.9868      23.21     0.0214 5.1273e-02 3.7565e+01    289.499 292.614832    5.33302    35.0630    35.0850    27.3689    1486.23    1488.83 0.0000e+00
       6971    295.000     7.6959     7.6962   3.611923   3.613988     1.9858      22.22     0.0192 5.1273e-02 4.0366e+01    290.397 292.614843    5.32571    35.0630    35.0851    27.3690    1486.25    1488.82 0.0000e+00
       6992    296.000     7.6957     7.6959   3.611958   3.614018     1.9847      21.21     0.0159 5.1273e-02 4.0822e+01    291.297 292.614853    5.32506    35.0631    35.0852    27.3691    1486.26    1488.81 0.0000e+00
       7014    297.000     7.6954     7.6956   3.611975   3.614031     1.9842      20.19     0.0183 5.1273e-02 4.0819e+01    292.191 292.614863    5.33068    35.0631    35.0851    27.3691    1486.28    1488.80 0.0000e+00
       7035    298.000     7.6953     7.6955   3.612011   3.614062     1.9843      19.19     0.0183 5.1286e-02 4.0819e+01    293.094 292.614874    5.33489    35.0631    35.0851    27.3691    1486.29    1488.80 0.0000e+00
       7057    299.000     7.6949     7.6951   3.612005   3.614072     1.9844      18.20     0.0186 5.1287e-02 4.0819e+01    293.994 292.614884    5.33391    35.0630    35.0851    27.3691    1486.31    1488.79 0.0000e+00
       7078    300.000     7.6946     7.6948   3.612021   3.614077     1.9842      17.21     0.0152 5.1280e-02 4.0819e+01    294.885 292.614894    5.32889    35.0630    35.0850    27.3691    1486.32    1488.78 0.0000e+00
       7100    301.000     7.6941     7.6944   3.612028   3.614100     1.9834      16.22     0.0171 5.1287e-02 4.0819e+01    295.780 292.614905    5.32250    35.0631    35.0852    27.3692    1486.34    1488.77 0.0000e+00
       7121    302.000     7.6938     7.6943   3.612056   3.614123     1.9822      15.25     0.0202 5.1280e-02 4.0819e+01    296.665 292.614915    5.31270    35.0632    35.0850    27.3694    1486.35    1488.76 0.0000e+00
       7142    303.000     7.6934     7.6936   3.612060   3.614114     1.9803      14.25     0.0217 5.1293e-02 4.0553e+01    297.557 292.614925    5.30317    35.0631    35.0851    27.3694    1486.37    1488.76 0.0000e+00
       7164    304.000     7.6930     7.6932   3.612069   3.614133     1.9785      13.28     0.0238 5.1287e-02 3.6093e+01    298.452 292.614936    5.30146    35.0631    35.0853    27.3695    1486.38    1488.75 0.0000e+00
       7185    305.000     7.6925     7.6926   3.612067   3.614129     1.9773      12.25     0.0257 5.1293e-02 4.3107e+01    299.353 292.614946    5.29986    35.0631    35.0853    27.3695    1486.40    1488.74 0.0000e+00
