testdata/CTD/sta0421.cnv
* Sea-Bird SBE 9 Data File:
* FileName = C:\Seabird\CTDData\sta0421.hex
* Software Version Seasave V 7.21f
* Temperature SN = 4557
* Conductivity SN = 1337
* Number of Bytes Per Scan = 40
* Number of Voltage Words = 5
* Number of Scans Averaged by the Deck Unit = 1
* NMEA Latitude = 61 29.30 N
* NMEA Longitude = 005 16.10 E
* NMEA UTC (Time) = Oct 18 2018 05:13:16
* NMEA baud rate = 4800
** Ship: 10 F/F "G. O. Sars"
** Station: 0421
** Echodepth: 371
** Log: 5634.90
** Wind-Dir Force: 24 10
** Air-temp (dry): 9.8
** Weather Sky: 8 8
** Sea Ice: 2 0
# nquan = 20                                
# nvalues = 362                         
# units = specified
# name 0 = scan: Scan Count
# name 1 = prDM: Pressure, Digiquartz [db]
# name 2 = t068C: Temperature [ITS-68, deg C]
# name 3 = t168C: Temperature, 2 [ITS-68, deg C]
# name 4 = c0S/m: Conductivity [S/m]
# name 5 = c1S/m: Conductivity, 2 [S/m]
# name 6 = sbeox0V: Oxygen raw, SBE 43 [V]
# name 7 = altM: Altimeter [m]
# name 8 = flC: Fluorescence, Chelsea Aqua 3 Chl Con [ug/l]
# name 9 = par: PAR/Irradiance, Biospherical/Licor
# name 10 = spar: SPAR/Surface Irradiance
# name 11 = timeS: Time, Elapsed [seconds]
# name 12 = timeJ: Julian Days
# name 13 = sbeox0ML/L: Oxygen, SBE 43 [ml/l], WS = 2
# name 14 = sal00: Salinity, Practical [PSU]
# name 15 = sal11: Salinity, Practical, 2 [PSU]
# name 16 = sigma-t00: Density [sigma-t, Kg/m^3 ]
# name 17 = svCM: Sound Velocity [Chen-Millero, m/s]
# name 18 = avgsvCM: Average Sound Velocity [Chen-Millero, m/s], minP = 1, minS = 5
# name 19 = flag: flag
# span 0 =        355,       8100       
# span 1 =      4.000,    365.000       
# span 2 =     7.6834,    13.8764       
# span 3 =     7.6830,    13.8756       
# span 4 =   3.031757,   3.880716       
# span 5 =   3.077241,   3.882770       
# span 6 =     1.8574,     2.2886       
# span 7 =      12.53,      99.52       
# span 8 =     0.0154,     0.2839       
# span 9 = 5.1227e-02, 5.8025e-01       
# span 10 = 1.9438e+00, 1.9438e+00      
# span 11 =     14.754,    337.439      
# span 12 = 291.217752, 291.221486      
# span 13 =    4.67430,    5.97436      
# span 14 =    26.0399,    35.0618      
# span 15 =    26.4020,    35.0825      
# span 16 =    19.7168,    27.3695      
# span 17 =    1484.30,    1499.55      
# span 18 =    1484.65,    1495.52      
# span 19 = 0.0000e+00, 0.0000e+00      
# interval = decibars: 1                
# start_time = Oct 18 2018 05:13:19 [System UTC, header]
# bad_flag = -9.990e-29
*END*
[from data line 73]
       1957     77.000    12.1590    12.1551   3.864556   3.866032     2.0236      67.64     0.0340 5.1266e-02 -9.990e-29     81.503 291.218524    4.87314    33.5085    33.5263    25.4013    1496.85    1495.49 0.0000e+00
       1979     78.000    11.9071    11.9036   3.846255   3.847970     2.0275      99.10     0.0355 5.1273e-02 -9.990e-29     82.405 291.218535    4.91995    33.5570    33.5768    25.4865    1496.06    1495.50 0.0000e+00
       2000     79.000    11.8863    11.8862   3.850318   3.852254     2.0325      98.78     0.0329 5.1273e-02 1.9438e+00     83.292 291.218545    4.93778    33.6149    33.6338    25.5353    1496.07    1495.50 0.0000e+00
       2022     80.000    11.8666    11.8656   3.850036   3.851867     2.0358      74.13     0.0306 5.1266e-02 1.9438e+00     84.190 291.218555    4.93508    33.6295    33.6482    25.5503    1496.04    1495.51 0.0000e+00
       2043     81.000    11.8034    11.8024   3.846940   3.848687     2.0373      66.82     0.0282 5.1279e-02 1.9438e+00     85.095 291.218566    4.93851    33.6560    33.6740    25.5828    1495.87    1495.52 0.0000e+00
       2065     82.000    11.7383    11.7343   3.843057   3.844639     2.0379      98.45     0.0314 5.1266e-02 1.9438e+00     85.991 291.218576    4.94324    33.6767    33.6958    25.6109    1495.69    1495.52 0.0000e+00
       2086     83.000    11.5670    11.5657   3.833660   3.835320     2.0387      98.78     0.0343 5.1273e-02 1.9438e+00     86.886 291.218587    4.96207    33.7399    33.7574    25.6918    1495.19    1495.51 0.0000e+00
       2107     84.000    11.4847    11.4839   3.828682   3.830463     2.0384      34.77     0.0354 5.1273e-02 1.9438e+00     87.769 291.218597    4.96364    33.7656    33.7839    25.7269    1494.95    1495.51 0.0000e+00
       2129     85.000    11.4166    11.4158   3.824122   3.825835     2.0379      29.12     0.0353 5.1273e-02 1.9438e+00     88.657 291.218607    4.97008    33.7825    33.8001    25.7526    1494.75    1495.50 0.0000e+00
       2151     86.000    11.2955    11.2947   3.815734   3.817499     2.0373      99.19     0.0334 5.1266e-02 1.9438e+00     89.566 291.218618    4.96833    33.8102    33.8284    25.7962    1494.38    1495.49 0.0000e+00
       2172     87.000    11.2358    11.2338   3.811206   3.812826     2.0339      98.77     0.0330 5.1260e-02 1.9438e+00     90.472 291.218628    4.95157    33.8198    33.8376    25.8145    1494.20    1495.47 0.0000e+00
       2194     88.000    11.1275    11.1229   3.803418   3.804847     2.0295      60.46     0.0347 5.1259e-02 1.9438e+00     91.377 291.218639    4.94241    33.8417    33.8601    25.8511    1493.86    1495.45 0.0000e+00
       2216     89.000    10.9942    10.9943   3.795304   3.797071     2.0250      80.87     0.0338 5.1273e-02 -9.990e-29     92.280 291.218649    4.94340    33.8835    33.9010    25.9076    1493.46    1495.43 0.0000e+00
       2237     90.000    10.9301    10.9307   3.791528   3.793347     2.0205      98.44     0.0328 5.1280e-02 -9.990e-29     93.150 291.218659    4.93150    33.9047    33.9222    25.9355    1493.28    1495.41 0.0000e+00
       2258     91.000    10.7931    10.7946   3.782585   3.784462     2.0156      89.59     0.0287 5.1266e-02 -9.990e-29     94.024 291.218669    4.92043    33.9418    33.9592    25.9888    1492.86    1495.38 0.0000e+00
       2279     92.000    10.6430    10.6372   3.769615   3.770650     2.0089      56.15     0.0293 5.1266e-02 -9.990e-29     94.910 291.218680    4.91639    33.9508    33.9666    26.0223    1492.35    1495.34 0.0000e+00
       2300     93.000    10.4834    10.4838   3.759852   3.761668     2.0036      99.27     0.0321 5.1273e-02 1.9438e+00     95.802 291.218690    4.90473    34.0009    34.0189    26.0893    1491.87    1495.31 0.0000e+00
       2322     94.000    10.4088    10.4077   3.757341   3.759096     1.9946      60.29     0.0328 5.1293e-02 1.9438e+00     96.694 291.218700    4.86370    34.0449    34.0636    26.1365    1491.67    1495.27 0.0000e+00
       2343     95.000    10.3682    10.3663   3.755566   3.757158     1.9852      30.69     0.0329 5.1273e-02 1.9438e+00     97.577 291.218710    4.84002    34.0645    34.0824    26.1589    1491.57    1495.23 0.0000e+00
       2364     96.000    10.1942    10.1911   3.742208   3.743691     1.9768      97.06     0.0307 5.1273e-02 1.9438e+00     98.459 291.218721    4.83990    34.0921    34.1101    26.2104    1490.99    1495.19 0.0000e+00
       2385     97.000    10.0626    10.0607   3.733028   3.734626     1.9698      94.62     0.0347 5.1273e-02 1.9438e+00     99.343 291.218731    4.83317    34.1223    34.1404    26.2564    1490.58    1495.14 0.0000e+00
       2406     98.000     9.9266     9.9241   3.725176   3.726766     1.9620      19.09     0.0372 5.1273e-02 1.9438e+00    100.227 291.218741    4.82201    34.1703    34.1889    26.3168    1490.16    1495.09 0.0000e+00
       2428     99.000     9.8316     9.8241   3.718953   3.720078     1.9553      70.80     0.0370 5.1259e-02 -9.990e-29    101.119 291.218751    4.81290    34.1962    34.2148    26.3531    1489.87    1495.03 0.0000e+00
       2449    100.000     9.6967     9.6951   3.709575   3.711227     1.9480      98.94     0.0340 5.1273e-02 -9.990e-29    102.005 291.218762    4.79137    34.2277    34.2462    26.4002    1489.43    1494.98 0.0000e+00
       2470    101.000     9.6440     9.6425   3.706024   3.707660     1.9394      38.27     0.0311 5.1294e-02 -9.990e-29    102.877 291.218772    4.77259    34.2409    34.2592    26.4193    1489.27    1494.92 0.0000e+00
       2491    102.000     9.5827     9.5816   3.701048   3.702802     1.9336      40.71     0.0323 5.1266e-02 1.9438e+00    103.749 291.218782    4.78032    34.2476    34.2668    26.4347    1489.08    1494.86 0.0000e+00
       2512    103.000     9.5257     9.5248   3.697642   3.699345     1.9287      98.72     0.0321 5.1266e-02 1.9438e+00    104.624 291.218792    4.75882    34.2665    34.2849    26.4589    1488.91    1494.81 0.0000e+00
       2533    104.000     9.4772     9.4773   3.696110   3.697990     1.9208      75.41     0.0306 5.1273e-02 1.9438e+00    105.513 291.218802    4.72018    34.2966    34.3159    26.4904    1488.79    1494.75 0.0000e+00
       2555    105.000     9.4730     9.4625   3.696063   3.696896     1.9122      24.09     0.0320 5.1280e-02 1.9438e+00    106.404 291.218813    4.70032    34.2996    34.3183    26.4935    1488.79    1494.69 0.0000e+00
       2576    106.000     9.4678     9.4648   3.695884   3.697472     1.9060      83.47     0.0324 5.1259e-02 1.9438e+00    107.283 291.218823    4.69976    34.3023    34.3216    26.4964    1488.79    1494.63 0.0000e+00
       2597    107.000     9.4405     9.4404   3.694506   3.696352     1.9020      98.11     0.0339 5.1259e-02 1.9438e+00    108.159 291.218833    4.69884    34.3137    34.3329    26.5098    1488.72    1494.58 0.0000e+00
       2618    108.000     9.4068     9.4052   3.692182   3.693934     1.8981      27.65     0.0347 5.1294e-02 -9.990e-29    109.041 291.218843    4.70625    34.3215    34.3412    26.5214    1488.63    1494.52 0.0000e+00
       2639    109.000     9.2862     9.2831   3.684533   3.686195     1.8981      61.14     0.0360 5.1266e-02 -9.990e-29    109.921 291.218853    4.74321    34.3575    34.3778    26.5693    1488.24    1494.47 0.0000e+00
       2660    110.000     9.2092     9.2093   3.679085   3.680962     1.8988      99.24     0.0382 5.1266e-02 -9.990e-29    110.802 291.218863    4.74168    34.3745    34.3940    26.5951    1488.00    1494.41 0.0000e+00
       2681    111.000     9.1404     9.1373   3.674374   3.676034     1.8968      98.78     0.0362 5.1273e-02 -9.990e-29    111.678 291.218874    4.72277    34.3913    34.4116    26.6193    1487.78    1494.35 0.0000e+00
       2702    112.000     9.1048     9.1034   3.672974   3.674794     1.8928      49.88     0.0380 5.1266e-02 1.9438e+00    112.558 291.218884    4.71278    34.4106    34.4310    26.6402    1487.69    1494.29 0.0000e+00
       2724    113.000     8.9987     8.9948   3.665921   3.667454     1.8910      96.10     0.0378 5.1259e-02 1.9438e+00    113.447 291.218894    4.72632    34.4391    34.4589    26.6794    1487.36    1494.23 0.0000e+00
       2745    114.000     8.8610     8.8589   3.657449   3.659200     1.8885      98.77     0.0358 5.1273e-02 1.9438e+00    114.329 291.218904    4.71586    34.4834    34.5038    26.7360    1486.92    1494.16 0.0000e+00
       2766    115.000     8.7980     8.7951   3.653549   3.655202     1.8832      81.13     0.0336 5.1266e-02 1.9438e+00    115.209 291.218914    4.69154    34.5032    34.5234    26.7615    1486.73    1494.10 0.0000e+00
       2787    116.000     8.7216     8.7201   3.648476   3.650212     1.8786      72.67     0.0343 5.1273e-02 1.9438e+00    116.091 291.218925    4.70216    34.5237    34.5435    26.7896    1486.48    1494.03 0.0000e+00
       2808    117.000     8.6590     8.6578   3.644590   3.646370     1.8762      99.18     0.0356 5.1245e-02 1.9438e+00    116.972 291.218935    4.70370    34.5434    34.5633    26.8148    1486.29    1493.96 0.0000e+00
       2830    118.000     8.6142     8.6128   3.641972   3.643751     1.8726      98.78     0.0327 5.1273e-02 1.9438e+00    117.866 291.218945    4.68582    34.5590    34.5792    26.8341    1486.16    1493.90 0.0000e+00
       2851    119.000     8.5208     8.5192   3.636376   3.638126     1.8682      58.35     0.0310 5.1259e-02 1.9438e+00    118.755 291.218955    4.69010    34.5908    34.6109    26.8735    1485.87    1493.83 0.0000e+00
       2872    120.000     8.4551     8.4538   3.632644   3.634432     1.8665      98.69     0.0278 5.1273e-02 1.9438e+00    119.623 291.218966    4.69410    34.6152    34.6354    26.9028    1485.67    1493.76 0.0000e+00
       2893    121.000     8.4162     8.4155   3.630269   3.632089     1.8625      98.78     0.0295 5.1259e-02 1.9438e+00    120.497 291.218976    4.67430    34.6277    34.6477    26.9186    1485.56    1493.69 0.0000e+00
       2914    122.000     8.3812     8.3801   3.628296   3.630145     1.8591      67.94     0.0330 5.1273e-02 -9.990e-29    121.364 291.218986    4.68202    34.6407    34.6614    26.9342    1485.46    1493.63 0.0000e+00
       2935    123.000     8.3454     8.3445   3.626240   3.628079     1.8584      81.89     0.0338 5.1266e-02 -9.990e-29    122.238 291.218996    4.70387    34.6536    34.6740    26.9498    1485.36    1493.56 0.0000e+00
       2956    124.000     8.3045     8.3037   3.623981   3.625838     1.8586      98.86     0.0316 5.1273e-02 -9.990e-29    123.129 291.219006    4.70836    34.6693    34.6899    26.9684    1485.24    1493.49 0.0000e+00
       2978    125.000     8.2810     8.2803   3.622695   3.624578     1.8580      91.70     0.0309 5.1273e-02 -9.990e-29    124.021 291.219017    4.70362    34.6783    34.6991    26.9790    1485.18    1493.42 0.0000e+00
       2999    126.000     8.2432     8.2419   3.620618   3.622452     1.8574      59.79     0.0308 5.1266e-02 1.9438e+00    124.906 291.219027    4.72278    34.6930    34.7138    26.9963    1485.07    1493.36 0.0000e+00
       3020    127.000     8.2054     8.2039   3.618445   3.620265     1.8597      98.94     0.0312 5.1273e-02 1.9438e+00    125.795 291.219037    4.74236    34.7067    34.7276    27.0128    1484.96    1493.29 0.0000e+00
       3041    128.000     8.1878     8.1860   3.617356   3.619195     1.8610      98.78     0.0314 5.1273e-02 1.9438e+00    126.668 291.219047    4.74144    34.7119    34.7334    27.0196    1484.92    1493.22 0.0000e+00
       3062    129.000     8.1575     8.1542   3.615649   3.617377     1.8614      60.42     0.0311 5.1273e-02 1.9438e+00    127.556 291.219057    4.75359    34.7232    34.7449    27.0330    1484.84    1493.16 0.0000e+00
       3084    130.000     8.1442     8.1433   3.614888   3.616800     1.8645      94.63     0.0314 5.1273e-02 1.9438e+00    128.441 291.219068    4.77273    34.7277    34.7491    27.0386    1484.81    1493.09 0.0000e+00
       3105    131.000     8.1301     8.1282   3.614108   3.615946     1.8656      98.70     0.0334 5.1266e-02 1.9438e+00    129.317 291.219078    4.75688    34.7329    34.7544    27.0448    1484.78    1493.03 0.0000e+00
       3126    132.000     8.1074     8.1066   3.612914   3.614852     1.8645      83.01     0.0329 5.1266e-02 -9.990e-29    130.193 291.219088    4.73789    34.7421    34.7636    27.0554    1484.72    1492.97 0.0000e+00
       3147    133.000     8.0958     8.0956   3.612343   3.614307     1.8623      74.29     0.0304 5.1266e-02 -9.990e-29    131.075 291.219098    4.73912    34.7470    34.7682    27.0610    1484.70    1492.91 0.0000e+00
       3168    134.000     8.0781     8.0758   3.611424   3.613261     1.8619      98.82     0.0284 5.1259e-02 -9.990e-29    131.960 291.219108    4.74726    34.7542    34.7762    27.0694    1484.66    1492.84 0.0000e+00
       3189    135.000     8.0335     8.0323   3.609112   3.611009     1.8615      98.78     0.0286 5.1253e-02 -9.990e-29    132.850 291.219119    4.74382    34.7732    34.7947    27.0910    1484.53    1492.78 0.0000e+00
       3211    136.000     8.0235     8.0222   3.608628   3.610538     1.8598      53.22     0.0296 5.1273e-02 1.9438e+00    133.729 291.219129    4.75152    34.7775    34.7992    27.0958    1484.52    1492.72 0.0000e+00
       3231    137.000     8.0060     8.0057   3.607747   3.609695     1.8617      98.80     0.0269 5.1273e-02 1.9438e+00    134.603 291.219139    4.78303    34.7849    34.8061    27.1043    1484.47    1492.66 0.0000e+00
       3253    138.000     7.9900     7.9889   3.606973   3.608903     1.8646      98.78     0.0275 5.1266e-02 1.9438e+00    135.479 291.219149    4.79472    34.7920    34.8138    27.1123    1484.44    1492.60 0.0000e+00
       3273    139.000     7.9845     7.9838   3.606717   3.608657     1.8661      77.04     0.0289 5.1260e-02 1.9438e+00    136.352 291.219159    4.80017    34.7942    34.8158    27.1149    1484.44    1492.54 0.0000e+00
       3295    140.000     7.9690     7.9684   3.605922   3.607867     1.8696      85.62     0.0310 5.1259e-02 1.9438e+00    137.233 291.219169    4.83333    34.8006    34.8221    27.1222    1484.40    1492.48 0.0000e+00
       3316    141.000     7.9552     7.9543   3.605357   3.607297     1.8738      98.61     0.0326 5.1280e-02 -9.990e-29    138.113 291.219180    4.84391    34.8078    34.8295    27.1299    1484.38    1492.42 0.0000e+00
       3337    142.000     7.9457     7.9449   3.604954   3.606890     1.8765      96.03     0.0302 5.1273e-02 -9.990e-29    139.004 291.219190    4.83866    34.8124    34.8340    27.1350    1484.36    1492.37 0.0000e+00
       3358    143.000     7.9392     7.9384   3.604737   3.606678     1.8778      64.87     0.0305 5.1273e-02 -9.990e-29    139.896 291.219200    4.85076    34.8161    34.8378    27.1388    1484.36    1492.31 0.0000e+00
       3380    144.000     7.9315     7.9310   3.604400   3.606359     1.8810      98.19     0.0324 5.1273e-02 -9.990e-29    140.777 291.219210    4.86835    34.8196    34.8412    27.1427    1484.35    1492.26 0.0000e+00
       3401    145.000     7.9224     7.9214   3.604115   3.606045     1.8838      98.69     0.0339 5.1273e-02 1.9438e+00    141.657 291.219221    4.87355    34.8252    34.8469    27.1484    1484.34    1492.20 0.0000e+00
       3422    146.000     7.9101     7.9090   3.603742   3.605665     1.8854      62.72     0.0313 5.1273e-02 1.9438e+00    142.537 291.219231    4.88179    34.8329    34.8547    27.1564    1484.32    1492.15 0.0000e+00
       3443    147.000     7.9000     7.8992   3.603365   3.605301     1.8887      93.99     0.0297 5.1273e-02 1.9438e+00    143.412 291.219241    4.90244    34.8384    34.8601    27.1622    1484.31    1492.09 0.0000e+00
