testdata/CTD/sta0404.cnv
* Sea-Bird SBE 9 Data File:
* FileName = C:\Seabird\CTDData\sta0404.hex
* Software Version Seasave V 7.21f
* Temperature SN = 4557
* Conductivity SN = 1337
* Number of Bytes Per Scan = 40
* Number of Voltage Words = 5
* Number of Scans Averaged by the Deck Unit = 1
* NMEA Latitude = 60 48.21 N
* NMEA Longitude = 005 18.97 E
* NMEA UTC (Time) = Oct 14 2018 05:34:48
* NMEA baud rate = 4800
** Ship: 10 F/F "G. O. Sars"
** Station: 0404
** Echodepth: 146
** Log: 5337.38
** Wind-Dir Force: 26 04
** Air-temp (dry): 18.9
** Weather Sky: 8 8
** Sea Ice: 3 0
# nquan = 20                                
# nvalues = 137                         
# units = specified
# name 0 = scan: Scan Count
# name 1 = prDM: Pressure, Digiquartz [db]
# name 2 = t068C: Temperature [ITS-68, deg C]
# name 3 = t168C: Temperature, 2 [ITS-68, deg C]
# name 4 = c0S/m: Conductivity [S/m]
# name 5 = c1S/m: Conductivity, 2 [S/m]
# name 6 = sbeox0V: Oxygen raw, SBE 43 [V]
# name 7 = altM: Altimeter [m]
# name 8 = flC: Fluorescence, Chelsea Aqua 3 Chl Con [ug/l]
# name 9 = par: PAR/Irradiance, Biospherical/Licor
# name 10 = spar: SPAR/Surface Irradiance
# name 11 = timeS: Time, Elapsed [seconds]
# name 12 = timeJ: Julian Days
# name 13 = sbeox0ML/L: Oxygen, SBE 43 [ml/l], WS = 2
# name 14 = sal00: Salinity, Practical [PSU]
# name 15 = sal11: Salinity, Practical, 2 [PSU]
# name 16 = sigma-t00: Density [sigma-t, Kg/m^3 ]
# name 17 = svCM: Sound Velocity [Chen-Millero, m/s]
# name 18 = avgsvCM: Average Sound Velocity [Chen-Millero, m/s], minP = 1, minS = 5
# name 19 = flag: flag
# span 0 =        763,       3679       
# span 1 =      5.000,    141.000       
# span 2 =     8.1187,    14.4295       
# span 3 =     8.1181,    14.4251       
# span 4 =   3.510750,   3.885545       
# span 5 =   3.511745,   3.887144       
# span 6 =     1.6970,     2.1790       
# span 7 =       2.53,      99.41       
# span 8 =     0.0259,     0.1634       
# span 9 = 5.1208e-02, 2.4591e-01       
# span 10 = 1.9438e+00, 1.9438e+00      
# span 11 =     31.751,    153.258      
# span 12 = 287.232879, 287.234285      
# span 13 =    4.14539,    5.28661      
# span 14 =    28.7904,    34.9489      
# span 15 =    28.8014,    34.9732      
# span 16 =    21.4144,    27.2161      
# span 17 =    1484.90,    1501.33      
# span 18 =    1491.05,    1498.90      
# span 19 = 0.0000e+00, 0.0000e+00      
# interval = decibars: 1                
# start_time = Oct 14 2018 05:34:49 [System UTC, header]
# bad_flag = -9.990e-29
*END*
        763      5.000    13.9006    13.8980   3.510750   3.511745     2.1786      99.22     0.1634 2.4591e-01 -9.990e-29     31.751 287.232879    5.25157    28.7904    28.8014    21.4144    1495.94    1495.94 0.0000e+00
        795      6.000    14.0773    14.1028   3.611901   3.627428     2.1768      54.70     0.1527 1.7175e-01 -9.990e-29     33.081 287.232894    5.20874    29.5759    29.6975    21.9849    1497.46    1496.19 0.0000e+00
        816      7.000    14.1693    14.1554   3.664210   3.659742     2.1778      85.73     0.1480 1.2039e-01 -9.990e-29     33.965 287.232905    5.19768    29.9801    29.9503    22.2779    1498.25    1496.48 0.0000e+00
        837      8.000    14.3970    14.3873   3.749981   3.750627     2.1783      98.75     0.1377 8.4436e-02 -9.990e-29     34.834 287.232915    5.15315    30.5802    30.5937    22.6939    1499.71    1496.88 0.0000e+00
        859      9.000    14.4179    14.4169   3.757096   3.759971     2.1790      76.11     0.1226 5.5169e-02 -9.990e-29     35.744 287.232925    5.14892    30.6278    30.6547    22.7263    1499.85    1497.21 0.0000e+00
        881     10.000    14.4236    14.4221   3.768238   3.770903     2.1774      60.50     0.1145 5.1447e-02 -9.990e-29     36.660 287.232936    5.10624    30.7240    30.7493    22.7992    1499.99    1497.49 0.0000e+00
        902     11.000    14.4149    14.4149   3.775908   3.781791     2.1677      98.69     0.1090 5.1267e-02 -9.990e-29     37.539 287.232946    5.04103    30.8001    30.8534    22.8597    1500.07    1497.73 0.0000e+00
        923     12.000    14.4119    14.4125   3.778773   3.780144     2.1554      91.56     0.1077 5.1266e-02 -9.990e-29     38.424 287.232956    5.00807    30.8281    30.8400    22.8819    1500.11    1497.92 0.0000e+00
        945     13.000    14.4062    14.4062   3.794118   3.795167     2.1470      43.91     0.1030 5.1260e-02 -9.990e-29     39.318 287.232967    5.00136    30.9716    30.9811    22.9936    1500.28    1498.10 0.0000e+00
        966     14.000    14.4113    14.4085   3.861533   3.863579     2.1413      98.08     0.0938 5.1273e-02 -9.990e-29     40.214 287.232977    4.97139    31.5801    31.6010    23.4617    1501.02    1498.31 0.0000e+00
        988     15.000    14.4295    14.4251   3.885545   3.887144     2.1356      97.49     0.0803 5.1266e-02 -9.990e-29     41.115 287.232987    4.95217    31.7835    31.8017    23.6148    1501.33    1498.51 0.0000e+00
       1009     16.000    14.2907    14.2974   3.877795   3.880759     2.1318      52.19     0.0722 5.1246e-02 -9.990e-29     42.000 287.232998    4.97199    31.8265    31.8481    23.6767    1500.95    1498.67 0.0000e+00
       1030     17.000    13.9883    13.9867   3.861141   3.863388     2.1314      74.43     0.0699 5.1260e-02 -9.990e-29     42.890 287.233008    4.99217    31.9232    31.9452    23.8136    1500.09    1498.75 0.0000e+00
       1052     18.000    13.8916    13.8878   3.858478   3.860483     2.1253      98.78     0.0689 5.1273e-02 -9.990e-29     43.791 287.233018    4.95398    31.9786    32.0003    23.8761    1499.86    1498.81 0.0000e+00
       1073     19.000    13.8196    13.8183   3.852780   3.854835     2.1175      72.05     0.0666 5.1240e-02 -9.990e-29     44.682 287.233029    4.95793    31.9856    32.0056    23.8961    1499.65    1498.86 0.0000e+00
       1095     20.000    13.6966    13.6991   3.847582   3.849809     2.1173      50.10     0.0660 5.1273e-02 -9.990e-29     45.579 287.233039    5.00640    32.0397    32.0583    23.9629    1499.32    1498.88 0.0000e+00
       1117     21.000    13.6363    13.6369   3.848812   3.850977     2.1197      99.13     0.0628 5.1273e-02 -9.990e-29     46.486 287.233050    5.01797    32.1013    32.1209    24.0226    1499.21    1498.89 0.0000e+00
       1138     22.000    13.5749    13.5709   3.848448   3.850465     2.1208      89.08     0.0604 5.1259e-02 -9.990e-29     47.381 287.233060    5.03414    32.1491    32.1712    24.0718    1499.08    1498.90 0.0000e+00
       1160     23.000    13.4629    13.4634   3.845509   3.847696     2.1250      35.45     0.0650 5.1273e-02 -9.990e-29     48.282 287.233070    5.07333    32.2156    32.2356    24.1458    1498.81    1498.90 0.0000e+00
       1181     24.000    13.3360    13.3350   3.853131   3.855241     2.1305      99.17     0.0656 5.1273e-02 -9.990e-29     49.182 287.233081    5.09535    32.3940    32.4146    24.3090    1498.61    1498.89 0.0000e+00
       1203     25.000    13.3348    13.3340   3.856743   3.858875     2.1341      97.29     0.0627 5.1273e-02 -9.990e-29     50.075 287.233091    5.10006    32.4284    32.4491    24.3359    1498.67    1498.88 0.0000e+00
       1225     26.000    13.2940    13.2971   3.859436   3.861954     2.1373      48.95     0.0610 5.1260e-02 -9.990e-29     50.982 287.233102    5.12154    32.4881    32.5090    24.3901    1498.62    1498.87 0.0000e+00
       1246     27.000    13.2013    13.2109   3.852981   3.856286     2.1436      73.48     0.0610 5.1280e-02 -9.990e-29     51.879 287.233112    5.15604    32.5063    32.5291    24.4226    1498.35    1498.85 0.0000e+00
       1268     28.000    13.0613    13.0622   3.837740   3.839828     2.1474      99.05     0.0643 5.1273e-02 -9.990e-29     52.780 287.233122    5.16539    32.4822    32.5012    24.4316    1497.87    1498.81 0.0000e+00
       1289     29.000    12.9384    12.9373   3.827306   3.829310     2.1488      74.21     0.0648 5.1241e-02 -9.990e-29     53.680 287.233133    5.18090    32.4887    32.5086    24.4607    1497.48    1498.77 0.0000e+00
       1311     30.000    12.9678    12.9631   3.832289   3.834075     2.1515      42.14     0.0664 5.1273e-02 -9.990e-29     54.575 287.233143    5.19810    32.5102    32.5311    24.4716    1497.62    1498.73 0.0000e+00
       1332     31.000    13.0367    13.0369   3.843754   3.846395     2.1561      98.76     0.0649 5.1280e-02 -9.990e-29     55.479 287.233154    5.21218    32.5588    32.5836    24.4957    1497.93    1498.70 0.0000e+00
       1354     32.000    12.9184    12.9182   3.838471   3.840574     2.1613      85.27     0.0620 5.1252e-02 -9.990e-29     56.378 287.233164    5.24235    32.6103    32.6304    24.5587    1497.61    1498.67 0.0000e+00
       1376     33.000    12.8207    12.8161   3.830751   3.832523     2.1662      28.01     0.0630 5.1280e-02 -9.990e-29     57.272 287.233174    5.24911    32.6210    32.6418    24.5861    1497.31    1498.63 0.0000e+00
       1397     34.000    12.7704    12.7672   3.827644   3.829511     2.1651      97.96     0.0650 5.1266e-02 -9.990e-29     58.166 287.233185    5.21699    32.6346    32.6551    24.6064    1497.17    1498.59 0.0000e+00
       1418     35.000    12.8052    12.8068   3.834169   3.836781     2.1614      97.68     0.0664 5.1266e-02 -9.990e-29     59.060 287.233195    5.21202    32.6660    32.6894    24.6240    1497.34    1498.55 0.0000e+00
       1440     36.000    12.8311    12.8321   3.841944   3.844265     2.1623      44.21     0.0644 5.1252e-02 -9.990e-29     59.954 287.233206    5.24064    32.7170    32.7381    24.6584    1497.51    1498.52 0.0000e+00
       1462     37.000    12.6517    12.6521   3.825964   3.828188     2.1674      68.39     0.0643 5.1267e-02 -9.990e-29     60.860 287.233216    5.28661    32.7202    32.7411    24.6957    1496.92    1498.48 0.0000e+00
       1483     38.000    12.6310    12.6311   3.825801   3.828141     2.1700      98.48     0.0614 5.1273e-02 -9.990e-29     61.762 287.233226    5.25674    32.7362    32.7585    24.7121    1496.89    1498.44 0.0000e+00
       1505     39.000    12.6651    12.6642   3.831689   3.833743     2.1648      69.29     0.0636 5.1259e-02 -9.990e-29     62.659 287.233237    5.22787    32.7623    32.7826    24.7257    1497.05    1498.40 0.0000e+00
       1526     40.000    12.6706    12.6699   3.836945   3.839101     2.1652      35.89     0.0651 5.1294e-02 -9.990e-29     63.553 287.233247    5.26724    32.8072    32.8283    24.7594    1497.14    1498.37 0.0000e+00
       1548     41.000    12.6332    12.6329   3.838062   3.840291     2.1698      99.41     0.0652 5.1273e-02 -9.990e-29     64.446 287.233258    5.28492    32.8500    32.8715    24.7998    1497.08    1498.34 0.0000e+00
       1569     42.000    12.5974    12.5992   3.836934   3.839350     2.1709      98.79     0.0652 5.1273e-02 -9.990e-29     65.345 287.233268    5.26875    32.8700    32.8915    24.8223    1497.00    1498.30 0.0000e+00
       1591     43.000    12.5913    12.5905   3.837594   3.839858     2.1688      27.62     0.0635 5.1300e-02 1.9438e+00     66.242 287.233278    5.25714    32.8813    32.9036    24.8321    1497.01    1498.27 0.0000e+00
       1612     44.000    12.5969    12.5967   3.838552   3.840804     2.1680      93.45     0.0644 5.1267e-02 1.9438e+00     67.137 287.233289    5.25698    32.8851    32.9068    24.8340    1497.05    1498.25 0.0000e+00
       1634     45.000    12.5987    12.5978   3.838863   3.841057     2.1668      98.73     0.0692 5.1273e-02 1.9438e+00     68.038 287.233299    5.25332    32.8861    32.9078    24.8344    1497.07    1498.22 0.0000e+00
       1655     46.000    12.6009    12.6003   3.839249   3.841463     2.1657      60.62     0.0689 5.1293e-02 1.9438e+00     68.937 287.233309    5.24998    32.8874    32.9091    24.8351    1497.10    1498.20 0.0000e+00
       1677     47.000    12.6011    12.6024   3.839414   3.841925     2.1647      63.51     0.0706 5.1314e-02 1.9438e+00     69.835 287.233320    5.24581    32.8884    32.9113    24.8358    1497.12    1498.17 0.0000e+00
       1699     48.000    12.6020    12.6017   3.839774   3.842088     2.1626      98.69     0.0714 5.1260e-02 1.9438e+00     70.730 287.233330    5.23404    32.8907    32.9130    24.8374    1497.14    1498.15 0.0000e+00
       1720     49.000    12.5910    12.5909   3.840845   3.843137     2.1606      98.02     0.0692 5.1273e-02 -9.990e-29     71.623 287.233341    5.23480    32.9101    32.9321    24.8545    1497.14    1498.13 0.0000e+00
       1742     50.000    12.5543    12.5532   3.841244   3.843495     2.1603      97.29     0.0688 5.1273e-02 -9.990e-29     72.522 287.233351    5.25348    32.9456    32.9681    24.8891    1497.07    1498.11 0.0000e+00
       1763     51.000    12.5319    12.5306   3.840392   3.842610     2.1624      96.60     0.0690 5.1254e-02 -9.990e-29     73.428 287.233361    5.26031    32.9567    32.9790    24.9020    1497.03    1498.09 0.0000e+00
       1785     52.000    12.4425    12.4418   3.838321   3.840527     2.1612      95.41     0.0687 5.1266e-02 -9.990e-29     74.326 287.233372    5.24493    33.0149    33.0366    24.9643    1496.81    1498.06 0.0000e+00
       1806     53.000    12.3620    12.3610   3.835386   3.837572     2.1579      94.48     0.0709 5.1266e-02 -9.990e-29     75.222 287.233382    5.23283    33.0572    33.0790    25.0125    1496.60    1498.04 0.0000e+00
       1828     54.000    12.3366    12.3371   3.837240   3.839534     2.1538      93.18     0.0744 5.1266e-02 -9.990e-29     76.123 287.233393    5.22759    33.0969    33.1186    25.0482    1496.58    1498.01 0.0000e+00
       1850     55.000    12.2995    12.2993   3.841293   3.843711     2.1524      92.17     0.0716 5.1240e-02 -9.990e-29     77.024 287.233403    5.23934    33.1683    33.1917    25.1106    1496.56    1497.98 0.0000e+00
       1871     56.000    12.2981    12.2977   3.845798   3.847953     2.1512      90.92     0.0671 5.1252e-02 -9.990e-29     77.919 287.233413    5.22837    33.2125    33.2336    25.1451    1496.62    1497.96 0.0000e+00
       1892     57.000    12.1556    12.1546   3.842220   3.844411     2.1491      89.98     0.0683 5.1245e-02 -9.990e-29     78.805 287.233424    5.23291    33.3042    33.3262    25.2433    1496.26    1497.93 0.0000e+00
       1914     58.000    11.9444    11.9450   3.836708   3.838854     2.1463      89.53     0.0677 5.1260e-02 -9.990e-29     79.697 287.233434    5.22668    33.4392    33.4595    25.3879    1495.72    1497.89 0.0000e+00
       1935     59.000    11.6084    11.6228   3.820187   3.822835     2.1395      88.48     0.0652 5.1227e-02 -9.990e-29     80.597 287.233444    5.21189    33.5805    33.5934    25.5603    1494.74    1497.84 0.0000e+00
       1957     60.000    11.4181    11.4208   3.810100   3.812279     2.1299      87.39     0.0615 5.1239e-02 -9.990e-29     81.500 287.233455    5.18167    33.6539    33.6729    25.6523    1494.19    1497.78 0.0000e+00
       1979     61.000    11.3393    11.3313   3.804987   3.806466     2.1179      86.37     0.0554 5.1247e-02 -9.990e-29     82.401 287.233465    5.15160    33.6749    33.6968    25.6830    1493.96    1497.71 0.0000e+00
       2000     62.000    11.1045    11.0970   3.790638   3.791838     2.1086      85.31     0.0510 5.1246e-02 -9.990e-29     83.302 287.233476    5.16880    33.7474    33.7662    25.7819    1493.24    1497.64 0.0000e+00
       2022     63.000    10.6139    10.6239   3.762403   3.764444     2.1021      84.36     0.0490 5.1240e-02 -9.990e-29     84.194 287.233486    5.18737    33.9183    33.9295    26.0021    1491.73    1497.55 0.0000e+00
       2043     64.000    10.5305    10.5282   3.757567   3.759316     2.0899      83.46     0.0463 5.1221e-02 -9.990e-29     85.093 287.233496    5.12106    33.9469    33.9666    26.0389    1491.49    1497.45 0.0000e+00
       2065     65.000    10.5337    10.5205   3.757845   3.758922     2.0759      82.65     0.0429 5.1218e-02 -9.990e-29     85.990 287.233507    5.08842    33.9463    33.9694    26.0379    1491.52    1497.36 0.0000e+00
       2086     66.000    10.3687    10.3587   3.748470   3.749529     2.0661      81.65     0.0417 5.1221e-02 -9.990e-29     86.891 287.233517    5.09999    34.0053    34.0254    26.1126    1491.02    1497.26 0.0000e+00
       2108     67.000     9.9729     9.9673   3.725249   3.726649     2.0592      80.59     0.0442 5.1211e-02 -9.990e-29     87.792 287.233528    5.11936    34.1413    34.1609    26.2864    1489.78    1497.15 0.0000e+00
       2130     68.000     9.8391     9.8380   3.717479   3.719349     2.0490      79.57     0.0423 5.1234e-02 -9.990e-29     88.689 287.233538    5.06959    34.1881    34.2083    26.3455    1489.37    1497.04 0.0000e+00
       2151     69.000     9.8275     9.8269   3.716838   3.718802     2.0361      78.57     0.0423 5.1218e-02 -9.990e-29     89.585 287.233548    5.02982    34.1921    34.2128    26.3506    1489.35    1496.92 0.0000e+00
       2172     70.000     9.7182     9.7122   3.710513   3.712094     2.0259      77.48     0.0415 5.1234e-02 -9.990e-29     90.478 287.233559    5.02631    34.2306    34.2526    26.3989    1489.02    1496.81 0.0000e+00
       2194     71.000     9.4043     9.4028   3.693144   3.694991     2.0176      76.41     0.0428 5.1232e-02 -9.990e-29     91.365 287.233569    5.02646    34.3510    34.3716    26.5449    1488.04    1496.69 0.0000e+00
       2215     72.000     9.2905     9.2880   3.686808   3.688622     2.0062      75.53     0.0427 5.1208e-02 -9.990e-29     92.266 287.233579    4.97595    34.3942    34.4155    26.5973    1487.70    1496.56 0.0000e+00
       2237     73.000     9.2234     9.2214   3.683096   3.684945     1.9929      74.44     0.0376 5.1218e-02 -9.990e-29     93.162 287.233590    4.92703    34.4198    34.4410    26.6282    1487.50    1496.44 0.0000e+00
       2258     74.000     9.1296     9.1267   3.678150   3.679948     1.9788      73.39     0.0362 5.1240e-02 -9.990e-29     94.057 287.233600    4.88145    34.4584    34.4800    26.6736    1487.22    1496.31 0.0000e+00
       2280     75.000     9.0777     9.0754   3.675457   3.677357     1.9639      72.51     0.0385 5.1239e-02 -9.990e-29     94.959 287.233611    4.83973    34.4801    34.5021    26.6989    1487.07    1496.19 0.0000e+00
       2302     76.000     8.9949     8.9941   3.671223   3.673199     1.9507      71.55     0.0385 5.1253e-02 -9.990e-29     95.855 287.233621    4.81565    34.5156    34.5371    26.7400    1486.83    1496.06 0.0000e+00
