testdata/CTD/sta0420.cnv
* Sea-Bird SBE 9 Data File:
* FileName = C:\Seabird\CTDData\sta0420.hex
* Software Version Seasave V 7.21f
* Temperature SN = 4557
* Conductivity SN = 1337
* Number of Bytes Per Scan = 40
* Number of Voltage Words = 5
* Number of Scans Averaged by the Deck Unit = 1
* NMEA Latitude = 61 29.31 N
* NMEA Longitude = 005 16.09 E
* NMEA UTC (Time) = Oct 17 2018 23:26:31
* NMEA baud rate = 4800
** Ship: 10 F/F "G. O. Sars"
** Station: 0420
** Echodepth: 371
** Log: 5625.165
** Wind-Dir Force: 24 15
** Air-temp (dry): 10.1
** Weather Sky: 0 0
** Sea Ice: 0 0
# nquan = 20                                
# nvalues = 359                         
# units = specified
# name 0 = scan: Scan Count
# name 1 = prDM: Pressure, Digiquartz [db]
# name 2 = t068C: Temperature [ITS-68, deg C]
# name 3 = t168C: Temperature, 2 [ITS-68, deg C]
# name 4 = c0S/m: Conductivity [S/m]
# name 5 = c1S/m: Conductivity, 2 [S/m]
# name 6 = sbeox0V: Oxygen raw, SBE 43 [V]
# name 7 = altM: Altimeter [m]
# name 8 = flC: Fluorescence, Chelsea Aqua 3 Chl Con [ug/l]
# name 9 = par: PAR/Irradiance, Biospherical/Licor
# name 10 = spar: SPAR/Surface Irradiance
# name 11 = timeS: Time, Elapsed [seconds]
# name 12 = timeJ: Julian Days
# name 13 = sbeox0ML/L: Oxygen, SBE 43 [ml/l], WS = 2
# name 14 = sal00: Salinity, Practical [PSU]
# name 15 = sal11: Salinity, Practical, 2 [PSU]
# name 16 = sigma-t00: Density [sigma-t, Kg/m^3 ]
# name 17 = svCM: Sound Velocity [Chen-Millero, m/s]
# name 18 = avgsvCM: Average Sound Velocity [Chen-Millero, m/s], minP = 1, minS = 5
# name 19 = flag: flag
# span 0 =        431,       8126       
# span 1 =      2.000,    360.000       
# span 2 =     7.6822,    13.6500       
# span 3 =     7.6819,    13.6502       
# span 4 =   2.922083,   3.884228       
# span 5 =   2.935326,   3.885978       
# span 6 =     1.8624,     2.2933       
# span 7 =      13.83,     100.31       
# span 8 =     0.0165,     0.2777       
# span 9 = 5.1071e-02, 1.4099e+00       
# span 10 = 1.6964e+00, 3.8025e+00      
# span 11 =     17.916,    338.531      
# span 12 = 290.976967, 290.980678      
# span 13 =    4.67763,    6.02785      
# span 14 =    24.8415,    35.0620      
# span 15 =    24.9408,    35.0823      
# span 16 =    18.7478,    27.3702      
# span 17 =    1484.05,    1498.90      
# span 18 =    1484.05,    1494.97      
# span 19 = 0.0000e+00, 0.0000e+00      
# interval = decibars: 1                
# start_time = Oct 17 2018 23:26:32 [System UTC, header]
# bad_flag = -9.990e-29
*END*
[from data line 290]
       6662    292.000     7.6851     7.6847   3.610420   3.612269     1.9865      94.08     0.0202 5.1273e-02 -9.990e-29    277.528 290.979971    5.32913    35.0591    35.0795    27.3675    1486.15    1488.39 0.0000e+00
       6683    293.000     7.6851     7.6847   3.610484   3.612325     1.9859      98.76     0.0206 5.1267e-02 -9.990e-29    278.431 290.979982    5.33057    35.0593    35.0796    27.3676    1486.17    1488.39 0.0000e+00
       6705    294.000     7.6852     7.6848   3.610551   3.612408     1.9853      95.60     0.0219 5.1259e-02 1.9438e+00    279.328 290.979992    5.32680    35.0594    35.0799    27.3677    1486.18    1488.38 0.0000e+00
       6726    295.000     7.6852     7.6847   3.610598   3.612440     1.9844      85.90     0.0205 5.1260e-02 1.9438e+00    280.228 290.980003    5.33046    35.0595    35.0799    27.3677    1486.20    1488.37 0.0000e+00
       6748    296.000     7.6848     7.6845   3.610628   3.612481     1.9845      98.76     0.0187 5.1273e-02 1.9438e+00    281.122 290.980013    5.33080    35.0597    35.0800    27.3680    1486.22    1488.37 0.0000e+00
       6769    297.000     7.6849     7.6845   3.610678   3.612518     1.9838      98.80     0.0203 5.1273e-02 1.9438e+00    282.013 290.980023    5.31950    35.0596    35.0799    27.3679    1486.23    1488.36 0.0000e+00
       6791    298.000     7.6850     7.6845   3.610730   3.612570     1.9821      86.17     0.0223 5.1266e-02 1.9438e+00    282.909 290.980034    5.31818    35.0596    35.0800    27.3679    1486.25    1488.35 0.0000e+00
       6812    299.000     7.6857     7.6853   3.610861   3.612706     1.9821      98.98     0.0223 5.1273e-02 1.9438e+00    283.802 290.980044    5.32503    35.0598    35.0802    27.3680    1486.27    1488.34 0.0000e+00
       6834    300.000     7.6857     7.6854   3.610927   3.612768     1.9815      98.79     0.0211 5.1273e-02 1.9438e+00    284.700 290.980054    5.31771    35.0601    35.0803    27.3681    1486.29    1488.34 0.0000e+00
       6855    301.000     7.6858     7.6854   3.610973   3.612826     1.9804      91.05     0.0232 5.1266e-02 1.9438e+00    285.602 290.980065    5.31438    35.0600    35.0804    27.3681    1486.30    1488.33 0.0000e+00
       6877    302.000     7.6859     7.6855   3.611026   3.612874     1.9801      94.38     0.0209 5.1273e-02 1.9438e+00    286.501 290.980075    5.31875    35.0600    35.0804    27.3680    1486.32    1488.32 0.0000e+00
       6898    303.000     7.6860     7.6857   3.611086   3.612940     1.9796      98.77     0.0206 5.1273e-02 1.9438e+00    287.394 290.980086    5.30889    35.0600    35.0804    27.3681    1486.34    1488.32 0.0000e+00
       6920    304.000     7.6860     7.6856   3.611133   3.612978     1.9777      96.37     0.0176 5.1246e-02 -9.990e-29    288.286 290.980096    5.29500    35.0601    35.0804    27.3681    1486.35    1488.31 0.0000e+00
       6941    305.000     7.6861     7.6857   3.611185   3.613035     1.9762      83.00     0.0207 5.1247e-02 -9.990e-29    289.177 290.980106    5.30851    35.0600    35.0804    27.3680    1486.37    1488.30 0.0000e+00
       6963    306.000     7.6861     7.6859   3.611241   3.613096     1.9770      98.73     0.0217 5.1259e-02 -9.990e-29    290.081 290.980117    5.31719    35.0602    35.0804    27.3681    1486.39    1488.30 0.0000e+00
       6984    307.000     7.6862     7.6859   3.611299   3.613140     1.9770      98.78     0.0238 5.1273e-02 -9.990e-29    290.979 290.980127    5.31102    35.0602    35.0804    27.3682    1486.40    1488.29 0.0000e+00
       7006    308.000     7.6863     7.6859   3.611345   3.613193     1.9763      81.51     0.0257 5.1227e-02 1.9438e+00    291.859 290.980137    5.30782    35.0601    35.0805    27.3681    1486.42    1488.29 0.0000e+00
       7027    309.000     7.6863     7.6860   3.611413   3.613258     1.9763      98.59     0.0239 5.1259e-02 1.9438e+00    292.737 290.980147    5.31027    35.0604    35.0806    27.3683    1486.44    1488.28 0.0000e+00
       7048    310.000     7.6859     7.6855   3.611434   3.613269     1.9758      98.78     0.0219 5.1266e-02 1.9438e+00    293.610 290.980158    5.30747    35.0605    35.0807    27.3684    1486.45    1488.27 0.0000e+00
       7069    311.000     7.6856     7.6852   3.611458   3.613294     1.9751      88.21     0.0196 5.1259e-02 1.9438e+00    294.486 290.980168    5.29880    35.0606    35.0808    27.3685    1486.47    1488.27 0.0000e+00
       7090    312.000     7.6855     7.6850   3.611483   3.613327     1.9741      86.28     0.0213 5.1266e-02 1.9438e+00    295.369 290.980178    5.30129    35.0605    35.0809    27.3685    1486.48    1488.26 0.0000e+00
       7111    313.000     7.6857     7.6851   3.611549   3.613386     1.9735      98.73     0.0237 5.1273e-02 -9.990e-29    296.253 290.980188    5.30069    35.0605    35.0810    27.3685    1486.50    1488.26 0.0000e+00
       7132    314.000     7.6855     7.6850   3.611579   3.613409     1.9734      98.55     0.0213 5.1266e-02 -9.990e-29    297.134 290.980198    5.29868    35.0605    35.0808    27.3685    1486.52    1488.25 0.0000e+00
       7153    315.000     7.6848     7.6844   3.611562   3.613418     1.9722      71.12     0.0208 5.1245e-02 -9.990e-29    298.014 290.980208    5.30315    35.0606    35.0810    27.3687    1486.53    1488.25 0.0000e+00
       7174    316.000     7.6848     7.6844   3.611599   3.613448     1.9734      99.15     0.0211 5.1273e-02 -9.990e-29    298.889 290.980219    5.30836    35.0605    35.0809    27.3686    1486.55    1488.24 0.0000e+00
       7195    317.000     7.6844     7.6841   3.611611   3.613474     1.9721      72.96     0.0192 5.1259e-02 -9.990e-29    299.771 290.980229    5.29292    35.0605    35.0810    27.3687    1486.56    1488.23 0.0000e+00
       7217    318.000     7.6844     7.6841   3.611667   3.613513     1.9718      94.68     0.0217 5.1253e-02 -9.990e-29    300.650 290.980239    5.29712    35.0606    35.0809    27.3688    1486.58    1488.23 0.0000e+00
       7238    319.000     7.6845     7.6840   3.611719   3.613548     1.9709      98.75     0.0186 5.1273e-02 -9.990e-29    301.534 290.980249    5.29451    35.0606    35.0809    27.3687    1486.59    1488.22 0.0000e+00
       7259    320.000     7.6844     7.6842   3.611753   3.613616     1.9706      88.09     0.0182 5.1266e-02 -9.990e-29    302.417 290.980259    5.29367    35.0606    35.0809    27.3687    1486.61    1488.22 0.0000e+00
       7280    321.000     7.6845     7.6841   3.611813   3.613660     1.9700      78.34     0.0174 5.1273e-02 -9.990e-29    303.291 290.980270    5.29831    35.0607    35.0810    27.3688    1486.63    1488.21 0.0000e+00
       7301    322.000     7.6848     7.6845   3.611881   3.613725     1.9701      98.89     0.0189 5.1273e-02 1.9438e+00    304.171 290.980280    5.29605    35.0606    35.0808    27.3687    1486.64    1488.21 0.0000e+00
       7322    323.000     7.6850     7.6846   3.611944   3.613787     1.9697      98.80     0.0219 5.1273e-02 1.9438e+00    305.047 290.980290    5.29101    35.0606    35.0809    27.3687    1486.66    1488.20 0.0000e+00
       7343    324.000     7.6851     7.6848   3.612004   3.613836     1.9686      66.26     0.0237 5.1266e-02 1.9438e+00    305.921 290.980300    5.29865    35.0607    35.0808    27.3687    1486.68    1488.20 0.0000e+00
       7364    325.000     7.6852     7.6849   3.612055   3.613900     1.9705      99.25     0.0230 5.1266e-02 1.9438e+00    306.801 290.980310    5.32008    35.0606    35.0809    27.3687    1486.70    1488.20 0.0000e+00
       7385    326.000     7.6857     7.6853   3.612133   3.613981     1.9716      98.80     0.0226 5.1273e-02 1.9438e+00    307.679 290.980320    5.31947    35.0605    35.0809    27.3685    1486.71    1488.19 0.0000e+00
       7407    327.000     7.6859     7.6856   3.612209   3.614057     1.9725      79.47     0.0211 5.1273e-02 1.9438e+00    308.565 290.980331    5.31495    35.0606    35.0809    27.3685    1486.73    1488.19 0.0000e+00
       7428    328.000     7.6861     7.6859   3.612286   3.614140     1.9728      85.19     0.0197 5.1259e-02 -9.990e-29    309.452 290.980341    5.31870    35.0608    35.0810    27.3686    1486.75    1488.18 0.0000e+00
       7449    329.000     7.6866     7.6862   3.612377   3.614245     1.9732      98.71     0.0201 5.1266e-02 -9.990e-29    310.328 290.980351    5.31739    35.0608    35.0814    27.3686    1486.77    1488.18 0.0000e+00
       7470    330.000     7.6867     7.6864   3.612445   3.614298     1.9732      91.75     0.0204 5.1259e-02 -9.990e-29    311.211 290.980361    5.30536    35.0609    35.0812    27.3687    1486.78    1488.17 0.0000e+00
       7491    331.000     7.6868     7.6864   3.612507   3.614358     1.9714      35.35     0.0172 5.1287e-02 1.9438e+00    312.087 290.980371    5.30094    35.0610    35.0814    27.3687    1486.80    1488.17 0.0000e+00
       7512    332.000     7.6864     7.6860   3.612517   3.614367     1.9711      98.76     0.0194 5.1273e-02 1.9438e+00    312.958 290.980381    5.29687    35.0610    35.0814    27.3688    1486.82    1488.17 0.0000e+00
       7533    333.000     7.6862     7.6858   3.612550   3.614390     1.9692      82.28     0.0248 5.1273e-02 1.9438e+00    313.835 290.980392    5.28662    35.0611    35.0814    27.3689    1486.83    1488.16 0.0000e+00
       7554    334.000     7.6859     7.6856   3.612580   3.614428     1.9682      42.90     0.0233 5.1273e-02 1.9438e+00    314.708 290.980402    5.29262    35.0612    35.0815    27.3690    1486.85    1488.16 0.0000e+00
       7575    335.000     7.6859     7.6856   3.612628   3.614473     1.9675      42.20     0.0218 5.1273e-02 1.9438e+00    315.587 290.980412    5.29069    35.0613    35.0815    27.3691    1486.86    1488.15 0.0000e+00
       7596    336.000     7.6858     7.6854   3.612665   3.614512     1.9668      41.25     0.0208 5.1273e-02 1.9438e+00    316.466 290.980422    5.28692    35.0613    35.0817    27.3691    1486.88    1488.15 0.0000e+00
       7617    337.000     7.6858     7.6854   3.612703   3.614556     1.9656      40.47     0.0195 5.1259e-02 -9.990e-29    317.338 290.980432    5.27848    35.0612    35.0816    27.3690    1486.90    1488.15 0.0000e+00
       7638    338.000     7.6859     7.6855   3.612763   3.614608     1.9640      39.50     0.0188 5.1260e-02 -9.990e-29    318.223 290.980442    5.27642    35.0613    35.0816    27.3691    1486.91    1488.14 0.0000e+00
       7660    339.000     7.6860     7.6857   3.612827   3.614676     1.9636      38.60     0.0195 5.1273e-02 -9.990e-29    319.107 290.980453    5.28615    35.0614    35.0817    27.3691    1486.93    1488.14 0.0000e+00
       7681    340.000     7.6860     7.6856   3.612873   3.614716     1.9638      52.62     0.0189 5.1266e-02 -9.990e-29    319.987 290.980463    5.29118    35.0614    35.0817    27.3691    1486.95    1488.14 0.0000e+00
       7702    341.000     7.6853     7.6848   3.612847   3.614691     1.9639      61.79     0.0185 5.1266e-02 1.9438e+00    320.871 290.980473    5.28658    35.0613    35.0818    27.3692    1486.96    1488.13 0.0000e+00
       7723    342.000     7.6851     7.6847   3.612873   3.614724     1.9635      35.14     0.0208 5.1273e-02 1.9438e+00    321.745 290.980483    5.28794    35.0613    35.0817    27.3692    1486.98    1488.13 0.0000e+00
       7744    343.000     7.6850     7.6846   3.612905   3.614765     1.9637      34.66     0.0243 5.1273e-02 1.9438e+00    322.616 290.980493    5.29980    35.0613    35.0818    27.3692    1486.99    1488.13 0.0000e+00
       7765    344.000     7.6846     7.6842   3.612929   3.614764     1.9652      59.68     0.0241 5.1294e-02 1.9438e+00    323.494 290.980503    5.29828    35.0615    35.0817    27.3694    1487.01    1488.12 0.0000e+00
       7786    345.000     7.6845     7.6842   3.612958   3.614811     1.9644      63.12     0.0234 5.1280e-02 1.9438e+00    324.369 290.980514    5.28782    35.0614    35.0817    27.3694    1487.02    1488.12 0.0000e+00
       7807    346.000     7.6841     7.6838   3.612974   3.614821     1.9634      76.19     0.0221 5.1273e-02 1.9438e+00    325.256 290.980524    5.27456    35.0615    35.0818    27.3695    1487.04    1488.12 0.0000e+00
       7828    347.000     7.6841     7.6838   3.613010   3.614866     1.9616      29.19     0.0215 5.1280e-02 1.9438e+00    326.138 290.980534    5.27509    35.0614    35.0818    27.3694    1487.05    1488.11 0.0000e+00
       7850    348.000     7.6836     7.6834   3.613012   3.614867     1.9616      59.01     0.0200 5.1273e-02 1.9438e+00    327.021 290.980544    5.28691    35.0614    35.0817    27.3695    1487.07    1488.11 0.0000e+00
       7871    349.000     7.6829     7.6826   3.612999   3.614846     1.9614      30.80     0.0228 5.1273e-02 1.9438e+00    327.897 290.980554    5.28929    35.0615    35.0818    27.3697    1487.08    1488.11 0.0000e+00
       7892    350.000     7.6824     7.6821   3.613023   3.614881     1.9625      26.93     0.0226 5.1273e-02 1.9438e+00    328.772 290.980565    5.30657    35.0618    35.0822    27.3700    1487.10    1488.10 0.0000e+00
       7913    351.000     7.6824     7.6820   3.613068   3.614911     1.9643      26.44     0.0233 5.1280e-02 -9.990e-29    329.650 290.980575    5.31442    35.0618    35.0821    27.3700    1487.11    1488.10 0.0000e+00
       7934    352.000     7.6825     7.6821   3.613126   3.614973     1.9655      25.54     0.0225 5.1287e-02 -9.990e-29    330.534 290.980585    5.31371    35.0618    35.0822    27.3700    1487.13    1488.10 0.0000e+00
       7955    353.000     7.6825     7.6822   3.613176   3.615026     1.9662      24.62     0.0213 5.1273e-02 -9.990e-29    331.408 290.980595    5.30897    35.0619    35.0822    27.3700    1487.15    1488.10 0.0000e+00
       7976    354.000     7.6826     7.6823   3.613227   3.615075     1.9661      23.51     0.0218 5.1287e-02 -9.990e-29    332.285 290.980605    5.30347    35.0619    35.0821    27.3700    1487.16    1488.09 0.0000e+00
       7997    355.000     7.6826     7.6824   3.613272   3.615124     1.9654      22.45     0.0214 5.1260e-02 1.9438e+00    333.160 290.980615    5.29834    35.0619    35.0821    27.3700    1487.18    1488.09 0.0000e+00
       8018    356.000     7.6827     7.6823   3.613327   3.615175     1.9650      21.19     0.0229 5.1280e-02 1.9438e+00    334.041 290.980625    5.29606    35.0619    35.0822    27.3700    1487.20    1488.09 0.0000e+00
       8039    357.000     7.6822     7.6819   3.613334   3.615180     1.9638      20.43     0.0237 5.1280e-02 1.9438e+00    334.928 290.980636    5.29281    35.0620    35.0822    27.3701    1487.21    1488.09 0.0000e+00
       8060    358.000     7.6822     7.6819   3.613382   3.615229     1.9637      19.44     0.0262 5.1280e-02 1.9438e+00    335.808 290.980646    5.29818    35.0620    35.0823    27.3702    1487.23    1488.08 0.0000e+00
       8081    359.000     7.6822     7.6819   3.613424   3.615270     1.9631      18.04     0.0259 5.1280e-02 1.9438e+00    336.687 290.980656    5.29130    35.0620    35.0822    27.3701    1487.25    1488.08 0.0000e+00
       8126    360.000     7.6824     7.6821   3.613489   3.615335     1.9621      16.57     0.0244 5.1324e-02 1.9438e+00    338.531 290.980678    5.29281    35.0620    35.0822    27.3701    1487.26    1488.08 0.0000e+00
