testdata/CTD/sta0413.cnv
* Sea-Bird SBE 9 Data File:
* FileName = C:\Seabird\CTDData\sta0413.hex
* Software Version Seasave V 7.21f
* Temperature SN = 4557
* Conductivity SN = 1337
* Number of Bytes Per Scan = 40
* Number of Voltage Words = 5
* Number of Scans Averaged by the Deck Unit = 1
* NMEA Latitude = 60 52.29 N
* NMEA Longitude = 005 24.72 E
* NMEA UTC (Time) = Oct 15 2018 12:06:07
* NMEA baud rate = 4800
** Ship: 10 F/F "G. O. Sars"
** Station: 0413
** Echodepth: 479
** Log: 5390.009
** Wind-Dir Force: 24 02
** Air-temp (dry): 7.9
** Weather Sky: 0 0
** Sea Ice: 0 0
# nquan = 20                                
# nvalues = 470                         
# units = specified
# name 0 = scan: Scan Count
# name 1 = prDM: Pressure, Digiquartz [db]
# name 2 = t068C: Temperature [ITS-68, deg C]
# name 3 = t168C: Temperature, 2 [ITS-68, deg C]
# name 4 = c0S/m: Conductivity [S/m]
# name 5 = c1S/m: Conductivity, 2 [S/m]
# name 6 = sbeox0V: Oxygen raw, SBE 43 [V]
# name 7 = altM: Altimeter [m]
# name 8 = flC: Fluorescence, Chelsea Aqua 3 Chl Con [ug/l]
# name 9 = par: PAR/Irradiance, Biospherical/Licor
# name 10 = spar: SPAR/Surface Irradiance
# name 11 = timeS: Time, Elapsed [seconds]
# name 12 = timeJ: Julian Days
# name 13 = sbeox0ML/L: Oxygen, SBE 43 [ml/l], WS = 2
# name 14 = sal00: Salinity, Practical [PSU]
# name 15 = sal11: Salinity, Practical, 2 [PSU]
# name 16 = sigma-t00: Density [sigma-t, Kg/m^3 ]
# name 17 = svCM: Sound Velocity [Chen-Millero, m/s]
# name 18 = avgsvCM: Average Sound Velocity [Chen-Millero, m/s], minP = 1, minS = 5
# name 19 = flag: flag
# span 0 =        378,      10481       
# span 1 =      3.000,    472.000       
# span 2 =     8.0879,    15.7463       
# span 3 =     8.0875,    15.7434       
# span 4 =   3.404521,   3.990286       
# span 5 =   3.459399,   3.993314       
# span 6 =     0.8752,     2.1549       
# span 7 =      11.10,      99.51       
# span 8 =     0.0214,     0.1342       
# span 9 = 5.1232e-02, 9.0815e+01       
# span 10 = 3.0323e+02, 7.1337e+02      
# span 11 =     15.725,    436.670      
# span 12 = 288.504464, 288.509336      
# span 13 =    1.30236,    5.40195      
# span 14 =    27.5098,    35.0231      
# span 15 =    27.9915,    35.0472      
# span 16 =    20.3399,    27.2610      
# span 17 =    1485.02,    1505.31      
# span 18 =    1488.98,    1502.16      
# span 19 = 0.0000e+00, 0.0000e+00      
# interval = decibars: 1                
# start_time = Oct 15 2018 12:06:10 [System UTC, header]
# bad_flag = -9.990e-29
*END*
[from data line 290]
       6613    293.000     8.0990     8.0987   3.640672   3.642866     1.6081      98.65     0.0249 5.1273e-02 4.0903e+02    275.508 288.507471    3.89574    34.9700    34.9938    27.2357    1487.62    1489.12 0.0000e+00
       6635    294.000     8.0988     8.0985   3.640734   3.642929     1.6054      98.65     0.0247 5.1273e-02 4.0473e+02    276.407 288.507482    3.89388    34.9704    34.9942    27.2360    1487.64    1489.12 0.0000e+00
       6656    295.000     8.0989     8.0986   3.640787   3.642989     1.6038      98.65     0.0278 5.1273e-02 4.0012e+02    277.303 288.507492    3.89287    34.9704    34.9942    27.2360    1487.65    1489.11 0.0000e+00
       6678    296.000     8.0991     8.0989   3.640871   3.643071     1.6019      98.64     0.0283 5.1273e-02 3.9683e+02    278.202 288.507502    3.88751    34.9706    34.9943    27.2361    1487.67    1489.11 0.0000e+00
       6699    297.000     8.0995     8.0993   3.640967   3.643162     1.6006      98.70     0.0300 5.1273e-02 3.9279e+02    279.093 288.507513    3.88729    34.9707    34.9944    27.2362    1487.69    1489.10 0.0000e+00
       6721    298.000     8.0998     8.0997   3.641072   3.643268     1.5997      98.73     0.0289 5.1273e-02 3.8818e+02    279.988 288.507523    3.89202    34.9711    34.9947    27.2364    1487.71    1489.10 0.0000e+00
       6742    299.000     8.1005     8.1003   3.641224   3.643427     1.5996      98.74     0.0267 5.1273e-02 3.8408e+02    280.886 288.507533    3.88950    34.9715    34.9953    27.2367    1487.73    1489.09 0.0000e+00
       6764    300.000     8.1015     8.1012   3.641405   3.643609     1.5982      98.75     0.0276 5.1273e-02 3.8488e+02    281.778 288.507544    3.87163    34.9720    34.9959    27.2369    1487.75    1489.09 0.0000e+00
       6785    301.000     8.1023     8.1022   3.641593   3.643796     1.5958      98.75     0.0288 5.1259e-02 3.8440e+02    282.673 288.507554    3.85775    34.9727    34.9964    27.2373    1487.77    1489.08 0.0000e+00
       6807    302.000     8.1032     8.1030   3.641761   3.643978     1.5930      98.75     0.0290 5.1273e-02 3.8292e+02    283.567 288.507564    3.84101    34.9732    34.9971    27.2375    1487.79    1489.08 0.0000e+00
       6828    303.000     8.1041     8.1039   3.641927   3.644134     1.5894      98.75     0.0278 5.1260e-02 3.8162e+02    284.464 288.507575    3.82532    34.9736    34.9974    27.2377    1487.81    1489.07 0.0000e+00
       6850    304.000     8.1064     8.1063   3.642295   3.644505     1.5856      98.75     0.0277 5.1280e-02 3.7915e+02    285.367 288.507585    3.80527    34.9747    34.9985    27.2383    1487.84    1489.07 0.0000e+00
       6871    305.000     8.1090     8.1089   3.642658   3.644869     1.5811      98.75     0.0276 5.1273e-02 3.7635e+02    286.249 288.507595    3.78051    34.9755    34.9993    27.2385    1487.86    1489.07 0.0000e+00
       6892    306.000     8.1106     8.1104   3.642934   3.645150     1.5757      98.75     0.0306 5.1273e-02 3.7393e+02    287.129 288.507606    3.75921    34.9764    35.0003    27.2390    1487.89    1489.06 0.0000e+00
       6913    307.000     8.1116     8.1114   3.643144   3.645358     1.5706      98.75     0.0288 5.1273e-02 3.7054e+02    288.011 288.507616    3.73552    34.9772    35.0011    27.2394    1487.91    1489.06 0.0000e+00
       6934    308.000     8.1134     8.1133   3.643480   3.645687     1.5641      98.75     0.0283 5.1259e-02 3.6660e+02    288.891 288.507626    3.69666    34.9785    35.0022    27.2402    1487.93    1489.06 0.0000e+00
       6956    309.000     8.1147     8.1145   3.643711   3.645921     1.5559      98.75     0.0295 5.1273e-02 3.6365e+02    289.775 288.507636    3.65129    34.9792    35.0030    27.2405    1487.96    1489.05 0.0000e+00
       6977    310.000     8.1162     8.1160   3.643977   3.646193     1.5464      98.75     0.0270 5.1266e-02 3.6075e+02    290.656 288.507646    3.61280    34.9801    35.0040    27.2410    1487.98    1489.05 0.0000e+00
       6998    311.000     8.1173     8.1172   3.644205   3.646412     1.5373      98.75     0.0294 5.1273e-02 3.5832e+02    291.534 288.507657    3.57656    34.9809    35.0046    27.2415    1488.00    1489.05 0.0000e+00
       7019    312.000     8.1176     8.1174   3.644280   3.646486     1.5271      98.75     0.0319 5.1273e-02 3.5365e+02    292.417 288.507667    3.53572    34.9810    35.0048    27.2415    1488.02    1489.04 0.0000e+00
       7040    313.000     8.1177     8.1176   3.644364   3.646564     1.5171      98.75     0.0328 5.1273e-02 3.5046e+02    293.294 288.507677    3.49912    34.9813    35.0049    27.2417    1488.04    1489.04 0.0000e+00
       7061    314.000     8.1187     8.1184   3.644567   3.646771     1.5066      78.86     0.0300 5.1280e-02 3.4454e+02    294.176 288.507687    3.45766    34.9820    35.0059    27.2421    1488.06    1489.04 0.0000e+00
       7082    315.000     8.1208     8.1206   3.644940   3.647155     1.4964      54.24     0.0310 5.1266e-02 3.3869e+02    295.056 288.507697    3.44399    34.9834    35.0073    27.2429    1488.08    1489.03 0.0000e+00
       7103    316.000     8.1225     8.1223   3.645233   3.647434     1.4895      98.48     0.0328 5.1280e-02 3.3523e+02    295.932 288.507708    3.43420    34.9844    35.0081    27.2434    1488.11    1489.03 0.0000e+00
       7125    317.000     8.1244     8.1242   3.645567   3.647765     1.4828      98.75     0.0326 5.1273e-02 3.3286e+02    296.816 288.507718    3.40773    34.9856    35.0093    27.2441    1488.13    1489.03 0.0000e+00
       7146    318.000     8.1260     8.1257   3.645832   3.648043     1.4751      98.75     0.0343 5.1273e-02 3.2986e+02    297.699 288.507728    3.36616    34.9863    35.0103    27.2444    1488.16    1489.02 0.0000e+00
       7167    319.000     8.1311     8.1309   3.646559   3.648790     1.4659      98.74     0.0325 5.1273e-02 3.2712e+02    298.580 288.507738    3.32073    34.9885    35.0126    27.2454    1488.19    1489.02 0.0000e+00
       7188    320.000     8.1330     8.1327   3.646845   3.649057     1.4557      98.74     0.0322 5.1273e-02 3.2357e+02    299.464 288.507748    3.27746    34.9892    35.0132    27.2456    1488.22    1489.02 0.0000e+00
       7209    321.000     8.1351     8.1351   3.647202   3.649437     1.4452      98.74     0.0351 5.1273e-02 3.2106e+02    300.344 288.507759    3.22943    34.9905    35.0144    27.2463    1488.24    1489.02 0.0000e+00
       7230    322.000     8.1403     8.1400   3.647918   3.650134     1.4329      98.74     0.0359 5.1273e-02 3.1695e+02    301.226 288.507769    3.16209    34.9925    35.0165    27.2471    1488.28    1489.01 0.0000e+00
       7252    323.000     8.1421     8.1420   3.648230   3.650454     1.4183      98.74     0.0337 5.1266e-02 3.1684e+02    302.108 288.507779    3.09816    34.9935    35.0174    27.2476    1488.31    1489.01 0.0000e+00
       7273    324.000     8.1443     8.1442   3.648599   3.650835     1.4036      98.74     0.0316 5.1273e-02 3.1611e+02    302.985 288.507789    3.03548    34.9948    35.0188    27.2483    1488.33    1489.01 0.0000e+00
       7294    325.000     8.1478     8.1477   3.649156   3.651385     1.3869      98.75     0.0332 5.1273e-02 3.1490e+02    303.870 288.507799    2.95689    34.9968    35.0207    27.2493    1488.37    1489.01 0.0000e+00
       7315    326.000     8.1483     8.1480   3.649259   3.651475     1.3689      98.74     0.0341 5.1273e-02 3.1489e+02    304.750 288.507810    2.88624    34.9969    35.0209    27.2494    1488.38    1489.01 0.0000e+00
       7336    327.000     8.1489     8.1486   3.649404   3.651604     1.3511      98.74     0.0362 5.1273e-02 3.1387e+02    305.627 288.507820    2.82061    34.9974    35.0212    27.2496    1488.40    1489.00 0.0000e+00
       7357    328.000     8.1514     8.1513   3.649807   3.652034     1.3326      98.73     0.0343 5.1259e-02 3.1294e+02    306.509 288.507830    2.75407    34.9987    35.0226    27.2503    1488.43    1489.00 0.0000e+00
       7378    329.000     8.1544     8.1543   3.650261   3.652495     1.3152      98.73     0.0334 5.1273e-02 3.1295e+02    307.381 288.507840    2.70869    35.0001    35.0241    27.2510    1488.46    1489.00 0.0000e+00
       7399    330.000     8.1556     8.1553   3.650477   3.652688     1.3001      98.73     0.0359 5.1273e-02 3.1295e+02    308.257 288.507850    2.67500    35.0008    35.0247    27.2513    1488.48    1489.00 0.0000e+00
       7420    331.000     8.1565     8.1562   3.650630   3.652851     1.2863      98.73     0.0352 5.1273e-02 3.1295e+02    309.138 288.507860    2.62726    35.0010    35.0250    27.2513    1488.50    1489.00 0.0000e+00
       7441    332.000     8.1569     8.1567   3.650733   3.652954     1.2716      98.72     0.0373 5.1273e-02 3.1216e+02    310.017 288.507871    2.56491    35.0012    35.0252    27.2515    1488.52    1489.00 0.0000e+00
       7463    333.000     8.1579     8.1577   3.650929   3.653138     1.2562      98.70     0.0368 5.1273e-02 3.1016e+02    310.900 288.507881    2.51455    35.0019    35.0257    27.2518    1488.54    1488.99 0.0000e+00
       7484    334.000     8.1585     8.1583   3.651041   3.653255     1.2424      98.70     0.0350 5.1273e-02 3.1078e+02    311.783 288.507891    2.48117    35.0020    35.0258    27.2518    1488.56    1488.99 0.0000e+00
       7505    335.000     8.1588     8.1586   3.651133   3.653352     1.2301      98.69     0.0372 5.1273e-02 3.1101e+02    312.658 288.507901    2.45483    35.0022    35.0261    27.2519    1488.58    1488.99 0.0000e+00
       7526    336.000     8.1594     8.1591   3.651243   3.653467     1.2199      98.68     0.0367 5.1273e-02 3.0952e+02    313.541 288.507911    2.43572    35.0023    35.0264    27.2519    1488.60    1488.99 0.0000e+00
       7547    337.000     8.1605     8.1602   3.651450   3.653662     1.2109      98.68     0.0352 5.1259e-02 3.0906e+02    314.423 288.507922    2.41578    35.0029    35.0269    27.2522    1488.62    1488.99 0.0000e+00
       7568    338.000     8.1612     8.1610   3.651598   3.653821     1.2031      98.65     0.0365 5.1273e-02 3.0878e+02    315.301 288.507932    2.39730    35.0033    35.0273    27.2524    1488.64    1488.99 0.0000e+00
       7589    339.000     8.1617     8.1615   3.651698   3.653932     1.1960      98.63     0.0346 5.1259e-02 3.0709e+02    316.183 288.507942    2.37699    35.0034    35.0275    27.2524    1488.66    1488.99 0.0000e+00
       7610    340.000     8.1620     8.1618   3.651792   3.654000     1.1894      98.59     0.0345 5.1273e-02 3.0712e+02    317.053 288.507952    2.35872    35.0037    35.0274    27.2526    1488.67    1488.99 0.0000e+00
       7631    341.000     8.1623     8.1621   3.651864   3.654083     1.1832      98.57     0.0390 5.1273e-02 3.0712e+02    317.929 288.507962    2.34176    35.0037    35.0276    27.2525    1488.69    1488.99 0.0000e+00
       7652    342.000     8.1629     8.1627   3.651987   3.654218     1.1776      98.57     0.0360 5.1273e-02 3.0711e+02    318.808 288.507972    2.32581    35.0039    35.0279    27.2526    1488.71    1488.99 0.0000e+00
       7673    343.000     8.1646     8.1644   3.652306   3.654535     1.1722      98.57     0.0306 5.1266e-02 3.0628e+02    319.682 288.507982    2.31345    35.0051    35.0291    27.2533    1488.74    1488.98 0.0000e+00
       7694    344.000     8.1668     8.1665   3.652682   3.654890     1.1680      98.60     0.0302 5.1280e-02 3.0486e+02    320.562 288.507993    2.30197    35.0065    35.0304    27.2541    1488.76    1488.98 0.0000e+00
       7715    345.000     8.1674     8.1672   3.652823   3.655033     1.1634      98.57     0.0334 5.1273e-02 3.0560e+02    321.435 288.508003    2.28607    35.0069    35.0307    27.2543    1488.78    1488.98 0.0000e+00
       7737    346.000     8.1676     8.1673   3.652875   3.655093     1.1589      98.57     0.0362 5.1280e-02 3.0695e+02    322.316 288.508013    2.25595    35.0068    35.0308    27.2542    1488.80    1488.98 0.0000e+00
       7758    347.000     8.1679     8.1676   3.652954   3.655187     1.1517      98.57     0.0373 5.1273e-02 3.0712e+02    323.202 288.508023    2.20864    35.0069    35.0310    27.2542    1488.82    1488.98 0.0000e+00
       7779    348.000     8.1688     8.1686   3.653140   3.655360     1.1434      98.55     0.0370 5.1273e-02 3.0712e+02    324.076 288.508033    2.17517    35.0075    35.0314    27.2545    1488.84    1488.98 0.0000e+00
       7800    349.000     8.1698     8.1697   3.653330   3.655558     1.1354      98.68     0.0362 5.1273e-02 3.0712e+02    324.955 288.508043    2.15620    35.0080    35.0319    27.2548    1488.86    1488.98 0.0000e+00
       7821    350.000     8.1702     8.1700   3.653430   3.655642     1.1289      89.60     0.0355 5.1266e-02 3.0712e+02    325.833 288.508054    2.14093    35.0082    35.0320    27.2549    1488.88    1488.98 0.0000e+00
       7842    351.000     8.1709     8.1708   3.653581   3.655801     1.1224      34.27     0.0347 5.1301e-02 3.0712e+02    326.713 288.508064    2.12289    35.0087    35.0325    27.2551    1488.90    1488.98 0.0000e+00
       7863    352.000     8.1718     8.1716   3.653738   3.655958     1.1169      99.51     0.0371 5.1273e-02 3.0712e+02    327.596 288.508074    2.10519    35.0090    35.0329    27.2552    1488.92    1488.98 0.0000e+00
       7884    353.000     8.1725     8.1723   3.653884   3.656113     1.1109      98.65     0.0374 5.1273e-02 3.0712e+02    328.475 288.508084    2.08396    35.0093    35.0333    27.2554    1488.94    1488.98 0.0000e+00
       7905    354.000     8.1730     8.1728   3.654005   3.656235     1.1055      98.65     0.0370 5.1273e-02 3.0632e+02    329.351 288.508094    2.06923    35.0097    35.0337    27.2556    1488.95    1488.98 0.0000e+00
       7927    355.000     8.1734     8.1732   3.654097   3.656307     1.1003      98.65     0.0370 5.1273e-02 3.0519e+02    330.234 288.508105    2.05228    35.0098    35.0336    27.2556    1488.97    1488.98 0.0000e+00
       7947    356.000     8.1743     8.1740   3.654266   3.656485     1.0952      98.60     0.0370 5.1273e-02 3.0440e+02    331.104 288.508115    2.03543    35.0102    35.0342    27.2558    1488.99    1488.98 0.0000e+00
       7969    357.000     8.1754     8.1752   3.654482   3.656708     1.0904      98.62     0.0353 5.1273e-02 3.0484e+02    331.981 288.508125    2.02045    35.0109    35.0349    27.2562    1489.01    1488.98 0.0000e+00
       7990    358.000     8.1760     8.1758   3.654598   3.656821     1.0857      98.63     0.0344 5.1273e-02 3.0517e+02    332.863 288.508135    2.00608    35.0111    35.0350    27.2563    1489.03    1488.98 0.0000e+00
       8011    359.000     8.1763     8.1761   3.654691   3.656905     1.0813      98.63     0.0346 5.1273e-02 3.0517e+02    333.741 288.508145    1.98789    35.0113    35.0352    27.2564    1489.05    1488.98 0.0000e+00
       8032    360.000     8.1766     8.1764   3.654772   3.656980     1.0762      98.62     0.0382 5.1273e-02 3.0554e+02    334.619 288.508155    1.96510    35.0114    35.0352    27.2564    1489.07    1488.98 0.0000e+00
       8053    361.000     8.1768     8.1766   3.654838   3.657058     1.0709      98.62     0.0400 5.1273e-02 3.0712e+02    335.497 288.508165    1.94395    35.0114    35.0353    27.2564    1489.09    1488.98 0.0000e+00
       8074    362.000     8.1770     8.1768   3.654904   3.657127     1.0655      98.60     0.0401 5.1273e-02 3.0749e+02    336.380 288.508176    1.93222    35.0115    35.0354    27.2564    1489.10    1488.98 0.0000e+00
       8095    363.000     8.1771     8.1769   3.654967   3.657186     1.0614      98.51     0.0392 5.1273e-02 3.0908e+02    337.260 288.508186    1.92414    35.0116    35.0354    27.2565    1489.12    1488.98 0.0000e+00
