testdata/CTD/sta0417.cnv
* Sea-Bird SBE 9 Data File:
* FileName = C:\Seabird\CTDData\sta0417.hex
* Software Version Seasave V 7.21f
* Temperature SN = 4557
* Conductivity SN = 1337
* Number of Bytes Per Scan = 40
* Number of Voltage Words = 5
* Number of Scans Averaged by the Deck Unit = 1
* NMEA Latitude = 61 29.40 N
* NMEA Longitude = 005 14.36 E
* NMEA UTC (Time) = Oct 17 2018 01:25:14
* NMEA baud rate = 4800
** Ship: 10 F/F "G. O. Sars"
** Station: 0417
** Echodepth: 373
** Log: 5567.089
** Wind-Dir Force: 17 21
** Air-temp (dry): 13.4
** Weather Sky: 0 0
** Sea Ice: 0 0
# nquan = 20                                
# nvalues = 358                         
# units = specified
# name 0 = scan: Scan Count
# name 1 = prDM: Pressure, Digiquartz [db]
# name 2 = t068C: Temperature [ITS-68, deg C]
# name 3 = t168C: Temperature, 2 [ITS-68, deg C]
# name 4 = c0S/m: Conductivity [S/m]
# name 5 = c1S/m: Conductivity, 2 [S/m]
# name 6 = sbeox0V: Oxygen raw, SBE 43 [V]
# name 7 = altM: Altimeter [m]
# name 8 = flC: Fluorescence, Chelsea Aqua 3 Chl Con [ug/l]
# name 9 = par: PAR/Irradiance, Biospherical/Licor
# name 10 = spar: SPAR/Surface Irradiance
# name 11 = timeS: Time, Elapsed [seconds]
# name 12 = timeJ: Julian Days
# name 13 = sbeox0ML/L: Oxygen, SBE 43 [ml/l], WS = 2
# name 14 = sal00: Salinity, Practical [PSU]
# name 15 = sal11: Salinity, Practical, 2 [PSU]
# name 16 = sigma-t00: Density [sigma-t, Kg/m^3 ]
# name 17 = svCM: Sound Velocity [Chen-Millero, m/s]
# name 18 = avgsvCM: Average Sound Velocity [Chen-Millero, m/s], minP = 1, minS = 5
# name 19 = flag: flag
# span 0 =        518,       8303       
# span 1 =      3.000,    360.000       
# span 2 =     7.6866,    12.9591       
# span 3 =     7.6862,    12.9593       
# span 4 =   2.953689,   3.885169       
# span 5 =   2.956217,   3.887343       
# span 6 =     1.8688,     2.2679       
# span 7 =      18.68,     100.08       
# span 8 =     0.0156,     0.2022       
# span 9 = 5.1227e-02, 7.6504e-01       
# span 10 = 1.9438e+00, 1.9438e+00      
# span 11 =     21.527,    345.912      
# span 12 = 290.059474, 290.063228      
# span 13 =    4.68052,    5.91820      
# span 14 =    25.0791,    35.0620      
# span 15 =    25.1024,    35.0829      
# span 16 =    18.9171,    27.3695      
# span 17 =    1484.28,    1498.52      
# span 18 =    1484.65,    1495.16      
# span 19 = 0.0000e+00, 0.0000e+00      
# interval = decibars: 1                
# start_time = Oct 17 2018 01:25:17 [System UTC, header]
# bad_flag = -9.990e-29
*END*
        518      3.000    11.8912    11.8918   2.953689   2.956217     2.2622      19.61     0.1929 7.6504e-01 1.9438e+00     21.527 290.059474    5.91820    25.0791    25.1024    18.9171    1484.65    1484.65 0.0000e+00
        546      4.000    11.9963    12.0046   3.012884   3.022340     2.2643     100.08     0.1913 4.0524e-01 -9.990e-29     22.709 290.059487    5.88843    25.5617    25.6445    19.2726    1485.61    1484.89 0.0000e+00
        567      5.000    12.1309    12.1340   3.105558   3.111702     2.2645      87.95     0.1954 2.7725e-01 -9.990e-29     23.569 290.059497    5.84477    26.3357    26.3911    19.8483    1487.02    1485.32 0.0000e+00
        588      6.000    12.1427    12.1426   3.134682   3.139455     2.2664      98.48     0.1991 1.6897e-01 -9.990e-29     24.473 290.059508    5.84601    26.5999    26.6448    20.0507    1487.39    1485.66 0.0000e+00
        610      7.000    12.2287    12.2328   3.224503   3.234589     2.2679      98.60     0.2022 1.2667e-01 1.9438e+00     25.394 290.059518    5.79001    27.3804    27.4722    20.6395    1488.64    1486.09 0.0000e+00
        632      8.000    12.4673    12.4671   3.375659   3.379907     2.2632      85.37     0.1998 7.9721e-02 1.9438e+00     26.312 290.059529    5.68164    28.6219    28.6619    21.5571    1490.95    1486.69 0.0000e+00
        654      9.000    12.5804    12.5830   3.441355   3.446435     2.2612      94.34     0.1798 6.4618e-02 1.9438e+00     27.214 290.059539    5.67173    29.1518    29.1975    21.9463    1491.98    1487.28 0.0000e+00
        675     10.000    12.5700    12.5684   3.503432   3.507761     2.2626      98.70     0.1605 5.1397e-02 1.9438e+00     28.087 290.059550    5.65991    29.7434    29.7854    22.4061    1492.67    1487.82 0.0000e+00
        696     11.000    12.5728    12.5718   3.563758   3.566727     2.2622      97.10     0.1479 5.1276e-02 1.9438e+00     28.945 290.059560    5.62055    30.3097    30.3385    22.8439    1493.36    1488.32 0.0000e+00
        717     12.000    12.4841    12.4842   3.589778   3.592045     2.2583      89.68     0.1352 5.1234e-02 1.9438e+00     29.853 290.059570    5.59053    30.6272    30.6486    23.1064    1493.45    1488.75 0.0000e+00
        740     13.000    12.5975    12.6141   3.615015   3.620345     2.2525      98.76     0.1228 5.1267e-02 1.9438e+00     30.801 290.059581    5.55609    30.7733    30.8101    23.1981    1494.03    1489.15 0.0000e+00
        762     14.000    12.6606    12.6588   3.626658   3.628770     2.2501      98.48     0.1095 5.1273e-02 1.9438e+00     31.719 290.059592    5.57019    30.8313    30.8528    23.2312    1494.33    1489.52 0.0000e+00
        784     15.000    12.8807    12.8863   3.660686   3.665113     2.2518      84.39     0.1012 5.1239e-02 1.9438e+00     32.618 290.059602    5.55264    30.9716    31.0087    23.2978    1495.26    1489.90 0.0000e+00
        806     16.000    12.8514    12.8641   3.673876   3.677127     2.2527      95.32     0.0885 5.1266e-02 1.9438e+00     33.522 290.059613    5.55211    31.1194    31.1395    23.4177    1495.35    1490.24 0.0000e+00
        828     17.000    12.6466    12.6396   3.670684   3.670988     2.2531      83.75     0.0827 5.1247e-02 -9.990e-29     34.446 290.059623    5.53600    31.2580    31.2667    23.5641    1494.84    1490.51 0.0000e+00
        850     18.000    12.5048    12.5045   3.673127   3.675307     2.2426      94.73     0.0831 5.1267e-02 -9.990e-29     35.363 290.059634    5.45493    31.3988    31.4197    23.7000    1494.54    1490.73 0.0000e+00
        871     19.000    12.5174    12.5171   3.692076   3.694420     2.2275      95.71     0.0806 5.1273e-02 -9.990e-29     36.248 290.059644    5.40859    31.5679    31.5905    23.8287    1494.80    1490.95 0.0000e+00
        893     20.000    12.5891    12.5889   3.711584   3.714005     2.2190      91.18     0.0760 5.1253e-02 1.9438e+00     37.156 290.059655    5.43122    31.6927    31.7158    23.9117    1495.21    1491.16 0.0000e+00
        915     21.000    12.6585    12.6580   3.724971   3.727017     2.2214      91.47     0.0741 5.1261e-02 1.9438e+00     38.087 290.059665    5.47965    31.7609    31.7807    23.9513    1495.54    1491.37 0.0000e+00
        937     22.000    12.7252    12.7255   3.738685   3.741164     2.2270      98.71     0.0718 5.1273e-02 1.9438e+00     38.993 290.059676    5.48925    31.8343    31.8575    23.9953    1495.87    1491.57 0.0000e+00
        958     23.000    12.7425    12.7428   3.747219   3.749294     2.2303      98.76     0.0670 5.1273e-02 1.9438e+00     39.858 290.059686    5.47757    31.9001    31.9195    24.0430    1496.02    1491.76 0.0000e+00
        978     24.000    12.7315    12.7315   3.749003   3.751126     2.2305      98.77     0.0644 5.1273e-02 1.9438e+00     40.706 290.059696    5.45205    31.9259    31.9460    24.0651    1496.03    1491.94 0.0000e+00
        999     25.000    12.7215    12.7213   3.751037   3.753083     2.2258      98.76     0.0656 5.1280e-02 1.9438e+00     41.596 290.059706    5.41826    31.9532    31.9728    24.0882    1496.05    1492.11 0.0000e+00
       1022     26.000    12.7313    12.7311   3.755768   3.757802     2.2203      98.76     0.0652 5.1273e-02 -9.990e-29     42.525 290.059717    5.40213    31.9894    32.0088    24.1143    1496.14    1492.26 0.0000e+00
       1044     27.000    12.6548    12.6542   3.751337   3.753220     2.2162      98.77     0.0629 5.1266e-02 -9.990e-29     43.454 290.059727    5.40907    32.0118    32.0302    24.1464    1495.93    1492.40 0.0000e+00
       1066     28.000    12.6114    12.6130   3.747789   3.749869     2.2138      91.26     0.0629 5.1246e-02 -9.990e-29     44.369 290.059738    5.40803    32.0146    32.0330    24.1568    1495.80    1492.52 0.0000e+00
       1087     29.000    12.6096    12.6090   3.748305   3.750243     2.2108      96.99     0.0631 5.1273e-02 -9.990e-29     45.252 290.059748    5.40765    32.0206    32.0396    24.1618    1495.82    1492.63 0.0000e+00
       1108     30.000    12.6923    12.6953   3.760653   3.763598     2.2107      98.77     0.0596 5.1273e-02 1.9438e+00     46.125 290.059758    5.41971    32.0672    32.0926    24.1820    1496.17    1492.75 0.0000e+00
       1129     31.000    12.8119    12.8126   3.778438   3.780852     2.2141      95.19     0.0585 5.1273e-02 1.9438e+00     47.018 290.059769    5.43607    32.1337    32.1559    24.2104    1496.67    1492.87 0.0000e+00
       1151     32.000    12.7902    12.7888   3.778898   3.780820     2.2210      89.68     0.0587 5.1247e-02 1.9438e+00     47.926 290.059779    5.46550    32.1561    32.1755    24.2320    1496.64    1492.99 0.0000e+00
       1174     33.000    12.7933    12.7939   3.784288   3.786613     2.2240      98.82     0.0574 5.1273e-02 1.9438e+00     48.859 290.059790    5.41858    32.2041    32.2256    24.2686    1496.72    1493.10 0.0000e+00
       1196     34.000    12.7786    12.7782   3.785884   3.788048     2.2166      98.78     0.0551 5.1273e-02 1.9438e+00     49.772 290.059801    5.36539    32.2314    32.2522    24.2925    1496.72    1493.21 0.0000e+00
       1216     35.000    12.7652    12.7637   3.789201   3.791105     2.2104      90.53     0.0580 5.1266e-02 -9.990e-29     50.643 290.059811    5.36186    32.2739    32.2932    24.3280    1496.74    1493.31 0.0000e+00
       1237     36.000    12.7252    12.7264   3.790692   3.793153     2.2070      98.84     0.0569 5.1273e-02 -9.990e-29     51.507 290.059821    5.36284    32.3218    32.3442    24.3729    1496.68    1493.40 0.0000e+00
       1258     37.000    12.7565    12.7561   3.797228   3.799157     2.2032      98.77     0.0548 5.1266e-02 -9.990e-29     52.390 290.059831    5.34183    32.3566    32.3753    24.3938    1496.84    1493.50 0.0000e+00
       1280     38.000    12.5859    12.5799   3.780040   3.780876     2.1983      92.71     0.0520 5.1266e-02 -9.990e-29     53.298 290.059841    5.35135    32.3392    32.3523    24.4132    1496.26    1493.57 0.0000e+00
       1302     39.000    12.5165    12.5172   3.775116   3.777363     2.1957      96.57     0.0580 5.1260e-02 -9.990e-29     54.221 290.059852    5.35634    32.3515    32.3724    24.4360    1496.06    1493.63 0.0000e+00
       1324     40.000    12.5415    12.5407   3.779193   3.781132     2.1923      98.75     0.0619 5.1280e-02 -9.990e-29     55.143 290.059863    5.35822    32.3685    32.3877    24.4444    1496.18    1493.70 0.0000e+00
       1346     41.000    12.5852    12.5891   3.786445   3.789348     2.1946      96.68     0.0601 5.1266e-02 -9.990e-29     56.046 290.059873    5.39464    32.3996    32.4239    24.4601    1496.38    1493.76 0.0000e+00
       1367     42.000    12.6071    12.6055   3.793550   3.795399     2.2005      92.79     0.0542 5.1245e-02 -9.990e-29     56.922 290.059883    5.42471    32.4480    32.4670    24.4934    1496.53    1493.83 0.0000e+00
       1388     43.000    12.5861    12.5868   3.795363   3.797883     2.2068      98.27     0.0551 5.1273e-02 -9.990e-29     57.790 290.059893    5.43057    32.4830    32.5064    24.5245    1496.52    1493.89 0.0000e+00
       1409     44.000    12.7790    12.7827   3.823384   3.826151     2.2081      98.22     0.0533 5.1273e-02 1.9438e+00     58.673 290.059904    5.37499    32.5827    32.6057    24.5645    1497.30    1493.97 0.0000e+00
       1431     45.000    12.8125    12.8128   3.830532   3.832623     2.2056      88.56     0.0516 5.1266e-02 1.9438e+00     59.571 290.059914    5.36801    32.6212    32.6407    24.5878    1497.48    1494.05 0.0000e+00
       1452     46.000    12.7766    12.7766   3.829195   3.831315     2.2076      98.70     0.0500 5.1273e-02 1.9438e+00     60.475 290.059924    5.36741    32.6391    32.6592    24.6087    1497.39    1494.12 0.0000e+00
       1474     47.000    12.8395    12.8386   3.844605   3.846885     2.2009      98.75     0.0483 5.1273e-02 1.9438e+00     61.395 290.059935    5.28645    32.7305    32.7529    24.6672    1497.73    1494.20 0.0000e+00
       1497     48.000    12.7863    12.7852   3.846073   3.848089     2.1899      91.82     0.0451 5.1253e-02 1.9438e+00     62.320 290.059946    5.25763    32.7901    32.8103    24.7238    1497.64    1494.27 0.0000e+00
       1518     49.000    12.7701    12.7700   3.848256   3.850328     2.1827      96.23     0.0446 5.1273e-02 -9.990e-29     63.215 290.059956    5.24646    32.8246    32.8443    24.7536    1497.64    1494.34 0.0000e+00
       1539     50.000    12.7360    12.7356   3.847824   3.849817     2.1749      98.76     0.0444 5.1273e-02 -9.990e-29     64.081 290.059966    5.22082    32.8497    32.8690    24.7797    1497.57    1494.40 0.0000e+00
       1560     51.000    12.7967    12.7988   3.857876   3.860614     2.1671      97.69     0.0429 5.1266e-02 -9.990e-29     64.949 290.059976    5.19194    32.8920    32.9162    24.8006    1497.85    1494.47 0.0000e+00
       1581     52.000    12.9591    12.9593   3.882505   3.884772     2.1601      91.50     0.0426 5.1266e-02 -9.990e-29     65.846 290.059987    5.16783    32.9837    33.0050    24.8399    1498.52    1494.55 0.0000e+00
       1603     53.000    12.9030    12.9037   3.885169   3.887343     2.1575      98.75     0.0404 5.1273e-02 1.9438e+00     66.767 290.059997    5.17939    33.0575    33.0775    24.9080    1498.43    1494.62 0.0000e+00
       1625     54.000    12.8566    12.8563   3.885060   3.887036     2.1538      98.78     0.0397 5.1273e-02 1.9438e+00     67.675 290.060008    5.13281    33.0966    33.1157    24.9474    1498.34    1494.69 0.0000e+00
       1647     55.000    12.7851    12.7850   3.882907   3.884903     2.1410      91.09     0.0373 5.1227e-02 1.9438e+00     68.569 290.060018    5.05404    33.1384    33.1575    24.9938    1498.16    1494.75 0.0000e+00
       1668     56.000    12.7420    12.7414   3.883042   3.884969     2.1236      98.79     0.0349 5.1273e-02 1.9438e+00     69.460 290.060028    4.98525    33.1772    33.1961    25.0322    1498.08    1494.81 0.0000e+00
       1690     57.000    12.6894    12.6894   3.879638   3.881601     2.1068      98.78     0.0328 5.1260e-02 1.9438e+00     70.364 290.060039    4.96700    33.1906    33.2093    25.0529    1497.94    1494.86 0.0000e+00
       1711     58.000    12.6226    12.6229   3.875213   3.877144     2.0969      98.49     0.0314 5.1273e-02 -9.990e-29     71.268 290.060049    4.97902    33.2068    33.2250    25.0784    1497.75    1494.91 0.0000e+00
       1733     59.000    12.5256    12.5245   3.868954   3.870749     2.0906      98.38     0.0298 5.1273e-02 -9.990e-29     72.156 290.060060    4.98086    33.2322    33.2503    25.1168    1497.47    1494.96 0.0000e+00
       1754     60.000    12.4508    12.4506   3.863617   3.865500     2.0844      98.48     0.0320 5.1273e-02 -9.990e-29     73.041 290.060070    4.96115    33.2467    33.2650    25.1425    1497.25    1495.00 0.0000e+00
       1776     61.000    12.4023    12.3998   3.860162   3.861630     2.0761      98.78     0.0315 5.1273e-02 -9.990e-29     73.943 290.060080    4.92640    33.2561    33.2724    25.1591    1497.11    1495.03 0.0000e+00
       1797     62.000    12.2519    12.2503   3.847513   3.849201     2.0657      98.77     0.0333 5.1266e-02 1.9438e+00     74.852 290.060091    4.89412    33.2675    33.2852    25.1966    1496.63    1495.06 0.0000e+00
       1819     63.000    12.0829    12.0765   3.831860   3.832977     2.0536      92.67     0.0341 5.1259e-02 1.9438e+00     75.742 290.060101    4.87127    33.2663    33.2828    25.2277    1496.07    1495.07 0.0000e+00
       1840     64.000    12.0569    12.0568   3.833648   3.835693     2.0427      98.63     0.0318 5.1280e-02 1.9438e+00     76.624 290.060111    4.83564    33.3063    33.3262    25.2637    1496.04    1495.09 0.0000e+00
       1861     65.000    12.0559    12.0546   3.840176   3.842197     2.0300      98.57     0.0327 5.1273e-02 1.9438e+00     77.518 290.060122    4.78977    33.3700    33.3907    25.3133    1496.13    1495.10 0.0000e+00
       1883     66.000    12.0294    12.0287   3.842222   3.844095     2.0174      98.78     0.0352 5.1267e-02 1.9438e+00     78.431 290.060132    4.75690    33.4131    33.4319    25.3517    1496.11    1495.12 0.0000e+00
       1905     67.000    11.9882    11.9872   3.838743   3.840492     2.0068      98.78     0.0349 5.1266e-02 1.9438e+00     79.348 290.060143    4.75889    33.4158    33.4337    25.3616    1495.99    1495.13 0.0000e+00
       1927     68.000    11.9036    11.9035   3.832753   3.834615     2.0026      95.11     0.0329 5.1252e-02 1.9438e+00     80.252 290.060153    4.78706    33.4331    33.4513    25.3909    1495.73    1495.14 0.0000e+00
       1948     69.000    11.8725    11.8722   3.834513   3.836517     2.0013      96.36     0.0336 5.1273e-02 1.9438e+00     81.142 290.060164    4.79583    33.4778    33.4975    25.4314    1495.70    1495.15 0.0000e+00
       1970     70.000    11.8330    11.8360   3.832982   3.834929     2.0001      98.72     0.0331 5.1260e-02 1.9438e+00     82.025 290.060174    4.79343    33.4980    33.5142    25.4545    1495.60    1495.15 0.0000e+00
       1991     71.000    11.6925    11.6893   3.826412   3.828061     1.9983      98.73     0.0314 5.1273e-02 1.9438e+00     82.915 290.060184    4.79927    33.5602    33.5792    25.5289    1495.21    1495.16 0.0000e+00
       2013     72.000    11.5841    11.5867   3.819614   3.821611     1.9967      98.37     0.0319 5.1280e-02 -9.990e-29     83.821 290.060195    4.80423    33.5914    33.6086    25.5732    1494.89    1495.15 0.0000e+00
       2034     73.000    11.4677    11.4693   3.809804   3.811619     1.9943      98.78     0.0340 5.1273e-02 -9.990e-29     84.726 290.060205    4.80307    33.6003    33.6167    25.6015    1494.51    1495.14 0.0000e+00
       2056     74.000    11.3751    11.3743   3.803696   3.805598     1.9914      98.58     0.0342 5.1273e-02 -9.990e-29     85.626 290.060216    4.79653    33.6240    33.6434    25.6368    1494.23    1495.13 0.0000e+00
