testdata/CTD/sta0408.cnv
* Sea-Bird SBE 9 Data File:
* FileName = C:\Seabird\CTDData\sta0408.hex
* Software Version Seasave V 7.21f
* Temperature SN = 4557
* Conductivity SN = 1337
* Number of Bytes Per Scan = 40
* Number of Voltage Words = 5
* Number of Scans Averaged by the Deck Unit = 1
* NMEA Latitude = 60 50.58 N
* NMEA Longitude = 005 20.87 E
* NMEA UTC (Time) = Oct 14 2018 07:33:37
* NMEA baud rate = 4800
** Ship: 10 F/F "G. O. Sars"
** Station: 0408
** Echodepth: 367
** Log: 5341.18
** Wind-Dir Force: 19 15
** Air-temp (dry): 18.1
** Weather Sky: 2 8
** Sea Ice: 1 0
# nquan = 20                                
# nvalues = 357                         
# units = specified
# name 0 = scan: Scan Count
# name 1 = prDM: Pressure, Digiquartz [db]
# name 2 = t068C: Temperature [ITS-68, deg C]
# name 3 = t168C: Temperature, 2 [ITS-68, deg C]
# name 4 = c0S/m: Conductivity [S/m]
# name 5 = c1S/m: Conductivity, 2 [S/m]
# name 6 = sbeox0V: Oxygen raw, SBE 43 [V]
# name 7 = altM: Altimeter [m]
# name 8 = flC: Fluorescence, Chelsea Aqua 3 Chl Con [ug/l]
# name 9 = par: PAR/Irradiance, Biospherical/Licor
# name 10 = spar: SPAR/Surface Irradiance
# name 11 = timeS: Time, Elapsed [seconds]
# name 12 = timeJ: Julian Days
# name 13 = sbeox0ML/L: Oxygen, SBE 43 [ml/l], WS = 2
# name 14 = sal00: Salinity, Practical [PSU]
# name 15 = sal11: Salinity, Practical, 2 [PSU]
# name 16 = sigma-t00: Density [sigma-t, Kg/m^3 ]
# name 17 = svCM: Sound Velocity [Chen-Millero, m/s]
# name 18 = avgsvCM: Average Sound Velocity [Chen-Millero, m/s], minP = 1, minS = 5
# name 19 = flag: flag
# span 0 =        418,       8044       
# span 1 =      4.000,    360.000       
# span 2 =     8.0844,    15.2023       
# span 3 =     8.0841,    15.1998       
# span 4 =   2.801268,   3.952034       
# span 5 =   2.783852,   3.954317       
# span 6 =     1.0510,     2.2331       
# span 7 =      14.28,      99.94       
# span 8 =     0.0222,     0.1977       
# span 9 = 5.1194e-02, 1.1968e+00       
# span 10 = 7.0359e+00, 1.9465e+01      
# span 11 =     17.377,    335.117      
# span 12 = 287.315247, 287.318925      
# span 13 =    1.89903,    5.67094      
# span 14 =    22.6276,    35.0110      
# span 15 =    22.4910,    35.0337      
# span 16 =    16.7283,    27.2566      
# span 17 =    1485.01,    1503.66      
# span 18 =    1487.93,    1498.75      
# span 19 = 0.0000e+00, 0.0000e+00      
# interval = decibars: 1                
# start_time = Oct 14 2018 07:33:40 [System UTC, header]
# bad_flag = -9.990e-29
*END*
[from data line 218]
       5094    222.000     8.1026     8.1023   3.636493   3.638585     1.6846      98.56     0.0268 5.1273e-02 1.5542e+01    212.225 287.317503    4.17355    34.9558    34.9785    27.2240    1486.45    1489.22 0.0000e+00
       5116    223.000     8.1029     8.1026   3.636567   3.638662     1.6849      98.78     0.0261 5.1273e-02 1.5027e+01    213.133 287.317513    4.15977    34.9559    34.9786    27.2240    1486.47    1489.21 0.0000e+00
       5139    224.000     8.1031     8.1028   3.636635   3.638709     1.6836      60.07     0.0290 5.1273e-02 1.3780e+01    214.064 287.317524    4.15610    34.9559    34.9784    27.2240    1486.48    1489.20 0.0000e+00
       5160    225.000     8.1031     8.1029   3.636690   3.638758     1.6847      91.76     0.0316 5.1273e-02 1.3606e+01    214.960 287.317534    4.17239    34.9560    34.9783    27.2241    1486.50    1489.18 0.0000e+00
       5182    226.000     8.1035     8.1031   3.636751   3.638829     1.6849      98.80     0.0281 5.1273e-02 1.3606e+01    215.878 287.317545    4.16202    34.9558    34.9784    27.2238    1486.52    1489.17 0.0000e+00
       5204    227.000     8.1035     8.1033   3.636803   3.638888     1.6839      77.55     0.0270 5.1273e-02 1.3606e+01    216.788 287.317555    4.15117    34.9559    34.9784    27.2239    1486.53    1489.16 0.0000e+00
       5226    228.000     8.1034     8.1033   3.636849   3.638935     1.6832      71.30     0.0268 5.1273e-02 1.3606e+01    217.692 287.317566    4.16144    34.9560    34.9784    27.2240    1486.55    1489.15 0.0000e+00
       5248    229.000     8.1034     8.1031   3.636899   3.638976     1.6837      99.00     0.0274 5.1273e-02 1.3606e+01    218.612 287.317577    4.16409    34.9560    34.9786    27.2240    1486.57    1489.14 0.0000e+00
       5269    230.000     8.1036     8.1032   3.636949   3.639031     1.6836      96.81     0.0283 5.1266e-02 1.3606e+01    219.517 287.317587    4.15604    34.9559    34.9786    27.2239    1486.58    1489.13 0.0000e+00
       5291    231.000     8.1037     8.1033   3.636995   3.639072     1.6824      57.52     0.0329 5.1273e-02 1.3606e+01    220.437 287.317598    4.15478    34.9558    34.9784    27.2238    1486.60    1489.12 0.0000e+00
       5314    232.000     8.1034     8.1033   3.637047   3.639131     1.6827      98.82     0.0322 5.1280e-02 1.1755e+01    221.355 287.317608    4.16261    34.9562    34.9786    27.2242    1486.62    1489.11 0.0000e+00
       5335    233.000     8.1030     8.1029   3.637050   3.639146     1.6828      98.78     0.0285 5.1260e-02 1.3310e+01    222.256 287.317619    4.15591    34.9561    34.9786    27.2242    1486.63    1489.10 0.0000e+00
       5357    234.000     8.1039     8.1031   3.637156   3.639217     1.6813      51.33     0.0284 5.1273e-02 1.3605e+01    223.163 287.317629    4.14705    34.9559    34.9787    27.2238    1486.65    1489.08 0.0000e+00
       5379    235.000     8.1027     8.1025   3.637148   3.639209     1.6814      97.54     0.0315 5.1260e-02 1.3543e+01    224.065 287.317640    4.15551    34.9565    34.9788    27.2245    1486.66    1489.07 0.0000e+00
       5400    236.000     8.1012     8.1009   3.637087   3.639163     1.6806      98.75     0.0301 5.1260e-02 1.3024e+01    224.962 287.317650    4.14565    34.9568    34.9794    27.2250    1486.68    1489.06 0.0000e+00
       5422    237.000     8.1010     8.1007   3.637133   3.639196     1.6794      68.11     0.0265 5.1273e-02 -9.990e-29    225.873 287.317661    4.14389    34.9571    34.9794    27.2252    1486.69    1489.05 0.0000e+00
       5443    238.000     8.1011     8.1007   3.637180   3.639244     1.6794      74.79     0.0259 5.1280e-02 -9.990e-29    226.770 287.317671    4.15874    34.9570    34.9795    27.2252    1486.71    1489.04 0.0000e+00
       5465    239.000     8.1011     8.1007   3.637227   3.639292     1.6801      98.50     0.0285 5.1273e-02 -9.990e-29    227.677 287.317681    4.15696    34.9570    34.9795    27.2252    1486.72    1489.03 0.0000e+00
       5487    240.000     8.1010     8.1007   3.637274   3.639342     1.6800      91.27     0.0259 5.1266e-02 -9.990e-29    228.588 287.317692    4.14937    34.9571    34.9796    27.2253    1486.74    1489.03 0.0000e+00
       5509    241.000     8.1009     8.1006   3.637317   3.639394     1.6792      51.08     0.0261 5.1266e-02 1.1669e+01    229.482 287.317702    4.15522    34.9572    34.9797    27.2254    1486.76    1489.02 0.0000e+00
       5530    242.000     8.1007     8.1004   3.637350   3.639423     1.6801      98.92     0.0289 5.1259e-02 1.1663e+01    230.378 287.317713    4.16061    34.9573    34.9798    27.2254    1486.77    1489.01 0.0000e+00
       5551    243.000     8.1000     8.0997   3.637325   3.639397     1.6801      98.78     0.0287 5.1273e-02 1.0892e+01    231.271 287.317723    4.15287    34.9572    34.9797    27.2255    1486.79    1489.00 0.0000e+00
       5573    244.000     8.1001     8.0997   3.637376   3.639443     1.6791      47.30     0.0292 5.1273e-02 1.1653e+01    232.162 287.317733    4.15563    34.9572    34.9797    27.2255    1486.80    1488.99 0.0000e+00
       5594    245.000     8.0992     8.0988   3.637345   3.639416     1.6806      97.83     0.0333 5.1273e-02 1.1663e+01    233.055 287.317744    4.16746    34.9573    34.9798    27.2257    1486.82    1488.98 0.0000e+00
       5616    246.000     8.0989     8.0984   3.637361   3.639425     1.6803      98.78     0.0314 5.1273e-02 1.1663e+01    233.940 287.317754    4.15678    34.9573    34.9798    27.2257    1486.83    1488.97 0.0000e+00
       5637    247.000     8.0982     8.0979   3.637367   3.639434     1.6799      70.66     0.0292 5.1273e-02 1.1663e+01    234.833 287.317764    4.15985    34.9575    34.9800    27.2260    1486.85    1488.96 0.0000e+00
       5658    248.000     8.0981     8.0979   3.637401   3.639483     1.6807      70.76     0.0273 5.1273e-02 1.1663e+01    235.726 287.317775    4.17132    34.9575    34.9800    27.2260    1486.86    1488.95 0.0000e+00
       5680    249.000     8.0979     8.0977   3.637427   3.639502     1.6814      98.50     0.0299 5.1266e-02 1.1663e+01    236.616 287.317785    4.16687    34.9575    34.9799    27.2261    1486.88    1488.95 0.0000e+00
       5701    250.000     8.0972     8.0970   3.637421   3.639503     1.6812      97.18     0.0275 5.1259e-02 1.1663e+01    237.511 287.317795    4.16028    34.9577    34.9802    27.2263    1486.89    1488.94 0.0000e+00
       5723    251.000     8.0968     8.0965   3.637431   3.639505     1.6805      38.67     0.0273 5.1293e-02 1.1663e+01    238.403 287.317806    4.17028    34.9577    34.9802    27.2264    1486.91    1488.93 0.0000e+00
       5744    252.000     8.0966     8.0964   3.637460   3.639539     1.6823      99.11     0.0262 5.1273e-02 1.1663e+01    239.297 287.317816    4.18464    34.9577    34.9802    27.2264    1486.92    1488.92 0.0000e+00
       5766    253.000     8.0952     8.0948   3.637371   3.639437     1.6836      98.77     0.0271 5.1273e-02 1.1663e+01    240.193 287.317826    4.18399    34.9577    34.9802    27.2266    1486.93    1488.91 0.0000e+00
       5787    254.000     8.0936     8.0934   3.637311   3.639377     1.6836      42.44     0.0268 5.1280e-02 1.1663e+01    241.085 287.317837    4.17926    34.9581    34.9805    27.2272    1486.94    1488.91 0.0000e+00
       5809    255.000     8.0925     8.0924   3.637239   3.639337     1.6848      89.59     0.0268 5.1273e-02 9.6149e+00    241.987 287.317847    4.19804    34.9580    34.9806    27.2272    1486.96    1488.90 0.0000e+00
       5830    256.000     8.0904     8.0901   3.637092   3.639158     1.6867      98.69     0.0254 5.1267e-02 1.1469e+01    242.888 287.317857    4.20443    34.9580    34.9804    27.2276    1486.97    1488.89 0.0000e+00
       5852    257.000     8.0904     8.0901   3.637142   3.639187     1.6878      72.66     0.0297 5.1273e-02 1.1660e+01    243.779 287.317868    4.20810    34.9581    34.9803    27.2276    1486.98    1488.88 0.0000e+00
       5873    258.000     8.0901     8.0898   3.637146   3.639216     1.6900      63.81     0.0275 5.1273e-02 1.1663e+01    244.673 287.317878    4.22972    34.9579    34.9804    27.2276    1487.00    1488.88 0.0000e+00
       5895    259.000     8.0896     8.0892   3.637153   3.639203     1.6930      99.08     0.0285 5.1266e-02 1.1663e+01    245.570 287.317889    4.23783    34.9580    34.9804    27.2277    1487.01    1488.87 0.0000e+00
       5916    260.000     8.0888     8.0885   3.637110   3.639190     1.6951      98.78     0.0287 5.1259e-02 1.1663e+01    246.462 287.317899    4.23126    34.9579    34.9805    27.2277    1487.03    1488.86 0.0000e+00
       5938    261.000     8.0883     8.0880   3.637116   3.639178     1.6952      36.35     0.0271 5.1286e-02 1.1663e+01    247.358 287.317909    4.23863    34.9580    34.9803    27.2279    1487.04    1488.85 0.0000e+00
       5959    262.000     8.0884     8.0881   3.637172   3.639240     1.6980      98.54     0.0226 5.1273e-02 1.1663e+01    248.247 287.317920    4.25319    34.9580    34.9804    27.2279    1487.06    1488.85 0.0000e+00
       5980    263.000     8.0885     8.0882   3.637244   3.639304     1.6993      98.78     0.0247 5.1266e-02 1.1663e+01    249.141 287.317930    4.24695    34.9582    34.9805    27.2280    1487.07    1488.84 0.0000e+00
       6002    264.000     8.0891     8.0888   3.637353   3.639441     1.6997      41.42     0.0284 5.1294e-02 1.1663e+01    250.036 287.317940    4.25346    34.9583    34.9809    27.2280    1487.09    1488.83 0.0000e+00
       6023    265.000     8.0891     8.0886   3.637423   3.639480     1.7023      83.72     0.0304 5.1287e-02 9.4268e+00    250.923 287.317950    4.27533    34.9585    34.9811    27.2282    1487.11    1488.83 0.0000e+00
       6045    266.000     8.0882     8.0877   3.637402   3.639461     1.7044      98.87     0.0272 5.1273e-02 8.0371e+00    251.817 287.317961    4.27075    34.9587    34.9813    27.2285    1487.12    1488.82 0.0000e+00
       6066    267.000     8.0858     8.0855   3.637239   3.639315     1.7048      74.40     0.0296 5.1301e-02 1.1476e+01    252.709 287.317971    4.25620    34.9589    34.9814    27.2290    1487.13    1488.81 0.0000e+00
       6087    268.000     8.0848     8.0846   3.637199   3.639280     1.7040      51.00     0.0296 5.1306e-02 1.1662e+01    253.601 287.317981    4.25601    34.9590    34.9815    27.2292    1487.14    1488.81 0.0000e+00
       6109    269.000     8.0845     8.0841   3.637223   3.639286     1.7039      98.57     0.0304 5.1273e-02 1.1663e+01    254.496 287.317992    4.25490    34.9591    34.9815    27.2293    1487.16    1488.80 0.0000e+00
       6130    270.000     8.0844     8.0842   3.637271   3.639341     1.7037      98.78     0.0303 5.1273e-02 -9.990e-29    255.389 287.318002    4.25284    34.9592    34.9815    27.2294    1487.17    1488.80 0.0000e+00
       6152    271.000     8.0848     8.0844   3.637370   3.639420     1.7027      28.56     0.0304 5.1287e-02 -9.990e-29    256.285 287.318013    4.25967    34.9594    34.9817    27.2295    1487.19    1488.79 0.0000e+00
       6173    272.000     8.0860     8.0860   3.637592   3.639691     1.7045      98.30     0.0248 5.1260e-02 -9.990e-29    257.180 287.318023    4.27628    34.9601    34.9825    27.2299    1487.21    1488.78 0.0000e+00
       6195    273.000     8.0888     8.0884   3.637940   3.639992     1.7057      98.78     0.0240 5.1273e-02 1.1663e+01    258.074 287.318033    4.27315    34.9605    34.9829    27.2298    1487.24    1488.78 0.0000e+00
       6216    274.000     8.0889     8.0886   3.638010   3.640075     1.7057      47.53     0.0272 5.1299e-02 1.1663e+01    258.977 287.318044    4.27019    34.9607    34.9831    27.2299    1487.26    1488.77 0.0000e+00
       6238    275.000     8.0906     8.0900   3.638269   3.640313     1.7064      78.96     0.0297 5.1280e-02 1.1663e+01    259.879 287.318054    4.26387    34.9613    34.9838    27.2301    1487.28    1488.77 0.0000e+00
       6260    276.000     8.0910     8.0907   3.638351   3.640430     1.7041      98.83     0.0302 5.1273e-02 1.1654e+01    260.773 287.318065    4.22749    34.9613    34.9838    27.2301    1487.30    1488.76 0.0000e+00
       6281    277.000     8.0912     8.0914   3.638444   3.640561     1.6997      98.78     0.0278 5.1273e-02 9.3534e+00    261.669 287.318075    4.19957    34.9616    34.9841    27.2303    1487.32    1488.76 0.0000e+00
       6302    278.000     8.0938     8.0935   3.638805   3.640884     1.6948      98.78     0.0282 5.1266e-02 1.1659e+01    262.561 287.318085    4.18337    34.9624    34.9850    27.2305    1487.35    1488.75 0.0000e+00
       6324    279.000     8.0941     8.0939   3.638926   3.641005     1.6906      98.78     0.0266 5.1273e-02 1.1663e+01    263.451 287.318096    4.17183    34.9629    34.9854    27.2309    1487.36    1488.75 0.0000e+00
       6345    280.000     8.0943     8.0941   3.639061   3.641142     1.6860      96.33     0.0286 5.1266e-02 1.1663e+01    264.343 287.318106    4.15169    34.9637    34.9862    27.2314    1487.38    1488.74 0.0000e+00
       6367    281.000     8.0942     8.0939   3.639166   3.641227     1.6812      92.47     0.0266 5.1266e-02 1.1663e+01    265.233 287.318116    4.13213    34.9644    34.9868    27.2320    1487.40    1488.74 0.0000e+00
       6388    282.000     8.0940     8.0937   3.639224   3.641300     1.6760      97.72     0.0222 5.1273e-02 1.1663e+01    266.129 287.318126    4.10999    34.9648    34.9873    27.2323    1487.42    1488.73 0.0000e+00
       6410    283.000     8.0942     8.0939   3.639306   3.641377     1.6704      98.78     0.0243 5.1280e-02 1.1663e+01    267.021 287.318137    4.08817    34.9650    34.9874    27.2325    1487.43    1488.73 0.0000e+00
       6431    284.000     8.0942     8.0938   3.639376   3.641428     1.6650      90.61     0.0258 5.1253e-02 1.1663e+01    267.914 287.318147    4.07418    34.9652    34.9876    27.2327    1487.45    1488.72 0.0000e+00
       6453    285.000     8.0932     8.0930   3.639367   3.641442     1.6601      93.56     0.0265 5.1260e-02 1.1663e+01    268.813 287.318158    4.06564    34.9657    34.9881    27.2332    1487.46    1488.72 0.0000e+00
       6474    286.000     8.0936     8.0933   3.639521   3.641577     1.6564      89.32     0.0261 5.1232e-02 1.1663e+01    269.706 287.318168    4.05761    34.9664    34.9887    27.2337    1487.48    1488.72 0.0000e+00
       6496    287.000     8.0938     8.0936   3.639654   3.641732     1.6526      92.60     0.0274 5.1266e-02 9.7520e+00    270.605 287.318178    4.04550    34.9672    34.9896    27.2343    1487.50    1488.71 0.0000e+00
       6517    288.000     8.0930     8.0931   3.639650   3.641751     1.6491      98.81     0.0245 5.1273e-02 1.1263e+01    271.504 287.318189    4.03635    34.9674    34.9898    27.2346    1487.51    1488.71 0.0000e+00
       6539    289.000     8.0930     8.0928   3.639702   3.641780     1.6456      98.78     0.0258 5.1273e-02 1.1664e+01    272.398 287.318199    4.01919    34.9675    34.9900    27.2346    1487.53    1488.70 0.0000e+00
       6560    290.000     8.0937     8.0934   3.639851   3.641913     1.6415      98.78     0.0259 5.1273e-02 1.1663e+01    273.296 287.318209    3.99528    34.9679    34.9903    27.2349    1487.55    1488.70 0.0000e+00
       6582    291.000     8.0950     8.0947   3.640089   3.642166     1.6360      69.76     0.0243 5.1273e-02 1.1663e+01    274.196 287.318220    3.98702    34.9687    34.9912    27.2353    1487.57    1488.69 0.0000e+00
       6603    292.000     8.0959     8.0957   3.640259   3.642329     1.6339      98.33     0.0272 5.1260e-02 1.1663e+01    275.090 287.318230    3.98837    34.9691    34.9915    27.2355    1487.59    1488.69 0.0000e+00
