testdata/CTD/sta0417.cnv
* Sea-Bird SBE 9 Data File:
* FileName = C:\Seabird\CTDData\sta0417.hex
* Software Version Seasave V 7.21f
* Temperature SN = 4557
* Conductivity SN = 1337
* Number of Bytes Per Scan = 40
* Number of Voltage Words = 5
* Number of Scans Averaged by the Deck Unit = 1
* NMEA Latitude = 61 29.40 N
* NMEA Longitude = 005 14.36 E
* NMEA UTC (Time) = Oct 17 2018 01:25:14
* NMEA baud rate = 4800
** Ship: 10 F/F "G. O. Sars"
** Station: 0417
** Echodepth: 373
** Log: 5567.089
** Wind-Dir Force: 17 21
** Air-temp (dry): 13.4
** Weather Sky: 0 0
** Sea Ice: 0 0
# nquan = 20                                
# nvalues = 358                         
# units = specified
# name 0 = scan: Scan Count
# name 1 = prDM: Pressure, Digiquartz [db]
# name 2 = t068C: Temperature [ITS-68, deg C]
# name 3 = t168C: Temperature, 2 [ITS-68, deg C]
# name 4 = c0S/m: Conductivity [S/m]
# name 5 = c1S/m: Conductivity, 2 [S/m]
# name 6 = sbeox0V: Oxygen raw, SBE 43 [V]
# name 7 = altM: Altimeter [m]
# name 8 = flC: Fluorescence, Chelsea Aqua 3 Chl Con [ug/l]
# name 9 = par: PAR/Irradiance, Biospherical/Licor
# name 10 = spar: SPAR/Surface Irradiance
# name 11 = timeS: Time, Elapsed [seconds]
# name 12 = timeJ: Julian Days
# name 13 = sbeox0ML/L: Oxygen, SBE 43 [ml/l], WS = 2
# name 14 = sal00: Salinity, Practical [PSU]
# name 15 = sal11: Salinity, Practical, 2 [PSU]
# name 16 = sigma-t00: Density [sigma-t, Kg/m^3 ]
# name 17 = svCM: Sound Velocity [Chen-Millero, m/s]
# name 18 = avgsvCM: Average Sound Velocity [Chen-Millero, m/s], minP = 1, minS = 5
# name 19 = flag: flag
# span 0 =        518,       8303       
# span 1 =      3.000,    360.000       
# span 2 =     7.6866,    12.9591       
# span 3 =     7.6862,    12.9593       
# span 4 =   2.953689,   3.885169       
# span 5 =   2.956217,   3.887343       
# span 6 =     1.8688,     2.2679       
# span 7 =      18.68,     100.08       
# span 8 =     0.0156,     0.2022       
# span 9 = 5.1227e-02, 7.6504e-01       
# span 10 = 1.9438e+00, 1.9438e+00      
# span 11 =     21.527,    345.912      
# span 12 = 290.059474, 290.063228      
# span 13 =    4.68052,    5.91820      
# span 14 =    25.0791,    35.0620      
# span 15 =    25.1024,    35.0829      
# span 16 =    18.9171,    27.3695      
# span 17 =    1484.28,    1498.52      
# span 18 =    1484.65,    1495.16      
# span 19 = 0.0000e+00, 0.0000e+00      
# interval = decibars: 1                
# start_time = Oct 17 2018 01:25:17 [System UTC, header]
# bad_flag = -9.990e-29
*END*
[from data line 290]
       6738    293.000     7.6869     7.6865   3.610661   3.612571     1.9760      38.46     0.0209 5.1293e-02 -9.990e-29    280.699 290.062473    5.30348    35.0594    35.0805    27.3674    1486.17    1488.03 0.0000e+00
       6759    294.000     7.6873     7.6870   3.610758   3.612658     1.9777      95.35     0.0226 5.1280e-02 -9.990e-29    281.582 290.062484    5.32205    35.0596    35.0804    27.3675    1486.19    1488.02 0.0000e+00
       6781    295.000     7.6876     7.6872   3.610817   3.612724     1.9784      98.52     0.0241 5.1267e-02 -9.990e-29    282.500 290.062494    5.31086    35.0594    35.0804    27.3673    1486.21    1488.01 0.0000e+00
       6803    296.000     7.6877     7.6873   3.610881   3.612782     1.9777      59.10     0.0227 5.1273e-02 -9.990e-29    283.426 290.062505    5.30780    35.0595    35.0805    27.3674    1486.23    1488.01 0.0000e+00
       6825    297.000     7.6876     7.6873   3.610940   3.612838     1.9786      70.54     0.0242 5.1266e-02 -9.990e-29    284.325 290.062515    5.31937    35.0598    35.0806    27.3676    1486.24    1488.00 0.0000e+00
       6846    298.000     7.6874     7.6870   3.610983   3.612889     1.9784      98.61     0.0250 5.1273e-02 -9.990e-29    285.211 290.062526    5.30861    35.0599    35.0810    27.3678    1486.26    1488.00 0.0000e+00
       6867    299.000     7.6874     7.6869   3.611020   3.612921     1.9777      93.85     0.0231 5.1266e-02 -9.990e-29    286.095 290.062536    5.29550    35.0599    35.0809    27.3677    1486.28    1487.99 0.0000e+00
       6889    300.000     7.6872     7.6868   3.611038   3.612956     1.9757      37.72     0.0225 5.1267e-02 -9.990e-29    286.983 290.062546    5.29583    35.0598    35.0809    27.3677    1486.29    1487.98 0.0000e+00
       6910    301.000     7.6870     7.6866   3.611081   3.612986     1.9758      98.26     0.0208 5.1273e-02 1.9438e+00    287.871 290.062556    5.30559    35.0599    35.0810    27.3679    1486.31    1487.98 0.0000e+00
       6931    302.000     7.6871     7.6866   3.611136   3.613042     1.9757      98.57     0.0186 5.1266e-02 1.9438e+00    288.750 290.062567    5.29772    35.0600    35.0811    27.3678    1486.32    1487.97 0.0000e+00
       6953    303.000     7.6871     7.6867   3.611189   3.613083     1.9740      41.09     0.0223 5.1299e-02 1.9438e+00    289.647 290.062577    5.28656    35.0600    35.0809    27.3679    1486.34    1487.97 0.0000e+00
       6974    304.000     7.6872     7.6867   3.611247   3.613144     1.9734      90.70     0.0245 5.1267e-02 1.9438e+00    290.549 290.062587    5.29001    35.0601    35.0811    27.3679    1486.36    1487.96 0.0000e+00
       6996    305.000     7.6874     7.6870   3.611325   3.613218     1.9719      98.51     0.0227 5.1266e-02 1.9438e+00    291.459 290.062598    5.27955    35.0602    35.0811    27.3680    1486.37    1487.96 0.0000e+00
       7018    306.000     7.6876     7.6873   3.611411   3.613297     1.9705      69.39     0.0229 5.1273e-02 -9.990e-29    292.369 290.062608    5.28171    35.0605    35.0812    27.3682    1486.39    1487.95 0.0000e+00
       7039    307.000     7.6878     7.6874   3.611452   3.613350     1.9708      65.81     0.0203 5.1266e-02 -9.990e-29    293.247 290.062619    5.30360    35.0602    35.0812    27.3680    1486.41    1487.95 0.0000e+00
       7059    308.000     7.6878     7.6874   3.611503   3.613410     1.9722      98.56     0.0200 5.1273e-02 -9.990e-29    294.099 290.062628    5.30272    35.0603    35.0813    27.3680    1486.43    1487.94 0.0000e+00
       7080    309.000     7.6881     7.6877   3.611569   3.613477     1.9721      98.75     0.0228 5.1273e-02 -9.990e-29    294.942 290.062638    5.28499    35.0602    35.0813    27.3679    1486.44    1487.94 0.0000e+00
       7100    310.000     7.6882     7.6878   3.611637   3.613541     1.9700      36.36     0.0209 5.1273e-02 1.9438e+00    295.805 290.062648    5.28897    35.0604    35.0814    27.3680    1486.46    1487.93 0.0000e+00
       7122    311.000     7.6883     7.6880   3.611686   3.613607     1.9719      98.88     0.0218 5.1273e-02 1.9438e+00    296.709 290.062659    5.31096    35.0603    35.0814    27.3680    1486.48    1487.93 0.0000e+00
       7144    312.000     7.6885     7.6882   3.611767   3.613668     1.9722      98.75     0.0240 5.1260e-02 1.9438e+00    297.624 290.062669    5.29555    35.0605    35.0814    27.3681    1486.49    1487.92 0.0000e+00
       7165    313.000     7.6887     7.6883   3.611823   3.613732     1.9709      60.53     0.0255 5.1273e-02 1.9438e+00    298.506 290.062679    5.28231    35.0604    35.0815    27.3680    1486.51    1487.92 0.0000e+00
       7186    314.000     7.6886     7.6883   3.611884   3.613781     1.9702      77.81     0.0294 5.1273e-02 1.9438e+00    299.372 290.062689    5.28792    35.0607    35.0815    27.3682    1486.53    1487.91 0.0000e+00
       7207    315.000     7.6887     7.6883   3.611937   3.613841     1.9695      98.39     0.0283 5.1273e-02 1.9438e+00    300.236 290.062700    5.28725    35.0607    35.0817    27.3682    1486.54    1487.91 0.0000e+00
       7228    316.000     7.6888     7.6884   3.611983   3.613896     1.9694      93.17     0.0251 5.1253e-02 1.9438e+00    301.119 290.062710    5.28707    35.0606    35.0817    27.3681    1486.56    1487.91 0.0000e+00
       7249    317.000     7.6889     7.6886   3.612050   3.613949     1.9687      50.24     0.0233 5.1260e-02 1.9438e+00    302.018 290.062720    5.29078    35.0607    35.0816    27.3682    1486.58    1487.90 0.0000e+00
       7270    318.000     7.6889     7.6886   3.612092   3.614006     1.9692      98.56     0.0219 5.1273e-02 1.9438e+00    302.894 290.062730    5.29153    35.0607    35.0817    27.3682    1486.59    1487.90 0.0000e+00
       7291    319.000     7.6889     7.6885   3.612150   3.614047     1.9685      98.55     0.0212 5.1273e-02 1.9438e+00    303.770 290.062740    5.28376    35.0609    35.0818    27.3683    1486.61    1487.89 0.0000e+00
       7313    320.000     7.6890     7.6887   3.612207   3.614109     1.9677      45.88     0.0215 5.1294e-02 -9.990e-29    304.662 290.062751    5.27978    35.0609    35.0817    27.3683    1486.63    1487.89 0.0000e+00
       7334    321.000     7.6891     7.6888   3.612261   3.614168     1.9670      91.54     0.0212 5.1259e-02 -9.990e-29    305.539 290.062761    5.27678    35.0609    35.0818    27.3683    1486.64    1487.89 0.0000e+00
       7355    322.000     7.6892     7.6889   3.612316   3.614226     1.9656      98.80     0.0210 5.1266e-02 -9.990e-29    306.400 290.062771    5.26482    35.0609    35.0818    27.3683    1486.66    1487.88 0.0000e+00
       7375    323.000     7.6894     7.6890   3.612397   3.614287     1.9638      81.06     0.0216 5.1273e-02 -9.990e-29    307.250 290.062781    5.25982    35.0611    35.0819    27.3684    1486.68    1487.88 0.0000e+00
       7396    324.000     7.6896     7.6892   3.612459   3.614357     1.9629      55.13     0.0236 5.1259e-02 1.9438e+00    308.122 290.062791    5.27861    35.0611    35.0820    27.3683    1486.70    1487.87 0.0000e+00
       7418    325.000     7.6895     7.6892   3.612505   3.614414     1.9643      99.57     0.0221 5.1267e-02 1.9438e+00    309.037 290.062801    5.28214    35.0612    35.0821    27.3684    1486.71    1487.87 0.0000e+00
       7439    326.000     7.6896     7.6892   3.612560   3.614459     1.9636      98.77     0.0226 5.1273e-02 1.9438e+00    309.934 290.062812    5.26434    35.0612    35.0821    27.3684    1486.73    1487.87 0.0000e+00
       7460    327.000     7.6897     7.6893   3.612614   3.614508     1.9615      38.54     0.0198 5.1273e-02 1.9438e+00    310.790 290.062822    5.26246    35.0612    35.0821    27.3684    1486.75    1487.86 0.0000e+00
       7480    328.000     7.6897     7.6894   3.612657   3.614562     1.9623      98.69     0.0229 5.1280e-02 1.9438e+00    311.641 290.062831    5.27878    35.0612    35.0821    27.3684    1486.76    1487.86 0.0000e+00
       7501    329.000     7.6898     7.6894   3.612706   3.614613     1.9623      98.77     0.0219 5.1273e-02 1.9438e+00    312.517 290.062842    5.27231    35.0611    35.0821    27.3683    1486.78    1487.86 0.0000e+00
       7524    330.000     7.6898     7.6895   3.612756   3.614666     1.9614      69.09     0.0204 5.1266e-02 -9.990e-29    313.445 290.062852    5.26042    35.0612    35.0821    27.3684    1486.80    1487.85 0.0000e+00
       7546    331.000     7.6899     7.6895   3.612809   3.614715     1.9606      77.20     0.0188 5.1266e-02 -9.990e-29    314.363 290.062863    5.26180    35.0611    35.0822    27.3684    1486.81    1487.85 0.0000e+00
       7566    332.000     7.6899     7.6895   3.612840   3.614769     1.9592      98.76     0.0213 5.1273e-02 -9.990e-29    315.229 290.062873    5.25506    35.0610    35.0823    27.3682    1486.83    1487.85 0.0000e+00
       7586    333.000     7.6899     7.6895   3.612848   3.614820     1.9592      98.70     0.0195 5.1266e-02 -9.990e-29    316.060 290.062883    5.26166    35.0606    35.0823    27.3679    1486.85    1487.85 0.0000e+00
       7606    334.000     7.6899     7.6896   3.612960   3.614869     1.9582      38.08     0.0213 5.1280e-02 1.9438e+00    316.889 290.062892    5.27335    35.0613    35.0823    27.3685    1486.86    1487.84 0.0000e+00
       7627    335.000     7.6900     7.6897   3.613005   3.614920     1.9608      98.42     0.0223 5.1280e-02 1.9438e+00    317.765 290.062902    5.28904    35.0612    35.0822    27.3684    1486.88    1487.84 0.0000e+00
       7649    336.000     7.6899     7.6896   3.613056   3.614958     1.9612      98.77     0.0235 5.1273e-02 1.9438e+00    318.687 290.062913    5.27065    35.0614    35.0823    27.3686    1486.90    1487.84 0.0000e+00
       7672    337.000     7.6897     7.6893   3.613073   3.614986     1.9597      57.24     0.0246 5.1280e-02 1.9438e+00    319.614 290.062924    5.25394    35.0613    35.0824    27.3685    1486.91    1487.83 0.0000e+00
       7693    338.000     7.6895     7.6893   3.613109   3.615022     1.9584      40.32     0.0232 5.1280e-02 1.9438e+00    320.513 290.062934    5.25785    35.0614    35.0823    27.3686    1486.93    1487.83 0.0000e+00
       7714    339.000     7.6895     7.6891   3.613153   3.615054     1.9580      67.66     0.0226 5.1266e-02 -9.990e-29    321.362 290.062944    5.26077    35.0614    35.0823    27.3686    1486.94    1487.83 0.0000e+00
       7734    340.000     7.6896     7.6888   3.613202   3.615062     1.9572      46.71     0.0172 5.1252e-02 -9.990e-29    322.216 290.062954    5.26065    35.0613    35.0822    27.3686    1486.96    1487.83 0.0000e+00
       7755    341.000     7.6891     7.6888   3.613218   3.615115     1.9575      32.55     0.0179 5.1273e-02 -9.990e-29    323.077 290.062964    5.26791    35.0615    35.0823    27.3688    1486.98    1487.82 0.0000e+00
       7776    342.000     7.6892     7.6889   3.613280   3.615179     1.9577      51.14     0.0203 5.1266e-02 -9.990e-29    323.953 290.062974    5.26649    35.0616    35.0824    27.3688    1486.99    1487.82 0.0000e+00
       7797    343.000     7.6893     7.6890   3.613334   3.615234     1.9570      57.46     0.0235 5.1266e-02 1.9438e+00    324.851 290.062984    5.25216    35.0616    35.0824    27.3688    1487.01    1487.82 0.0000e+00
       7819    344.000     7.6892     7.6888   3.613375   3.615265     1.9556      35.74     0.0223 5.1273e-02 1.9438e+00    325.755 290.062995    5.25133    35.0617    35.0825    27.3689    1487.03    1487.82 0.0000e+00
       7840    345.000     7.6889     7.6885   3.613377   3.615280     1.9552      34.88     0.0201 5.1273e-02 1.9438e+00    326.634 290.063005    5.26217    35.0615    35.0825    27.3688    1487.04    1487.81 0.0000e+00
       7861    346.000     7.6888     7.6884   3.613417   3.615326     1.9560      32.10     0.0219 5.1273e-02 1.9438e+00    327.507 290.063015    5.26930    35.0616    35.0826    27.3688    1487.06    1487.81 0.0000e+00
       7882    347.000     7.6888     7.6885   3.613466   3.615381     1.9561      30.99     0.0237 5.1280e-02 1.9438e+00    328.362 290.063025    5.26069    35.0616    35.0826    27.3689    1487.07    1487.81 0.0000e+00
       7903    348.000     7.6889     7.6886   3.613534   3.615431     1.9553      31.00     0.0250 5.1280e-02 1.9438e+00    329.229 290.063035    5.25162    35.0617    35.0826    27.3690    1487.09    1487.81 0.0000e+00
       7924    349.000     7.6890     7.6886   3.613578   3.615483     1.9542      30.53     0.0260 5.1280e-02 1.9438e+00    330.116 290.063045    5.25139    35.0616    35.0826    27.3689    1487.11    1487.81 0.0000e+00
       7945    350.000     7.6888     7.6884   3.613607   3.615499     1.9539      29.75     0.0246 5.1280e-02 1.9438e+00    331.013 290.063056    5.25735    35.0617    35.0825    27.3689    1487.12    1487.80 0.0000e+00
       7967    351.000     7.6888     7.6885   3.613655   3.615560     1.9539      28.99     0.0242 5.1273e-02 1.9438e+00    331.913 290.063066    5.25622    35.0617    35.0826    27.3690    1487.14    1487.80 0.0000e+00
       7988    352.000     7.6888     7.6884   3.613702   3.615600     1.9533      27.77     0.0226 5.1273e-02 1.9438e+00    332.798 290.063076    5.25660    35.0617    35.0826    27.3690    1487.16    1487.80 0.0000e+00
       8009    353.000     7.6886     7.6883   3.613733   3.615630     1.9537      26.71     0.0240 5.1273e-02 1.9438e+00    333.666 290.063086    5.26294    35.0618    35.0826    27.3691    1487.17    1487.80 0.0000e+00
       8030    354.000     7.6884     7.6880   3.613762   3.615655     1.9539      25.72     0.0256 5.1280e-02 -9.990e-29    334.542 290.063097    5.26175    35.0618    35.0827    27.3691    1487.19    1487.80 0.0000e+00
       8051    355.000     7.6882     7.6877   3.613781   3.615663     1.9538      24.72     0.0258 5.1273e-02 -9.990e-29    335.407 290.063107    5.25211    35.0617    35.0826    27.3691    1487.20    1487.79 0.0000e+00
       8071    356.000     7.6873     7.6871   3.613751   3.615657     1.9521      23.77     0.0238 5.1280e-02 -9.990e-29    336.263 290.063116    5.24112    35.0618    35.0826    27.3693    1487.22    1487.79 0.0000e+00
       8092    357.000     7.6870     7.6866   3.613771   3.615677     1.9511      22.89     0.0225 5.1273e-02 1.9438e+00    337.145 290.063127    5.24591    35.0619    35.0829    27.3694    1487.23    1487.79 0.0000e+00
       8114    358.000     7.6866     7.6863   3.613788   3.615693     1.9506      21.80     0.0230 5.1292e-02 1.9438e+00    338.047 290.063137    5.25079    35.0620    35.0829    27.3695    1487.25    1487.79 0.0000e+00
       8151    359.000     7.6867     7.6862   3.613824   3.615716     1.9519      20.60     0.0224 5.1275e-02 1.9438e+00    339.581 290.063155    5.26523    35.0618    35.0827    27.3693    1487.26    1487.79 0.0000e+00
       8303    360.000     7.6895     7.6876   3.614097   3.615891     1.9609      18.68     0.0178 5.1231e-02 -9.990e-29    345.912 290.063228    5.28943    35.0614    35.0827    27.3686    1487.29    1487.79 0.0000e+00
