testdata/CTD/sta0412.cnv
* Sea-Bird SBE 9 Data File:
* FileName = C:\Seabird\CTDData\sta0412.hex
* Software Version Seasave V 7.21f
* Temperature SN = 4557
* Conductivity SN = 1337
* Number of Bytes Per Scan = 40
* Number of Voltage Words = 5
* Number of Scans Averaged by the Deck Unit = 1
* NMEA Latitude = 60 52.30 N
* NMEA Longitude = 005 24.69 E
* NMEA UTC (Time) = Oct 15 2018 05:04:40
* NMEA baud rate = 4800
** Ship: 10 F/F "G. O. Sars"
** Station: 0412
** Echodepth: 479
** Log: 5378
** Wind-Dir Force: 89 03
** Air-temp (dry): 6.5
** Weather Sky: 2 5
** Sea Ice: 1 0
# nquan = 20                                
# nvalues = 472                         
# units = specified
# name 0 = scan: Scan Count
# name 1 = prDM: Pressure, Digiquartz [db]
# name 2 = t068C: Temperature [ITS-68, deg C]
# name 3 = t168C: Temperature, 2 [ITS-68, deg C]
# name 4 = c0S/m: Conductivity [S/m]
# name 5 = c1S/m: Conductivity, 2 [S/m]
# name 6 = sbeox0V: Oxygen raw, SBE 43 [V]
# name 7 = altM: Altimeter [m]
# name 8 = flC: Fluorescence, Chelsea Aqua 3 Chl Con [ug/l]
# name 9 = par: PAR/Irradiance, Biospherical/Licor
# name 10 = spar: SPAR/Surface Irradiance
# name 11 = timeS: Time, Elapsed [seconds]
# name 12 = timeJ: Julian Days
# name 13 = sbeox0ML/L: Oxygen, SBE 43 [ml/l], WS = 2
# name 14 = sal00: Salinity, Practical [PSU]
# name 15 = sal11: Salinity, Practical, 2 [PSU]
# name 16 = sigma-t00: Density [sigma-t, Kg/m^3 ]
# name 17 = svCM: Sound Velocity [Chen-Millero, m/s]
# name 18 = avgsvCM: Average Sound Velocity [Chen-Millero, m/s], minP = 1, minS = 5
# name 19 = flag: flag
# span 0 =        761,      10845       
# span 1 =      4.000,    475.000       
# span 2 =     8.0878,    15.8131       
# span 3 =     8.0876,    15.8225       
# span 4 =   3.500385,   3.988715       
# span 5 =   3.521573,   3.991258       
# span 6 =     0.8790,     2.1540       
# span 7 =      13.13,      99.49       
# span 8 =     0.0194,     0.1461       
# span 9 = 5.1232e-02, 2.7033e-01       
# span 10 = 1.2750e+01, 5.0452e+01      
# span 11 =     31.678,    451.826      
# span 12 = 288.211976, 288.216838      
# span 13 =    1.30790,    5.39544      
# span 14 =    28.1826,    35.0232      
# span 15 =    28.3504,    35.0473      
# span 16 =    20.8061,    27.2610      
# span 17 =    1485.08,    1505.31      
# span 18 =    1488.91,    1501.74      
# span 19 = 0.0000e+00, 0.0000e+00      
# interval = decibars: 1                
# start_time = Oct 15 2018 05:04:43 [System UTC, header]
# bad_flag = -9.990e-29
*END*
[from data line 290]
       6987    294.000     8.0984     8.0981   3.640620   3.642818     1.6146      98.78     0.0230 5.1273e-02 2.2504e+01    291.071 288.214978    3.93807    34.9696    34.9934    27.2354    1487.64    1489.03 0.0000e+00
       7008    295.000     8.0983     8.0980   3.640675   3.642851     1.6134      98.78     0.0234 5.1259e-02 2.2497e+01    291.963 288.214988    3.92678    34.9698    34.9934    27.2356    1487.65    1489.03 0.0000e+00
       7030    296.000     8.0982     8.0979   3.640724   3.642913     1.6112      98.78     0.0279 5.1273e-02 2.1906e+01    292.858 288.214998    3.91318    34.9699    34.9936    27.2357    1487.67    1489.03 0.0000e+00
       7051    297.000     8.0981     8.0979   3.640796   3.642982     1.6085      73.28     0.0315 5.1273e-02 2.1941e+01    293.744 288.215009    3.90774    34.9703    34.9939    27.2361    1487.68    1489.02 0.0000e+00
       7072    298.000     8.0981     8.0979   3.640859   3.643045     1.6077      84.55     0.0305 5.1273e-02 2.1468e+01    294.641 288.215019    3.91822    34.9705    34.9941    27.2362    1487.70    1489.02 0.0000e+00
       7094    299.000     8.0986     8.0984   3.640966   3.643163     1.6066      98.65     0.0298 5.1266e-02 2.1382e+01    295.538 288.215029    3.90790    34.9707    34.9944    27.2363    1487.72    1489.01 0.0000e+00
       7115    300.000     8.0990     8.0987   3.641064   3.643251     1.6052      98.64     0.0298 5.1273e-02 2.1382e+01    296.433 288.215040    3.90356    34.9708    34.9945    27.2364    1487.74    1489.01 0.0000e+00
       7137    301.000     8.0987     8.0984   3.641112   3.643295     1.6038      98.63     0.0284 5.1273e-02 2.1382e+01    297.330 288.215050    3.89894    34.9712    34.9948    27.2367    1487.75    1489.00 0.0000e+00
       7158    302.000     8.0996     8.0993   3.641271   3.643454     1.6024      98.55     0.0250 5.1266e-02 1.9429e+01    298.228 288.215060    3.89008    34.9715    34.9952    27.2368    1487.77    1489.00 0.0000e+00
       7180    303.000     8.1014     8.1012   3.641534   3.643724     1.6001      98.26     0.0270 5.1266e-02 2.0750e+01    299.129 288.215071    3.87315    34.9720    34.9957    27.2369    1487.80    1489.00 0.0000e+00
       7202    304.000     8.1027     8.1026   3.641809   3.644016     1.5971      54.91     0.0270 5.1273e-02 2.1383e+01    300.023 288.215081    3.87021    34.9732    34.9969    27.2377    1487.82    1488.99 0.0000e+00
       7223    305.000     8.1041     8.1039   3.642041   3.644242     1.5965      97.98     0.0277 5.1273e-02 2.1382e+01    300.897 288.215091    3.87314    34.9738    34.9976    27.2379    1487.84    1488.99 0.0000e+00
       7244    306.000     8.1050     8.1047   3.642202   3.644394     1.5940      98.78     0.0298 5.1273e-02 2.1382e+01    301.774 288.215102    3.84590    34.9742    34.9979    27.2381    1487.86    1488.98 0.0000e+00
       7265    307.000     8.1061     8.1059   3.642413   3.644611     1.5900      98.78     0.0313 5.1266e-02 2.1382e+01    302.652 288.215112    3.81612    34.9748    34.9986    27.2384    1487.89    1488.98 0.0000e+00
       7286    308.000     8.1084     8.1082   3.642745   3.644931     1.5845      98.78     0.0307 5.1273e-02 2.1382e+01    303.532 288.215122    3.78652    34.9756    34.9992    27.2387    1487.91    1488.98 0.0000e+00
       7307    309.000     8.1105     8.1102   3.643038   3.645236     1.5784      98.76     0.0292 5.1273e-02 2.1382e+01    304.414 288.215132    3.75740    34.9762    35.0000    27.2388    1487.94    1488.97 0.0000e+00
       7328    310.000     8.1116     8.1114   3.643268   3.645476     1.5716      98.75     0.0267 5.1273e-02 2.1382e+01    305.293 288.215142    3.71999    34.9771    35.0009    27.2393    1487.96    1488.97 0.0000e+00
       7349    311.000     8.1133     8.1131   3.643559   3.645757     1.5630      60.22     0.0259 5.1273e-02 2.1382e+01    306.171 288.215152    3.69096    34.9780    35.0017    27.2398    1487.98    1488.97 0.0000e+00
       7370    312.000     8.1156     8.1154   3.643942   3.646148     1.5562      99.03     0.0248 5.1266e-02 2.1382e+01    307.049 288.215163    3.66435    34.9793    35.0031    27.2405    1488.01    1488.96 0.0000e+00
       7391    313.000     8.1169     8.1167   3.644207   3.646399     1.5475      98.56     0.0267 5.1273e-02 1.9102e+01    307.922 288.215173    3.62324    34.9804    35.0040    27.2412    1488.03    1488.96 0.0000e+00
       7412    314.000     8.1174     8.1172   3.644331   3.646522     1.5387      98.13     0.0297 5.1266e-02 2.1409e+01    308.802 288.215183    3.59049    34.9808    35.0044    27.2414    1488.05    1488.96 0.0000e+00
       7433    315.000     8.1184     8.1182   3.644528   3.646721     1.5296      98.13     0.0305 5.1252e-02 2.1382e+01    309.682 288.215193    3.54610    34.9814    35.0050    27.2417    1488.07    1488.96 0.0000e+00
       7454    316.000     8.1196     8.1194   3.644767   3.646963     1.5187      98.61     0.0301 5.1253e-02 2.1382e+01    310.562 288.215203    3.49667    34.9823    35.0059    27.2422    1488.09    1488.95 0.0000e+00
       7476    317.000     8.1203     8.1200   3.644992   3.647188     1.5072      90.01     0.0294 5.1273e-02 2.1382e+01    311.444 288.215214    3.45468    34.9835    35.0073    27.2431    1488.11    1488.95 0.0000e+00
       7497    318.000     8.1210     8.1206   3.645142   3.647315     1.4966      63.78     0.0294 5.1273e-02 2.1382e+01    312.322 288.215224    3.43530    34.9839    35.0076    27.2433    1488.13    1488.95 0.0000e+00
       7518    319.000     8.1236     8.1233   3.645531   3.647728     1.4881      98.36     0.0266 5.1273e-02 -9.990e-29    313.200 288.215234    3.41102    34.9850    35.0088    27.2438    1488.16    1488.95 0.0000e+00
       7539    320.000     8.1249     8.1245   3.645751   3.647939     1.4792      98.74     0.0237 5.1273e-02 -9.990e-29    314.084 288.215244    3.37630    34.9856    35.0094    27.2440    1488.18    1488.94 0.0000e+00
       7560    321.000     8.1251     8.1249   3.645826   3.648031     1.4702      98.75     0.0261 5.1273e-02 -9.990e-29    314.957 288.215254    3.34081    34.9857    35.0095    27.2441    1488.20    1488.94 0.0000e+00
       7581    322.000     8.1259     8.1256   3.645965   3.648146     1.4604      89.19     0.0285 5.1266e-02 -9.990e-29    315.835 288.215264    3.29765    34.9859    35.0095    27.2441    1488.22    1488.94 0.0000e+00
       7602    323.000     8.1264     8.1261   3.646066   3.648261     1.4503      85.89     0.0299 5.1266e-02 2.1220e+01    316.716 288.215274    3.27188    34.9860    35.0098    27.2441    1488.24    1488.94 0.0000e+00
       7623    324.000     8.1272     8.1269   3.646250   3.648419     1.4417      86.39     0.0295 5.1273e-02 1.5696e+01    317.590 288.215285    3.24551    34.9867    35.0102    27.2446    1488.26    1488.93 0.0000e+00
       7644    325.000     8.1277     8.1274   3.646363   3.648561     1.4337      77.22     0.0313 5.1273e-02 2.0464e+01    318.467 288.215295    3.23617    34.9870    35.0108    27.2447    1488.28    1488.93 0.0000e+00
       7665    326.000     8.1289     8.1289   3.646588   3.648807     1.4277      98.97     0.0291 5.1280e-02 2.0016e+01    319.343 288.215305    3.22233    34.9877    35.0114    27.2451    1488.30    1488.93 0.0000e+00
       7686    327.000     8.1330     8.1327   3.647138   3.649334     1.4217      98.74     0.0288 5.1266e-02 1.9528e+01    320.222 288.215315    3.20227    34.9890    35.0128    27.2455    1488.33    1488.93 0.0000e+00
       7708    328.000     8.1340     8.1338   3.647324   3.649529     1.4159      98.75     0.0307 5.1273e-02 1.9438e+01    321.104 288.215325    3.18682    34.9895    35.0133    27.2457    1488.35    1488.93 0.0000e+00
       7728    329.000     8.1364     8.1363   3.647693   3.649911     1.4108      98.75     0.0324 5.1273e-02 1.9438e+01    321.974 288.215335    3.16051    34.9906    35.0144    27.2462    1488.38    1488.93 0.0000e+00
       7750    330.000     8.1385     8.1385   3.648035   3.650262     1.4034      98.71     0.0300 5.1273e-02 1.9438e+01    322.857 288.215346    3.10796    34.9917    35.0155    27.2467    1488.41    1488.92 0.0000e+00
       7771    331.000     8.1410     8.1408   3.648417   3.650624     1.3931      73.93     0.0302 5.1266e-02 1.9438e+01    323.745 288.215356    3.05732    34.9928    35.0166    27.2472    1488.43    1488.92 0.0000e+00
       7792    332.000     8.1446     8.1445   3.648994   3.651223     1.3837      83.59     0.0300 5.1259e-02 1.9438e+01    324.624 288.215366    3.02558    34.9949    35.0188    27.2483    1488.47    1488.92 0.0000e+00
       7813    333.000     8.1470     8.1468   3.649390   3.651602     1.3731      98.78     0.0296 5.1273e-02 1.9438e+01    325.503 288.215376    2.97284    34.9963    35.0201    27.2491    1488.49    1488.92 0.0000e+00
       7834    334.000     8.1487     8.1485   3.649678   3.651888     1.3613      98.75     0.0305 5.1273e-02 1.9438e+01    326.382 288.215386    2.91421    34.9972    35.0210    27.2495    1488.52    1488.92 0.0000e+00
       7855    335.000     8.1513     8.1512   3.650095   3.652306     1.3475      98.75     0.0327 5.1266e-02 1.9284e+01    327.254 288.215396    2.84172    34.9986    35.0223    27.2502    1488.55    1488.92 0.0000e+00
       7876    336.000     8.1541     8.1540   3.650547   3.652757     1.3315      98.77     0.0349 5.1273e-02 1.8242e+01    328.136 288.215407    2.77290    35.0001    35.0238    27.2510    1488.57    1488.92 0.0000e+00
       7897    337.000     8.1557     8.1555   3.650798   3.653016     1.3154      98.78     0.0352 5.1259e-02 1.9457e+01    329.014 288.215417    2.71083    35.0007    35.0246    27.2512    1488.60    1488.92 0.0000e+00
       7918    338.000     8.1570     8.1568   3.651020   3.653236     1.2983      74.13     0.0380 5.1266e-02 1.9438e+01    329.895 288.215427    2.64636    35.0013    35.0252    27.2515    1488.62    1488.91 0.0000e+00
       7940    339.000     8.1573     8.1571   3.651106   3.653312     1.2821      94.35     0.0366 5.1266e-02 1.9438e+01    330.774 288.215437    2.59068    35.0015    35.0253    27.2516    1488.64    1488.91 0.0000e+00
       7960    340.000     8.1575     8.1573   3.651175   3.653382     1.2654      98.68     0.0357 5.1273e-02 1.9438e+01    331.645 288.215447    2.53050    35.0015    35.0253    27.2516    1488.66    1488.91 0.0000e+00
       7981    341.000     8.1593     8.1591   3.651472   3.653679     1.2495      98.78     0.0367 5.1273e-02 1.9438e+01    332.520 288.215457    2.49150    35.0025    35.0262    27.2520    1488.68    1488.91 0.0000e+00
       8003    342.000     8.1596     8.1593   3.651538   3.653741     1.2361      98.78     0.0379 5.1273e-02 1.9438e+01    333.398 288.215468    2.46329    35.0024    35.0262    27.2519    1488.70    1488.91 0.0000e+00
       8024    343.000     8.1597     8.1595   3.651611   3.653818     1.2240      57.27     0.0392 5.1273e-02 1.9438e+01    334.276 288.215478    2.43912    35.0026    35.0264    27.2521    1488.71    1488.91 0.0000e+00
       8045    344.000     8.1598     8.1595   3.651663   3.653860     1.2145      98.29     0.0378 5.1273e-02 1.9438e+01    335.155 288.215488    2.41927    35.0026    35.0263    27.2520    1488.73    1488.91 0.0000e+00
       8066    345.000     8.1600     8.1598   3.651730   3.653947     1.2050      64.57     0.0373 5.1273e-02 1.9438e+01    336.027 288.215498    2.39716    35.0026    35.0265    27.2520    1488.75    1488.91 0.0000e+00
       8087    346.000     8.1607     8.1605   3.651863   3.654088     1.1981      98.60     0.0338 5.1280e-02 1.5120e+01    336.910 288.215508    2.38897    35.0028    35.0268    27.2521    1488.77    1488.91 0.0000e+00
       8108    347.000     8.1619     8.1616   3.652092   3.654307     1.1914      98.78     0.0333 5.1273e-02 1.9437e+01    337.791 288.215518    2.37205    35.0036    35.0276    27.2526    1488.79    1488.91 0.0000e+00
       8129    348.000     8.1625     8.1623   3.652221   3.654424     1.1861      98.78     0.0354 5.1273e-02 1.9438e+01    338.665 288.215529    2.36679    35.0039    35.0277    27.2527    1488.81    1488.91 0.0000e+00
       8150    349.000     8.1631     8.1628   3.652347   3.654547     1.1821      98.14     0.0394 5.1273e-02 1.9438e+01    339.546 288.215539    2.35262    35.0042    35.0280    27.2528    1488.83    1488.91 0.0000e+00
       8171    350.000     8.1633     8.1631   3.652423   3.654636     1.1766      58.25     0.0370 5.1273e-02 1.9438e+01    340.425 288.215549    2.33034    35.0043    35.0282    27.2529    1488.85    1488.91 0.0000e+00
       8192    351.000     8.1637     8.1635   3.652529   3.654750     1.1722      99.17     0.0340 5.1273e-02 1.9438e+01    341.300 288.215559    2.31508    35.0046    35.0285    27.2530    1488.86    1488.91 0.0000e+00
       8213    352.000     8.1643     8.1641   3.652663   3.654871     1.1669      71.61     0.0372 5.1252e-02 1.9438e+01    342.185 288.215569    2.29683    35.0049    35.0287    27.2532    1488.88    1488.91 0.0000e+00
       8234    353.000     8.1650     8.1647   3.652790   3.654991     1.1625      99.33     0.0362 5.1266e-02 1.9438e+01    343.059 288.215579    2.28724    35.0051    35.0289    27.2533    1488.90    1488.91 0.0000e+00
       8256    354.000     8.1656     8.1654   3.652915   3.655118     1.1584      98.79     0.0358 5.1273e-02 1.9438e+01    343.939 288.215590    2.27299    35.0054    35.0291    27.2534    1488.92    1488.91 0.0000e+00
       8277    355.000     8.1667     8.1665   3.653139   3.655342     1.1542      98.79     0.0348 5.1266e-02 1.9438e+01    344.817 288.215600    2.25607    35.0062    35.0299    27.2539    1488.94    1488.91 0.0000e+00
       8298    356.000     8.1685     8.1684   3.653450   3.655653     1.1497      88.70     0.0332 5.1266e-02 1.9438e+01    345.689 288.215610    2.23623    35.0073    35.0309    27.2544    1488.97    1488.91 0.0000e+00
       8319    357.000     8.1694     8.1692   3.653612   3.655823     1.1451      63.22     0.0346 5.1273e-02 1.9438e+01    346.566 288.215620    2.22793    35.0076    35.0314    27.2546    1488.99    1488.91 0.0000e+00
       8340    358.000     8.1703     8.1700   3.653791   3.655998     1.1415      94.28     0.0361 5.1273e-02 1.5598e+01    347.446 288.215630    2.20512    35.0082    35.0320    27.2548    1489.01    1488.91 0.0000e+00
       8361    359.000     8.1713     8.1711   3.653972   3.656180     1.1354      76.03     0.0362 5.1273e-02 1.8840e+01    348.321 288.215640    2.16998    35.0086    35.0324    27.2550    1489.03    1488.91 0.0000e+00
       8382    360.000     8.1717     8.1715   3.654058   3.656279     1.1292      98.65     0.0379 5.1266e-02 1.9435e+01    349.203 288.215651    2.14195    35.0087    35.0326    27.2550    1489.05    1488.91 0.0000e+00
       8403    361.000     8.1721     8.1719   3.654164   3.656383     1.1221      98.79     0.0383 5.1273e-02 1.9438e+01    350.080 288.215661    2.11288    35.0089    35.0328    27.2552    1489.07    1488.91 0.0000e+00
       8424    362.000     8.1724     8.1722   3.654261   3.656473     1.1150      98.79     0.0374 5.1259e-02 1.9438e+01    350.959 288.215671    2.08983    35.0092    35.0330    27.2553    1489.08    1488.91 0.0000e+00
       8445    363.000     8.1735     8.1733   3.654465   3.656670     1.1083      75.95     0.0358 5.1266e-02 1.9438e+01    351.841 288.215681    2.07139    35.0098    35.0335    27.2556    1489.10    1488.91 0.0000e+00
       8466    364.000     8.1745     8.1743   3.654646   3.656858     1.1027      71.29     0.0343 5.1266e-02 1.9438e+01    352.720 288.215691    2.06534    35.0102    35.0341    27.2558    1489.13    1488.91 0.0000e+00
