testdata/CTD/sta0415.cnv
* Sea-Bird SBE 9 Data File:
* FileName = C:\Seabird\CTDData\sta0415.hex
* Software Version Seasave V 7.21f
* Temperature SN = 4557
* Conductivity SN = 1337
* Number of Bytes Per Scan = 40
* Number of Voltage Words = 5
* Number of Scans Averaged by the Deck Unit = 1
* NMEA Latitude = 60 52.30 N
* NMEA Longitude = 005 24.73 E
* NMEA UTC (Time) = Oct 15 2018 23:30:07
* NMEA baud rate = 4800
** Ship: 10 F/F "G. O. Sars"
** Station: 0415
** Echodepth: 479
** Log: 5416.262
** Wind-Dir Force: 08 04
** Air-temp (dry): 5.7
** Weather Sky: 0 0
** Sea Ice: 0 0
# nquan = 20                                
# nvalues = 470                         
# units = specified
# name 0 = scan: Scan Count
# name 1 = prDM: Pressure, Digiquartz [db]
# name 2 = t068C: Temperature [ITS-68, deg C]
# name 3 = t168C: Temperature, 2 [ITS-68, deg C]
# name 4 = c0S/m: Conductivity [S/m]
# name 5 = c1S/m: Conductivity, 2 [S/m]
# name 6 = sbeox0V: Oxygen raw, SBE 43 [V]
# name 7 = altM: Altimeter [m]
# name 8 = flC: Fluorescence, Chelsea Aqua 3 Chl Con [ug/l]
# name 9 = par: PAR/Irradiance, Biospherical/Licor
# name 10 = spar: SPAR/Surface Irradiance
# name 11 = timeS: Time, Elapsed [seconds]
# name 12 = timeJ: Julian Days
# name 13 = sbeox0ML/L: Oxygen, SBE 43 [ml/l], WS = 2
# name 14 = sal00: Salinity, Practical [PSU]
# name 15 = sal11: Salinity, Practical, 2 [PSU]
# name 16 = sigma-t00: Density [sigma-t, Kg/m^3 ]
# name 17 = svCM: Sound Velocity [Chen-Millero, m/s]
# name 18 = avgsvCM: Average Sound Velocity [Chen-Millero, m/s], minP = 1, minS = 5
# name 19 = flag: flag
# span 0 =        309,      10432       
# span 1 =      2.000,    471.000       
# span 2 =     8.0887,    15.5770       
# span 3 =     8.0883,    15.5834       
# span 4 =   2.568185,   3.976426       
# span 5 =   2.548126,   3.978928       
# span 6 =     0.8812,     2.2436       
# span 7 =     -34.65,      99.68       
# span 8 =     0.0223,     0.1712       
# span 9 = 5.1232e-02, 1.0762e+00       
# span 10 = 1.8866e+00, 3.9755e+00      
# span 11 =     12.842,    434.637      
# span 12 = 288.979420, 288.984302      
# span 13 =    1.32249,    5.67007      
# span 14 =    20.6445,    35.0222      
# span 15 =    20.5643,    35.0447      
# span 16 =    15.2271,    27.2603      
# span 17 =    1484.77,    1504.38      
# span 18 =    1484.77,    1500.47      
# span 19 = 0.0000e+00, 0.0000e+00      
# interval = decibars: 1                
# start_time = Oct 15 2018 23:30:09 [System UTC, header]
# bad_flag = -9.990e-29
*END*
[from data line 362]
       8064    364.000     8.1793     8.1791   3.655272   3.657364     1.0576      81.99     0.0343 5.1273e-02 3.8876e+00    335.951 288.983159    1.91590    35.0122    35.0347    27.2566    1489.15    1488.84 0.0000e+00
       8085    365.000     8.1796     8.1795   3.655367   3.657450     1.0537      61.58     0.0349 5.1273e-02 3.8876e+00    336.832 288.983169    1.89620    35.0124    35.0347    27.2567    1489.16    1488.84 0.0000e+00
       8106    366.000     8.1801     8.1799   3.655480   3.657569     1.0497      82.43     0.0383 5.1266e-02 3.8876e+00    337.712 288.983180    1.88124    35.0126    35.0351    27.2569    1489.18    1488.84 0.0000e+00
       8127    367.000     8.1807     8.1804   3.655605   3.657692     1.0454      98.90     0.0392 5.1273e-02 3.8876e+00    338.592 288.983190    1.86679    35.0129    35.0355    27.2570    1489.20    1488.84 0.0000e+00
       8148    368.000     8.1810     8.1808   3.655692   3.657782     1.0416      98.73     0.0400 5.1266e-02 3.8876e+00    339.473 288.983200    1.85678    35.0130    35.0355    27.2570    1489.22    1488.84 0.0000e+00
       8169    369.000     8.1814     8.1813   3.655790   3.657882     1.0380      98.73     0.0362 5.1273e-02 3.8876e+00    340.351 288.983210    1.84689    35.0132    35.0356    27.2571    1489.24    1488.84 0.0000e+00
       8191    370.000     8.1817     8.1816   3.655878   3.657969     1.0348      98.73     0.0357 5.1273e-02 3.8876e+00    341.236 288.983220    1.83992    35.0134    35.0358    27.2572    1489.26    1488.84 0.0000e+00
       8212    371.000     8.1820     8.1818   3.655953   3.658040     1.0319      98.73     0.0358 5.1273e-02 3.8875e+00    342.114 288.983231    1.82843    35.0134    35.0359    27.2572    1489.27    1488.84 0.0000e+00
       8233    372.000     8.1822     8.1820   3.656015   3.658107     1.0286      52.46     0.0372 5.1266e-02 2.2426e+00    342.989 288.983241    1.81773    35.0134    35.0359    27.2571    1489.29    1488.84 0.0000e+00
       8254    373.000     8.1823     8.1821   3.656080   3.658169     1.0260      95.35     0.0370 5.1273e-02 3.8872e+00    343.875 288.983251    1.81509    35.0135    35.0360    27.2572    1489.31    1488.85 0.0000e+00
       8275    374.000     8.1825     8.1823   3.656158   3.658248     1.0238      98.75     0.0389 5.1273e-02 3.8876e+00    344.755 288.983261    1.80935    35.0137    35.0362    27.2573    1489.32    1488.85 0.0000e+00
       8296    375.000     8.1826     8.1825   3.656208   3.658303     1.0217      98.73     0.0369 5.1273e-02 3.8876e+00    345.627 288.983271    1.80328    35.0136    35.0361    27.2573    1489.34    1488.85 0.0000e+00
       8317    376.000     8.1830     8.1828   3.656299   3.658384     1.0198      98.71     0.0370 5.1273e-02 -9.990e-29    346.510 288.983281    1.79877    35.0137    35.0362    27.2573    1489.36    1488.85 0.0000e+00
       8338    377.000     8.1833     8.1830   3.656383   3.658462     1.0179      98.69     0.0367 5.1273e-02 -9.990e-29    347.383 288.983291    1.79254    35.0138    35.0363    27.2573    1489.38    1488.85 0.0000e+00
       8359    378.000     8.1834     8.1832   3.656452   3.658538     1.0164      98.66     0.0386 5.1266e-02 -9.990e-29    348.260 288.983302    1.79240    35.0140    35.0365    27.2574    1489.39    1488.85 0.0000e+00
       8380    379.000     8.1837     8.1834   3.656531   3.658613     1.0152      98.56     0.0385 5.1273e-02 -9.990e-29    349.141 288.983312    1.78540    35.0141    35.0366    27.2574    1489.41    1488.85 0.0000e+00
       8401    380.000     8.1840     8.1838   3.656616   3.658713     1.0133      98.22     0.0418 5.1259e-02 3.8876e+00    350.015 288.983322    1.77391    35.0142    35.0368    27.2575    1489.43    1488.86 0.0000e+00
       8423    381.000     8.1842     8.1841   3.656702   3.658789     1.0112      57.13     0.0422 5.1266e-02 3.8876e+00    350.900 288.983332    1.76861    35.0144    35.0368    27.2577    1489.45    1488.86 0.0000e+00
       8444    382.000     8.1845     8.1843   3.656781   3.658857     1.0098      88.10     0.0414 5.1259e-02 3.8876e+00    351.781 288.983342    1.77062    35.0145    35.0369    27.2577    1489.47    1488.86 0.0000e+00
       8465    383.000     8.1847     8.1846   3.656857   3.658938     1.0087      98.55     0.0382 5.1273e-02 2.3364e+00    352.655 288.983353    1.76737    35.0146    35.0369    27.2577    1489.48    1488.86 0.0000e+00
       8486    384.000     8.1851     8.1848   3.656937   3.659014     1.0076      98.72     0.0396 5.1280e-02 3.8832e+00    353.540 288.983363    1.75853    35.0146    35.0371    27.2577    1489.50    1488.86 0.0000e+00
       8507    385.000     8.1853     8.1850   3.657005   3.659088     1.0055      98.73     0.0393 5.1273e-02 3.8876e+00    354.414 288.983373    1.74783    35.0147    35.0372    27.2577    1489.52    1488.86 0.0000e+00
       8528    386.000     8.1857     8.1855   3.657105   3.659196     1.0038      98.73     0.0364 5.1273e-02 3.8876e+00    355.294 288.983383    1.74262    35.0149    35.0374    27.2578    1489.54    1488.87 0.0000e+00
       8549    387.000     8.1860     8.1858   3.657193   3.659282     1.0019      98.73     0.0359 5.1273e-02 3.8876e+00    356.178 288.983393    1.73595    35.0150    35.0375    27.2578    1489.55    1488.87 0.0000e+00
       8570    388.000     8.1861     8.1860   3.657259   3.659352     1.0002      44.00     0.0352 5.1273e-02 3.8876e+00    357.057 288.983403    1.73211    35.0152    35.0376    27.2579    1489.57    1488.87 0.0000e+00
       8592    389.000     8.1865     8.1863   3.657342   3.659426     0.9986      98.02     0.0377 5.1266e-02 3.8876e+00    357.939 288.983414    1.72420    35.0152    35.0376    27.2579    1489.59    1488.87 0.0000e+00
       8613    390.000     8.1867     8.1865   3.657419   3.659503     0.9965      98.73     0.0379 5.1273e-02 3.8876e+00    358.815 288.983424    1.71583    35.0153    35.0378    27.2580    1489.61    1488.87 0.0000e+00
       8634    391.000     8.1868     8.1867   3.657480   3.659578     0.9947      98.74     0.0348 5.1273e-02 3.8876e+00    359.688 288.983434    1.71181    35.0154    35.0379    27.2580    1489.62    1488.87 0.0000e+00
       8655    392.000     8.1873     8.1871   3.657570   3.659664     0.9932      98.75     0.0346 5.1280e-02 3.8876e+00    360.564 288.983444    1.70825    35.0154    35.0379    27.2579    1489.64    1488.88 0.0000e+00
       8676    393.000     8.1874     8.1874   3.657641   3.659740     0.9916      98.75     0.0386 5.1273e-02 3.3448e+00    361.438 288.983454    1.70499    35.0156    35.0380    27.2581    1489.66    1488.88 0.0000e+00
       8697    394.000     8.1875     8.1874   3.657687   3.659791     0.9905      98.75     0.0381 5.1273e-02 2.8780e+00    362.318 288.983464    1.69991    35.0155    35.0380    27.2580    1489.68    1488.88 0.0000e+00
       8718    395.000     8.1876     8.1874   3.657745   3.659828     0.9888      57.28     0.0353 5.1266e-02 3.8762e+00    363.199 288.983475    1.69424    35.0155    35.0379    27.2580    1489.69    1488.88 0.0000e+00
       8739    396.000     8.1882     8.1881   3.657868   3.659962     0.9877      98.52     0.0370 5.1273e-02 3.8876e+00    364.079 288.983485    1.69339    35.0158    35.0382    27.2581    1489.71    1488.88 0.0000e+00
       8760    397.000     8.1886     8.1884   3.657966   3.660056     0.9865      98.75     0.0369 5.1273e-02 3.8876e+00    364.958 288.983495    1.68959    35.0159    35.0384    27.2582    1489.73    1488.89 0.0000e+00
       8781    398.000     8.1887     8.1886   3.658028   3.660114     0.9855      98.75     0.0360 5.1273e-02 3.8876e+00    365.837 288.983505    1.68667    35.0160    35.0384    27.2582    1489.75    1488.89 0.0000e+00
       8802    399.000     8.1888     8.1886   3.658072   3.660174     0.9844      98.75     0.0369 5.1273e-02 3.8876e+00    366.716 288.983515    1.68103    35.0159    35.0385    27.2581    1489.76    1488.89 0.0000e+00
       8824    400.000     8.1889     8.1887   3.658132   3.660225     0.9831      98.75     0.0390 5.1273e-02 3.8876e+00    367.605 288.983526    1.67297    35.0160    35.0385    27.2582    1489.78    1488.89 0.0000e+00
       8845    401.000     8.1891     8.1889   3.658197   3.660292     0.9813      91.27     0.0384 5.1273e-02 3.8876e+00    368.485 288.983536    1.66245    35.0160    35.0386    27.2581    1489.80    1488.90 0.0000e+00
       8866    402.000     8.1893     8.1891   3.658256   3.660357     0.9793      64.18     0.0416 5.1253e-02 3.8876e+00    369.370 288.983546    1.66014    35.0160    35.0386    27.2581    1489.81    1488.90 0.0000e+00
       8887    403.000     8.1894     8.1891   3.658325   3.660418     0.9782      98.92     0.0411 5.1273e-02 3.8876e+00    370.254 288.983556    1.66303    35.0161    35.0387    27.2582    1489.83    1488.90 0.0000e+00
       8908    404.000     8.1897     8.1895   3.658427   3.660516     0.9776      98.75     0.0374 5.1273e-02 3.8876e+00    371.126 288.983566    1.66063    35.0164    35.0389    27.2584    1489.85    1488.90 0.0000e+00
       8929    405.000     8.1900     8.1898   3.658507   3.660598     0.9764      98.75     0.0354 5.1273e-02 3.8876e+00    372.010 288.983576    1.65315    35.0165    35.0390    27.2584    1489.87    1488.90 0.0000e+00
       8950    406.000     8.1903     8.1902   3.658604   3.660650     0.9754      98.75     0.0367 5.1273e-02 2.2854e+00    372.894 288.983587    1.65678    35.0168    35.0387    27.2586    1489.89    1488.91 0.0000e+00
       8972    407.000     8.1906     8.1904   3.658666   3.660752     0.9751      98.75     0.0361 5.1273e-02 3.8840e+00    373.772 288.983597    1.65032    35.0167    35.0391    27.2584    1489.90    1488.91 0.0000e+00
       8993    408.000     8.1906     8.1904   3.658715   3.660814     0.9733      82.85     0.0386 5.1273e-02 3.7963e+00    374.653 288.983607    1.63784    35.0167    35.0393    27.2585    1489.92    1488.91 0.0000e+00
       9014    409.000     8.1908     8.1906   3.658793   3.660885     0.9720      76.50     0.0394 5.1273e-02 3.8865e+00    375.531 288.983617    1.63811    35.0169    35.0394    27.2586    1489.94    1488.91 0.0000e+00
       9035    410.000     8.1912     8.1910   3.658886   3.660967     0.9708      98.64     0.0394 5.1280e-02 3.8876e+00    376.413 288.983627    1.63404    35.0170    35.0394    27.2586    1489.95    1488.92 0.0000e+00
       9056    411.000     8.1913     8.1911   3.658925   3.661015     0.9696      98.75     0.0364 5.1273e-02 3.8876e+00    377.297 288.983638    1.63153    35.0168    35.0393    27.2585    1489.97    1488.92 0.0000e+00
       9077    412.000     8.1914     8.1911   3.658988   3.661068     0.9688      98.75     0.0355 5.1273e-02 3.8876e+00    378.176 288.983648    1.62884    35.0169    35.0394    27.2585    1489.99    1488.92 0.0000e+00
       9098    413.000     8.1917     8.1915   3.659068   3.661161     0.9676      98.75     0.0394 5.1273e-02 3.8876e+00    379.060 288.983658    1.62150    35.0170    35.0395    27.2585    1490.01    1488.93 0.0000e+00
       9120    414.000     8.1921     8.1919   3.659161   3.661259     0.9662      98.75     0.0407 5.1273e-02 3.7970e+00    379.939 288.983668    1.61863    35.0171    35.0397    27.2586    1490.02    1488.93 0.0000e+00
       9141    415.000     8.1924     8.1922   3.659253   3.661344     0.9653      98.75     0.0402 5.1273e-02 3.8858e+00    380.817 288.983678    1.61758    35.0173    35.0398    27.2587    1490.04    1488.93 0.0000e+00
       9162    416.000     8.1927     8.1925   3.659339   3.661433     0.9644      98.73     0.0381 5.1259e-02 3.8876e+00    381.702 288.983689    1.61729    35.0175    35.0400    27.2587    1490.06    1488.93 0.0000e+00
       9183    417.000     8.1927     8.1925   3.659374   3.661473     0.9638      98.62     0.0371 5.1273e-02 2.3205e+00    382.580 288.983699    1.61476    35.0174    35.0400    27.2587    1490.08    1488.94 0.0000e+00
       9204    418.000     8.1931     8.1929   3.659480   3.661568     0.9631      94.37     0.0362 5.1266e-02 3.8908e+00    383.461 288.983709    1.60439    35.0176    35.0401    27.2588    1490.09    1488.94 0.0000e+00
       9225    419.000     8.1933     8.1931   3.659535   3.661648     0.9610      63.24     0.0348 5.1259e-02 3.8876e+00    384.344 288.983719    1.59860    35.0176    35.0403    27.2587    1490.11    1488.94 0.0000e+00
       9246    420.000     8.1934     8.1932   3.659608   3.661699     0.9603      98.32     0.0385 5.1266e-02 3.8876e+00    385.212 288.983729    1.60064    35.0178    35.0403    27.2589    1490.13    1488.94 0.0000e+00
       9267    421.000     8.1935     8.1934   3.659667   3.661767     0.9594      97.98     0.0405 5.1273e-02 3.8876e+00    386.100 288.983740    1.59724    35.0178    35.0403    27.2589    1490.15    1488.95 0.0000e+00
       9289    422.000     8.1937     8.1935   3.659730   3.661833     0.9583      98.03     0.0397 5.1273e-02 3.8876e+00    386.981 288.983750    1.59044    35.0178    35.0404    27.2589    1490.16    1488.95 0.0000e+00
       9310    423.000     8.1938     8.1936   3.659797   3.661885     0.9572      97.89     0.0393 5.1260e-02 3.8876e+00    387.858 288.983760    1.58792    35.0180    35.0404    27.2590    1490.18    1488.95 0.0000e+00
       9331    424.000     8.1940     8.1939   3.659873   3.661965     0.9561      97.78     0.0366 5.1273e-02 -9.990e-29    388.744 288.983770    1.58288    35.0181    35.0405    27.2590    1490.20    1488.96 0.0000e+00
       9352    425.000     8.1943     8.1943   3.659954   3.662049     0.9547      83.65     0.0389 5.1273e-02 -9.990e-29    389.621 288.983780    1.57129    35.0182    35.0405    27.2591    1490.22    1488.96 0.0000e+00
       9373    426.000     8.1945     8.1944   3.660026   3.662119     0.9527      72.03     0.0411 5.1273e-02 -9.990e-29    390.508 288.983791    1.56887    35.0183    35.0407    27.2591    1490.23    1488.96 0.0000e+00
       9394    427.000     8.1947     8.1946   3.660092   3.662174     0.9517      99.09     0.0403 5.1273e-02 -9.990e-29    391.395 288.983801    1.56682    35.0183    35.0406    27.2591    1490.25    1488.96 0.0000e+00
       9416    428.000     8.1951     8.1950   3.660192   3.662286     0.9502      98.57     0.0377 5.1273e-02 -9.990e-29    392.272 288.983811    1.55752    35.0185    35.0409    27.2592    1490.27    1488.97 0.0000e+00
       9437    429.000     8.1957     8.1955   3.660308   3.662405     0.9486      98.63     0.0357 5.1273e-02 -9.990e-29    393.157 288.983821    1.55286    35.0187    35.0412    27.2592    1490.29    1488.97 0.0000e+00
       9458    430.000     8.1961     8.1959   3.660395   3.662486     0.9472      98.68     0.0404 5.1259e-02 -9.990e-29    394.044 288.983832    1.55073    35.0187    35.0412    27.2592    1490.31    1488.97 0.0000e+00
       9479    431.000     8.1962     8.1960   3.660447   3.662549     0.9459      98.72     0.0383 5.1273e-02 -9.990e-29    394.937 288.983842    1.54401    35.0187    35.0413    27.2592    1490.32    1488.98 0.0000e+00
       9501    432.000     8.1964     8.1963   3.660520   3.662614     0.9443      72.53     0.0363 5.1266e-02 3.8876e+00    395.835 288.983852    1.53716    35.0188    35.0412    27.2592    1490.34    1488.98 0.0000e+00
       9522    433.000     8.1966     8.1965   3.660583   3.662683     0.9428      86.04     0.0344 5.1273e-02 3.8876e+00    396.727 288.983863    1.53675    35.0188    35.0413    27.2592    1490.36    1488.98 0.0000e+00
       9544    434.000     8.1969     8.1968   3.660668   3.662758     0.9418      98.78     0.0322 5.1273e-02 3.8876e+00    397.628 288.983873    1.53270    35.0189    35.0413    27.2593    1490.37    1488.99 0.0000e+00
       9566    435.000     8.1976     8.1974   3.660793   3.662889     0.9405      98.74     0.0341 5.1273e-02 3.8876e+00    398.524 288.983883    1.52671    35.0191    35.0417    27.2593    1490.39    1488.99 0.0000e+00
