testdata/CTD/sta0421.cnv
* Sea-Bird SBE 9 Data File:
* FileName = C:\Seabird\CTDData\sta0421.hex
* Software Version Seasave V 7.21f
* Temperature SN = 4557
* Conductivity SN = 1337
* Number of Bytes Per Scan = 40
* Number of Voltage Words = 5
* Number of Scans Averaged by the Deck Unit = 1
* NMEA Latitude = 61 29.30 N
* NMEA Longitude = 005 16.10 E
* NMEA UTC (Time) = Oct 18 2018 05:13:16
* NMEA baud rate = 4800
** Ship: 10 F/F "G. O. Sars"
** Station: 0421
** Echodepth: 371
** Log: 5634.90
** Wind-Dir Force: 24 10
** Air-temp (dry): 9.8
** Weather Sky: 8 8
** Sea Ice: 2 0
# nquan = 20                                
# nvalues = 362                         
# units = specified
# name 0 = scan: Scan Count
# name 1 = prDM: Pressure, Digiquartz [db]
# name 2 = t068C: Temperature [ITS-68, deg C]
# name 3 = t168C: Temperature, 2 [ITS-68, deg C]
# name 4 = c0S/m: Conductivity [S/m]
# name 5 = c1S/m: Conductivity, 2 [S/m]
# name 6 = sbeox0V: Oxygen raw, SBE 43 [V]
# name 7 = altM: Altimeter [m]
# name 8 = flC: Fluorescence, Chelsea Aqua 3 Chl Con [ug/l]
# name 9 = par: PAR/Irradiance, Biospherical/Licor
# name 10 = spar: SPAR/Surface Irradiance
# name 11 = timeS: Time, Elapsed [seconds]
# name 12 = timeJ: Julian Days
# name 13 = sbeox0ML/L: Oxygen, SBE 43 [ml/l], WS = 2
# name 14 = sal00: Salinity, Practical [PSU]
# name 15 = sal11: Salinity, Practical, 2 [PSU]
# name 16 = sigma-t00: Density [sigma-t, Kg/m^3 ]
# name 17 = svCM: Sound Velocity [Chen-Millero, m/s]
# name 18 = avgsvCM: Average Sound Velocity [Chen-Millero, m/s], minP = 1, minS = 5
# name 19 = flag: flag
# span 0 =        355,       8100       
# span 1 =      4.000,    365.000       
# span 2 =     7.6834,    13.8764       
# span 3 =     7.6830,    13.8756       
# span 4 =   3.031757,   3.880716       
# span 5 =   3.077241,   3.882770       
# span 6 =     1.8574,     2.2886       
# span 7 =      12.53,      99.52       
# span 8 =     0.0154,     0.2839       
# span 9 = 5.1227e-02, 5.8025e-01       
# span 10 = 1.9438e+00, 1.9438e+00      
# span 11 =     14.754,    337.439      
# span 12 = 291.217752, 291.221486      
# span 13 =    4.67430,    5.97436      
# span 14 =    26.0399,    35.0618      
# span 15 =    26.4020,    35.0825      
# span 16 =    19.7168,    27.3695      
# span 17 =    1484.30,    1499.55      
# span 18 =    1484.65,    1495.52      
# span 19 = 0.0000e+00, 0.0000e+00      
# interval = decibars: 1                
# start_time = Oct 18 2018 05:13:19 [System UTC, header]
# bad_flag = -9.990e-29
*END*
        355      4.000    11.5623    11.6679   3.031757   3.081624     2.2799      98.68     0.2789 5.8025e-01 -9.990e-29     14.754 291.217752    5.97436    26.0399    26.4379    19.7168    1484.65    1484.65 0.0000e+00
        400      5.000    11.6761    11.7300   3.077347   3.095895     2.2820      96.76     0.2809 4.3084e-01 -9.990e-29     16.616 291.217773    5.96186    26.3912    26.5285    19.9697    1485.49    1484.82 0.0000e+00
        427      6.000    11.6641    11.6591   3.077083   3.077241     2.2834      96.93     0.2839 2.9156e-01 -9.990e-29     17.759 291.217787    5.96380    26.3969    26.4020    19.9762    1485.47    1484.93 0.0000e+00
        449      7.000    11.7845    11.8045   3.143551   3.156789     2.2831      27.33     0.2789 1.8343e-01 -9.990e-29     18.651 291.217797    5.92184    26.9398    27.0507    20.3762    1486.56    1485.16 0.0000e+00
        470      8.000    11.8882    11.8874   3.209382   3.211852     2.2828      81.57     0.2599 1.2618e-01 -9.990e-29     19.542 291.217807    5.89486    27.4872    27.5112    20.7822    1487.59    1485.47 0.0000e+00
        491      9.000    11.8831    11.8828   3.217952   3.219766     2.2847      96.75     0.2458 8.5198e-02 -9.990e-29     20.429 291.217817    5.90614    27.5718    27.5892    20.8486    1487.69    1485.71 0.0000e+00
        513     10.000    11.8811    11.8809   3.224602   3.226536     2.2855      53.70     0.2383 6.2042e-02 -9.990e-29     21.323 291.217828    5.89342    27.6359    27.6544    20.8987    1487.78    1485.92 0.0000e+00
        534     11.000    11.8872    11.8870   3.231626   3.233974     2.2846      72.32     0.2346 5.1642e-02 -9.990e-29     22.204 291.217838    5.88295    27.6976    27.7200    20.9454    1487.89    1486.10 0.0000e+00
        555     12.000    11.9269    11.9270   3.258083   3.260299     2.2834      96.60     0.2259 5.1265e-02 -9.990e-29     23.091 291.217848    5.86628    27.9185    27.9394    21.1096    1488.31    1486.28 0.0000e+00
        577     13.000    12.0063    12.0067   3.313475   3.316239     2.2827      96.94     0.2128 5.1273e-02 -9.990e-29     23.995 291.217859    5.84000    28.3835    28.4094    21.4558    1489.16    1486.50 0.0000e+00
        599     14.000    12.0130    12.0132   3.336398   3.339200     2.2824      96.89     0.1909 5.1266e-02 1.9438e+00     24.899 291.217869    5.83815    28.5955    28.6220    21.6188    1489.45    1486.71 0.0000e+00
        620     15.000    12.1205    12.1215   3.381832   3.384607     2.2830      96.85     0.1757 5.1273e-02 1.9438e+00     25.807 291.217880    5.80587    28.9435    28.9691    21.8691    1490.25    1486.95 0.0000e+00
        642     16.000    12.5569    12.5551   3.461049   3.464185     2.2808      96.84     0.1548 5.1273e-02 1.9438e+00     26.706 291.217890    5.73119    29.3525    29.3834    22.1060    1492.26    1487.28 0.0000e+00
        663     17.000    12.7104    12.7078   3.504831   3.506944     2.2823      96.81     0.1326 5.1253e-02 1.9438e+00     27.579 291.217900    5.74163    29.6434    29.6653    22.3025    1493.14    1487.62 0.0000e+00
        684     18.000    12.5882    12.5831   3.502313   3.504542     2.2886      96.82     0.1176 5.1273e-02 1.9438e+00     28.471 291.217911    5.74747    29.7155    29.7405    22.3811    1492.83    1487.91 0.0000e+00
        706     19.000    12.9413    12.9579   3.574064   3.580277     2.2818      95.22     0.1110 5.1260e-02 1.9438e+00     29.382 291.217921    5.57150    30.1089    30.1538    22.6188    1494.51    1488.26 0.0000e+00
        728     20.000    13.1325    13.1269   3.627209   3.629460     2.2612      40.06     0.0982 5.1287e-02 -9.990e-29     30.296 291.217932    5.48502    30.4523    30.4778    22.8476    1495.58    1488.62 0.0000e+00
        750     21.000    13.1382    13.1543   3.643619   3.649126     2.2582      51.43     0.0877 5.1247e-02 -9.990e-29     31.191 291.217942    5.52322    30.6004    30.6388    22.9610    1495.79    1488.96 0.0000e+00
        771     22.000    13.4962    13.5186   3.705179   3.712465     2.2508      95.97     0.0795 5.1266e-02 -9.990e-29     32.068 291.217952    5.39737    30.8837    30.9331    23.1099    1497.33    1489.34 0.0000e+00
        792     23.000    13.8411    13.8519   3.780289   3.785972     2.2356      89.68     0.0663 5.1273e-02 1.9438e+00     32.958 291.217962    5.30549    31.2974    31.3409    23.3604    1498.98    1489.76 0.0000e+00
        814     24.000    13.8764    13.8756   3.796848   3.799515     2.2287      39.90     0.0592 5.1280e-02 1.9438e+00     33.856 291.217973    5.29675    31.4207    31.4459    23.4485    1499.25    1490.15 0.0000e+00
        835     25.000    13.8640    13.8646   3.803788   3.806975     2.2175      95.86     0.0531 5.1273e-02 1.9438e+00     34.759 291.217983    5.19984    31.4944    31.5233    23.5079    1499.32    1490.51 0.0000e+00
        857     26.000    13.8742    13.8720   3.819556   3.823004     2.1934      96.50     0.0485 5.1254e-02 1.9438e+00     35.677 291.217994    5.08287    31.6309    31.6645    23.6112    1499.53    1490.86 0.0000e+00
        879     27.000    13.8370    13.8269   3.828218   3.830473     2.1702      25.78     0.0487 5.1321e-02 1.9438e+00     36.583 291.218004    5.04313    31.7411    31.7703    23.7039    1499.55    1491.18 0.0000e+00
        900     28.000    13.6209    13.6065   3.815127   3.815442     2.1561      84.74     0.0480 5.1254e-02 1.9438e+00     37.474 291.218015    5.05538    31.7987    31.8136    23.7919    1498.92    1491.45 0.0000e+00
        922     29.000    13.3455    13.3334   3.786714   3.787454     2.1440      96.27     0.0503 5.1273e-02 1.9438e+00     38.367 291.218025    5.05207    31.7631    31.7801    23.8192    1497.98    1491.68 0.0000e+00
        943     30.000    13.2843    13.2821   3.781813   3.783575     2.1318      59.81     0.0518 5.1286e-02 1.9438e+00     39.269 291.218035    5.04186    31.7679    31.7862    23.8351    1497.80    1491.88 0.0000e+00
        966     31.000    13.2208    13.2162   3.776945   3.778534     2.1272      70.78     0.0509 5.1280e-02 1.9438e+00     40.189 291.218046    5.10505    31.7750    31.7937    23.8531    1497.61    1492.06 0.0000e+00
        987     32.000    13.2632    13.2662   3.783144   3.785560     2.1349      98.65     0.0506 5.1273e-02 1.9438e+00     41.102 291.218057    5.17383    31.7972    31.8173    23.8619    1497.80    1492.24 0.0000e+00
       1009     33.000    13.3351    13.3356   3.794031   3.796092     2.1455      98.70     0.0496 5.1273e-02 1.9438e+00     41.997 291.218067    5.21071    31.8385    31.8573    23.8796    1498.10    1492.42 0.0000e+00
       1030     34.000    13.0651    13.0608   3.771410   3.773370     2.1575      98.63     0.0500 5.1273e-02 -9.990e-29     42.890 291.218077    5.28026    31.8523    31.8743    23.9434    1497.23    1492.56 0.0000e+00
       1052     35.000    13.0519    13.0508   3.780375   3.782348     2.1665      98.15     0.0542 5.1273e-02 -9.990e-29     43.785 291.218088    5.26009    31.9473    31.9668    24.0195    1497.32    1492.70 0.0000e+00
       1073     36.000    13.0209    13.0196   3.785544   3.787747     2.1669      96.77     0.0533 5.1267e-02 -9.990e-29     44.681 291.218098    5.25329    32.0217    32.0435    24.0831    1497.32    1492.82 0.0000e+00
       1095     37.000    13.0623    13.0631   3.800189   3.802343     2.1716      97.74     0.0511 5.1273e-02 1.9438e+00     45.587 291.218109    5.27488    32.1241    32.1437    24.1543    1497.60    1492.95 0.0000e+00
       1117     38.000    13.0794    13.0786   3.807630   3.809619     2.1764      98.70     0.0534 5.1273e-02 1.9438e+00     46.488 291.218119    5.28777    32.1792    32.1986    24.1936    1497.73    1493.08 0.0000e+00
       1138     39.000    13.0452    13.0426   3.811431   3.813316     2.1810      98.77     0.0528 5.1280e-02 1.9438e+00     47.381 291.218129    5.29272    32.2437    32.2636    24.2501    1497.71    1493.20 0.0000e+00
       1160     40.000    13.0124    13.0115   3.813577   3.815523     2.1821      98.78     0.0485 5.1273e-02 1.9438e+00     48.275 291.218140    5.27224    32.2914    32.3105    24.2935    1497.68    1493.31 0.0000e+00
       1181     41.000    12.9714    12.9699   3.812850   3.814713     2.1789      98.78     0.0459 5.1266e-02 1.9438e+00     49.167 291.218150    5.24835    32.3191    32.3380    24.3230    1497.59    1493.41 0.0000e+00
       1203     42.000    12.9520    12.9491   3.811330   3.813022     2.1752      98.78     0.0471 5.1253e-02 1.9438e+00     50.067 291.218161    5.24735    32.3209    32.3394    24.3282    1497.54    1493.51 0.0000e+00
       1224     43.000    12.9720    12.9721   3.816532   3.818514     2.1736      98.78     0.0493 5.1273e-02 -9.990e-29     50.962 291.218171    5.25137    32.3525    32.3712    24.3487    1497.66    1493.61 0.0000e+00
       1246     44.000    13.0516    13.0517   3.829380   3.831446     2.1736      98.76     0.0468 5.1273e-02 -9.990e-29     51.854 291.218181    5.25545    32.4053    32.4247    24.3740    1498.01    1493.71 0.0000e+00
       1267     45.000    13.0474    13.0476   3.832411   3.834482     2.1765      98.27     0.0445 5.1273e-02 -9.990e-29     52.766 291.218192    5.27279    32.4371    32.4564    24.3994    1498.05    1493.80 0.0000e+00
       1289     46.000    13.0401    13.0398   3.835332   3.837369     2.1779      96.32     0.0460 5.1273e-02 -9.990e-29     53.681 291.218202    5.25110    32.4705    32.4899    24.4267    1498.08    1493.90 0.0000e+00
       1311     47.000    13.0100    13.0095   3.840751   3.842960     2.1739      96.13     0.0449 5.1254e-02 1.9438e+00     54.590 291.218213    5.22341    32.5470    32.5683    24.4918    1498.09    1493.98 0.0000e+00
       1333     48.000    13.0036    13.0033   3.850193   3.852291     2.1702      96.16     0.0429 5.1252e-02 1.9438e+00     55.494 291.218223    5.21120    32.6413    32.6613    24.5660    1498.19    1494.07 0.0000e+00
       1354     49.000    13.0016    13.0012   3.853513   3.855510     2.1661      96.07     0.0405 5.1266e-02 1.9438e+00     56.384 291.218234    5.19144    32.6739    32.6931    24.5917    1498.24    1494.16 0.0000e+00
       1375     50.000    13.0026    13.0028   3.856465   3.858465     2.1612      96.07     0.0419 5.1266e-02 1.9438e+00     57.270 291.218244    5.17092    32.7006    32.7193    24.6121    1498.29    1494.24 0.0000e+00
       1397     51.000    12.9977    12.9974   3.856975   3.858939     2.1550      96.14     0.0439 5.1273e-02 1.9438e+00     58.170 291.218254    5.14941    32.7092    32.7280    24.6198    1498.30    1494.32 0.0000e+00
       1419     52.000    12.9958    12.9961   3.858386   3.860498     2.1496      96.21     0.0424 5.1273e-02 -9.990e-29     59.075 291.218265    5.13626    32.7238    32.7435    24.6314    1498.33    1494.40 0.0000e+00
       1440     53.000    13.0149    13.0156   3.865903   3.868177     2.1444      96.17     0.0410 5.1280e-02 -9.990e-29     59.976 291.218275    5.11960    32.7779    32.7988    24.6696    1498.48    1494.47 0.0000e+00
       1462     54.000    13.0182    13.0176   3.869484   3.871499     2.1400      96.94     0.0394 5.1273e-02 -9.990e-29     60.863 291.218285    5.11113    32.8085    32.8280    24.6926    1498.54    1494.55 0.0000e+00
       1483     55.000    13.0132    13.0130   3.874725   3.876784     2.1368      98.73     0.0364 5.1273e-02 -9.990e-29     61.745 291.218296    5.10657    32.8619    32.8815    24.7349    1498.60    1494.62 0.0000e+00
       1504     56.000    13.0227    13.0228   3.880716   3.882770     2.1337      98.78     0.0344 5.1273e-02 1.9438e+00     62.639 291.218306    5.09007    32.9099    32.9292    24.7702    1498.71    1494.69 0.0000e+00
       1526     57.000    12.9567    12.9551   3.879350   3.881236     2.1295      98.78     0.0342 5.1273e-02 1.9438e+00     63.538 291.218316    5.08268    32.9539    32.9732    24.8173    1498.55    1494.76 0.0000e+00
       1548     58.000    12.8976    12.8956   3.875944   3.877762     2.1259      98.78     0.0314 5.1273e-02 1.9438e+00     64.446 291.218327    5.06433    32.9727    32.9917    24.8434    1498.40    1494.82 0.0000e+00
       1570     59.000    12.8513    12.8504   3.874274   3.876182     2.1175      96.09     0.0296 5.1273e-02 1.9438e+00     65.362 291.218338    5.01450    32.9968    33.0157    24.8712    1498.29    1494.88 0.0000e+00
       1591     60.000    12.8476    12.8477   3.876221   3.878207     2.1064      61.85     0.0325 5.1260e-02 1.9438e+00     66.264 291.218348    4.97783    33.0181    33.0369    24.8884    1498.31    1494.94 0.0000e+00
       1613     61.000    12.8393    12.8388   3.876429   3.878374     2.0971      98.64     0.0342 5.1266e-02 1.9438e+00     67.163 291.218358    4.96396    33.0270    33.0459    24.8969    1498.31    1494.99 0.0000e+00
       1634     62.000    12.8019    12.7986   3.874563   3.876142     2.0905      98.78     0.0353 5.1280e-02 1.9438e+00     68.056 291.218369    4.96065    33.0415    33.0594    24.9154    1498.22    1495.05 0.0000e+00
       1656     63.000    12.6883    12.6879   3.866588   3.868499     2.0851      54.36     0.0330 5.1266e-02 1.9438e+00     68.942 291.218379    4.96753    33.0647    33.0833    24.9555    1497.88    1495.09 0.0000e+00
       1677     64.000    12.6799    12.6798   3.866469   3.868459     2.0823      95.88     0.0344 5.1266e-02 1.9438e+00     69.836 291.218389    4.95765    33.0705    33.0896    24.9617    1497.88    1495.14 0.0000e+00
       1699     65.000    12.6790    12.6801   3.870404   3.872596     2.0760      98.80     0.0315 5.1266e-02 1.9438e+00     70.735 291.218400    4.91745    33.1084    33.1283    24.9912    1497.94    1495.18 0.0000e+00
       1720     66.000    12.6946    12.6953   3.878546   3.880552     2.0672      73.31     0.0299 5.1266e-02 -9.990e-29     71.641 291.218410    4.87626    33.1719    33.1904    25.0374    1498.08    1495.22 0.0000e+00
       1742     67.000    12.6348    12.6343   3.876415   3.878335     2.0590      73.43     0.0321 5.1266e-02 -9.990e-29     72.541 291.218421    4.87647    33.2038    33.2226    25.0737    1497.93    1495.26 0.0000e+00
       1764     68.000    12.6035    12.6029   3.874723   3.876641     2.0552      98.82     0.0341 5.1273e-02 -9.990e-29     73.439 291.218431    4.89646    33.2148    33.2337    25.0883    1497.86    1495.30 0.0000e+00
       1785     69.000    12.5627    12.5621   3.872553   3.874442     2.0556      97.00     0.0334 5.1266e-02 -9.990e-29     74.335 291.218441    4.91375    33.2297    33.2483    25.1077    1497.75    1495.34 0.0000e+00
       1807     70.000    12.3136    12.3099   3.851690   3.852865     2.0548      48.46     0.0314 5.1273e-02 1.9438e+00     75.230 291.218452    4.92903    33.2496    33.2642    25.1710    1496.95    1495.36 0.0000e+00
       1828     71.000    12.1595    12.1596   3.840776   3.842778     2.0530      98.54     0.0311 5.1266e-02 1.9438e+00     76.121 291.218462    4.91750    33.2809    33.3001    25.2245    1496.48    1495.37 0.0000e+00
       1849     72.000    12.2066    12.2083   3.851048   3.853318     2.0459      98.78     0.0307 5.1273e-02 1.9438e+00     77.019 291.218472    4.85634    33.3377    33.3581    25.2597    1496.72    1495.39 0.0000e+00
       1871     73.000    12.2462    12.2460   3.857553   3.859490     2.0357      98.78     0.0311 5.1273e-02 1.9438e+00     77.912 291.218483    4.81151    33.3647    33.3836    25.2731    1496.91    1495.41 0.0000e+00
       1892     74.000    12.1979    12.1984   3.854640   3.856556     2.0264      98.78     0.0345 5.1273e-02 1.9438e+00     78.806 291.218493    4.80992    33.3792    33.3973    25.2936    1496.78    1495.43 0.0000e+00
       1914     75.000    12.1955    12.1958   3.856999   3.859121     2.0225      98.78     0.0331 5.1266e-02 -9.990e-29     79.709 291.218504    4.82897    33.4037    33.4240    25.3130    1496.81    1495.45 0.0000e+00
