testdata/CTD/sta0405.cnv
* Sea-Bird SBE 9 Data File:
* FileName = C:\Seabird\CTDData\sta0405.hex
* Software Version Seasave V 7.21f
* Temperature SN = 4557
* Conductivity SN = 1337
* Number of Bytes Per Scan = 40
* Number of Voltage Words = 5
* Number of Scans Averaged by the Deck Unit = 1
* NMEA Latitude = 60 49.01 N
* NMEA Longitude = 005 19.21 E
* NMEA UTC (Time) = Oct 14 2018 06:00:21
* NMEA baud rate = 4800
** Ship: 10 F/F "G. O. Sars"
** Station: 0405
** Echodepth: 230
** Log: 5338.24
** Wind-Dir Force: 21 20
** Air-temp (dry): 19.1
** Weather Sky: 8 8
** Sea Ice: 2 0
# nquan = 20                                
# nvalues = 222                         
# units = specified
# name 0 = scan: Scan Count
# name 1 = prDM: Pressure, Digiquartz [db]
# name 2 = t068C: Temperature [ITS-68, deg C]
# name 3 = t168C: Temperature, 2 [ITS-68, deg C]
# name 4 = c0S/m: Conductivity [S/m]
# name 5 = c1S/m: Conductivity, 2 [S/m]
# name 6 = sbeox0V: Oxygen raw, SBE 43 [V]
# name 7 = altM: Altimeter [m]
# name 8 = flC: Fluorescence, Chelsea Aqua 3 Chl Con [ug/l]
# name 9 = par: PAR/Irradiance, Biospherical/Licor
# name 10 = spar: SPAR/Surface Irradiance
# name 11 = timeS: Time, Elapsed [seconds]
# name 12 = timeJ: Julian Days
# name 13 = sbeox0ML/L: Oxygen, SBE 43 [ml/l], WS = 2
# name 14 = sal00: Salinity, Practical [PSU]
# name 15 = sal11: Salinity, Practical, 2 [PSU]
# name 16 = sigma-t00: Density [sigma-t, Kg/m^3 ]
# name 17 = svCM: Sound Velocity [Chen-Millero, m/s]
# name 18 = avgsvCM: Average Sound Velocity [Chen-Millero, m/s], minP = 1, minS = 5
# name 19 = flag: flag
# span 0 =        399,       5127       
# span 1 =      4.000,    225.000       
# span 2 =     8.0942,    14.6201       
# span 3 =     8.0935,    14.6183       
# span 4 =   3.207732,   3.896361       
# span 5 =   3.197826,   3.898712       
# span 6 =     1.6788,     2.2141       
# span 7 =       8.05,     100.17       
# span 8 =     0.0234,     0.2039       
# span 9 = 5.1225e-02, 3.9184e-01       
# span 10 = 1.9438e+00, 1.9438e+00      
# span 11 =     16.565,    213.604      
# span 12 = 287.250458, 287.252738      
# span 13 =    4.07572,    5.48863      
# span 14 =    26.2510,    34.9569      
# span 15 =    26.1687,    34.9801      
# span 16 =    19.5132,    27.2262      
# span 17 =    1484.96,    1501.49      
# span 18 =    1489.11,    1498.01      
# span 19 = 0.0000e+00, 0.0000e+00      
# interval = decibars: 1                
# start_time = Oct 14 2018 06:00:23 [System UTC, header]
# bad_flag = -9.990e-29
*END*
        399      4.000    13.6093    13.5986   3.207732   3.197826     2.2141      94.31     0.2039 3.9184e-01 1.9438e+00     16.565 287.250458    5.48863    26.2510    26.1687    19.5132    1491.97    1491.97 0.0000e+00
        430      5.000    13.6530    13.6476   3.255524   3.251771     2.2106      87.85     0.2009 2.2771e-01 -9.990e-29     17.859 287.250473    5.44709    26.6530    26.6227    19.8148    1492.61    1492.10 0.0000e+00
        451      6.000    13.7039    13.7212   3.300777   3.317332     2.2103      95.22     0.1955 1.4793e-01 -9.990e-29     18.742 287.250483    5.44231    27.0269    27.1647    20.0933    1493.23    1492.29 0.0000e+00
        473      7.000    13.7001    13.7344   3.312326   3.356576     2.2096      95.62     0.1965 9.8491e-02 -9.990e-29     19.657 287.250494    5.42746    27.1339    27.5108    20.1765    1493.36    1492.44 0.0000e+00
        495      8.000    14.1188    14.0691   3.611484   3.591099     2.2067      83.89     0.1844 6.4511e-02 1.9438e+00     20.563 287.250504    5.28328    29.5397    29.3924    21.9485    1497.58    1493.08 0.0000e+00
        515      9.000    14.3862    14.3861   3.733229   3.734757     2.2040      92.14     0.1527 5.1385e-02 1.9438e+00     21.434 287.250514    5.24263    30.4365    30.4504    22.5854    1499.52    1493.79 0.0000e+00
        536     10.000    14.4496    14.4429   3.756641   3.757531     2.2085      92.45     0.1344 5.1259e-02 1.9438e+00     22.301 287.250524    5.24533    30.5983    30.6117    22.6970    1499.93    1494.41 0.0000e+00
        557     11.000    14.6052    14.6120   3.802974   3.807428     2.2043      90.46     0.1203 5.1266e-02 1.9438e+00     23.175 287.250534    5.13905    30.8939    30.9288    22.8925    1500.80    1494.98 0.0000e+00
        579     12.000    14.6201    14.6183   3.847088   3.847882     2.1888      84.71     0.0975 5.1225e-02 1.9438e+00     24.084 287.250545    5.04815    31.2806    31.2892    23.1873    1501.31    1495.51 0.0000e+00
        601     13.000    14.4443    14.4340   3.850958   3.853089     2.1736      94.96     0.0825 5.1260e-02 1.9438e+00     24.990 287.250555    5.00658    31.4574    31.4852    23.3602    1500.97    1495.93 0.0000e+00
        622     14.000    14.4013    14.4019   3.858922   3.861214     2.1554      93.27     0.0783 5.1247e-02 -9.990e-29     25.885 287.250566    4.93653    31.5645    31.5849    23.4517    1500.97    1496.29 0.0000e+00
        644     15.000    14.4389    14.4434   3.867859   3.871326     2.1361      81.13     0.0757 5.1239e-02 -9.990e-29     26.787 287.250576    4.90216    31.6148    31.6427    23.4827    1501.17    1496.61 0.0000e+00
        666     16.000    14.4874    14.4706   3.877211   3.876442     2.1274      96.11     0.0740 5.1266e-02 -9.990e-29     27.689 287.250587    4.91923    31.6599    31.6666    23.5074    1501.39    1496.91 0.0000e+00
        687     17.000    14.4353    14.4395   3.896361   3.898712     2.1236      96.05     0.0702 5.1273e-02 -9.990e-29     28.583 287.250597    4.92370    31.8766    31.8945    23.6853    1501.49    1497.18 0.0000e+00
        708     18.000    14.1642    14.1686   3.887033   3.889504     2.1211      85.41     0.0644 5.1260e-02 1.9438e+00     29.477 287.250607    4.94002    32.0149    32.0339    23.8482    1500.79    1497.38 0.0000e+00
        730     19.000    13.9886    13.9967   3.877540   3.880061     2.1176      90.66     0.0583 5.1273e-02 1.9438e+00     30.363 287.250618    4.93849    32.0732    32.0897    23.9293    1500.30    1497.53 0.0000e+00
        751     20.000    13.7752    13.7817   3.870299   3.872854     2.1129      95.75     0.0542 5.1266e-02 1.9438e+00     31.249 287.250628    4.94311    32.1844    32.2026    24.0587    1499.75    1497.64 0.0000e+00
        772     21.000    13.7371    13.7361   3.868371   3.870543     2.1094      91.71     0.0576 5.1266e-02 1.9438e+00     32.138 287.250638    4.94829    32.1982    32.2191    24.0770    1499.66    1497.74 0.0000e+00
        794     22.000    13.7386    13.7378   3.868810   3.871063     2.1087      75.74     0.0587 5.1253e-02 1.9438e+00     33.034 287.250649    4.97369    32.2006    32.2221    24.0786    1499.68    1497.83 0.0000e+00
        816     23.000    13.6220    13.6232   3.867260   3.869510     2.1133      96.49     0.0598 5.1260e-02 1.9438e+00     33.946 287.250659    5.01595    32.2840    32.3039    24.1666    1499.41    1497.90 0.0000e+00
        837     24.000    13.5106    13.5089   3.864350   3.866499     2.1181      98.28     0.0594 5.1266e-02 1.9438e+00     34.852 287.250670    5.03377    32.3506    32.3721    24.2406    1499.14    1497.95 0.0000e+00
        859     25.000    13.3225    13.3209   3.857465   3.859604     2.1205      78.24     0.0590 5.1266e-02 1.9438e+00     35.744 287.250680    5.05399    32.4457    32.4671    24.3516    1498.65    1497.98 0.0000e+00
        881     26.000    13.2156    13.2172   3.851405   3.853818     2.1239      98.89     0.0558 5.1273e-02 1.9438e+00     36.646 287.250690    5.07262    32.4796    32.5009    24.3991    1498.35    1497.99 0.0000e+00
        902     27.000    13.1790    13.1806   3.849107   3.851513     2.1249      98.78     0.0600 5.1273e-02 1.9438e+00     37.548 287.250701    5.07956    32.4889    32.5102    24.4136    1498.25    1498.00 0.0000e+00
        924     28.000    13.1616    13.1641   3.849514   3.851857     2.1286      85.63     0.0612 5.1253e-02 -9.990e-29     38.452 287.250711    5.10952    32.5072    32.5271    24.4312    1498.23    1498.01 0.0000e+00
        946     29.000    13.0599    13.0607   3.842402   3.844617     2.1347      91.12     0.0605 5.1267e-02 -9.990e-29     39.361 287.250722    5.14941    32.5270    32.5472    24.4665    1497.93    1498.01 0.0000e+00
        967     30.000    13.0450    13.0450   3.843108   3.845296     2.1403      98.68     0.0587 5.1273e-02 -9.990e-29     40.259 287.250732    5.15936    32.5460    32.5667    24.4842    1497.92    1498.00 0.0000e+00
        989     31.000    13.0393    13.0392   3.843925   3.846075     2.1444      94.67     0.0613 5.1266e-02 -9.990e-29     41.168 287.250743    5.16364    32.5582    32.5786    24.4947    1497.93    1498.00 0.0000e+00
       1011     32.000    13.0380    13.0380   3.845147   3.847505     2.1472      79.81     0.0671 5.1260e-02 1.9438e+00     42.067 287.250753    5.17486    32.5705    32.5927    24.5045    1497.96    1498.00 0.0000e+00
       1032     33.000    13.0370    13.0370   3.846626   3.848898     2.1512      98.84     0.0692 5.1259e-02 1.9438e+00     42.961 287.250763    5.18632    32.5849    32.6063    24.5158    1497.99    1498.00 0.0000e+00
       1054     34.000    13.0329    13.0328   3.847148   3.849410     2.1538      98.78     0.0678 5.1273e-02 1.9438e+00     43.855 287.250774    5.18382    32.5929    32.6144    24.5229    1498.00    1498.00 0.0000e+00
       1075     35.000    12.9981    12.9971   3.846534   3.848865     2.1542      69.17     0.0657 5.1259e-02 1.9438e+00     44.745 287.250784    5.18168    32.6167    32.6396    24.5481    1497.93    1498.00 0.0000e+00
       1096     36.000    12.9473    12.9456   3.849470   3.851888     2.1551      98.75     0.0631 5.1273e-02 1.9438e+00     45.641 287.250794    5.18755    32.6878    32.7122    24.6131    1497.86    1497.99 0.0000e+00
       1118     37.000    12.9349    12.9347   3.852149   3.854392     2.1548      98.79     0.0612 5.1266e-02 -9.990e-29     46.540 287.250805    5.17743    32.7235    32.7449    24.6431    1497.88    1497.99 0.0000e+00
       1140     38.000    12.8986    12.8986   3.856792   3.858996     2.1528      82.84     0.0620 5.1260e-02 -9.990e-29     47.438 287.250815    5.17066    32.7985    32.8193    24.7083    1497.86    1497.99 0.0000e+00
       1161     39.000    12.8885    12.8882   3.858750   3.861030     2.1523      88.96     0.0624 5.1252e-02 -9.990e-29     48.335 287.250826    5.17775    32.8254    32.8472    24.7311    1497.88    1497.98 0.0000e+00
       1183     40.000    12.8903    12.8908   3.859644   3.862110     2.1515      98.87     0.0640 5.1273e-02 -9.990e-29     49.236 287.250836    5.17380    32.8319    32.8548    24.7358    1497.91    1497.98 0.0000e+00
       1204     41.000    12.9485    12.9497   3.869242   3.871727     2.1510      94.13     0.0621 5.1267e-02 1.9438e+00     50.137 287.250846    5.15867    32.8719    32.8943    24.7553    1498.17    1497.99 0.0000e+00
       1226     42.000    12.9169    12.9157   3.866788   3.868982     2.1486      76.05     0.0598 5.1259e-02 1.9438e+00     51.038 287.250857    5.15367    32.8757    32.8975    24.7645    1498.08    1497.99 0.0000e+00
       1247     43.000    12.9183    12.9158   3.869601   3.871643     2.1471      98.69     0.0595 5.1273e-02 1.9438e+00     51.934 287.250867    5.14178    32.9007    32.9222    24.7836    1498.13    1497.99 0.0000e+00
       1269     44.000    12.8515    12.8533   3.865204   3.867657     2.1430      98.78     0.0581 5.1273e-02 1.9438e+00     52.829 287.250878    5.12315    32.9167    32.9384    24.8091    1497.94    1497.99 0.0000e+00
       1290     45.000    12.8222    12.8200   3.863898   3.865986     2.1377      70.14     0.0596 5.1253e-02 1.9438e+00     53.724 287.250888    5.11744    32.9294    32.9512    24.8247    1497.88    1497.99 0.0000e+00
       1312     46.000    12.7673    12.7625   3.860573   3.862419     2.1362      98.64     0.0625 5.1273e-02 -9.990e-29     54.616 287.250898    5.13300    32.9453    32.9670    24.8477    1497.73    1497.98 0.0000e+00
       1333     47.000    12.6102    12.6180   3.849848   3.852657     2.1342      98.76     0.0639 5.1273e-02 -9.990e-29     55.520 287.250909    5.13441    32.9801    33.0000    24.9050    1497.25    1497.97 0.0000e+00
       1355     48.000    12.5889    12.5879   3.852033   3.854207     2.1305      77.59     0.0603 5.1259e-02 -9.990e-29     56.424 287.250919    5.12009    33.0192    33.0408    24.9395    1497.25    1497.95 0.0000e+00
       1377     49.000    12.5421    12.5413   3.849022   3.851273     2.1279      83.78     0.0601 5.1273e-02 -9.990e-29     57.318 287.250930    5.13550    33.0311    33.0533    24.9577    1497.12    1497.94 0.0000e+00
       1398     50.000    12.5566    12.5570   3.854407   3.856748     2.1285      98.80     0.0622 5.1273e-02 1.9438e+00     58.213 287.250940    5.14664    33.0694    33.0914    24.9846    1497.23    1497.92 0.0000e+00
       1420     51.000    12.4757    12.4743   3.851591   3.853719     2.1298      94.60     0.0619 5.1260e-02 1.9438e+00     59.108 287.250950    5.16518    33.1132    33.1348    25.0342    1497.02    1497.90 0.0000e+00
       1441     52.000    12.3579    12.3596   3.848580   3.850788     2.1322      68.23     0.0620 5.1252e-02 1.9438e+00     60.005 287.250961    5.18399    33.1879    33.2076    25.1147    1496.73    1497.88 0.0000e+00
       1463     53.000    12.3127    12.3124   3.849351   3.851591     2.1326      98.75     0.0622 5.1260e-02 1.9438e+00     60.903 287.250971    5.16652    33.2350    33.2568    25.1598    1496.65    1497.86 0.0000e+00
       1484     54.000    12.3102    12.3100   3.852082   3.854324     2.1295      98.46     0.0661 5.1259e-02 1.9438e+00     61.797 287.250981    5.14352    33.2630    33.2848    25.1821    1496.69    1497.84 0.0000e+00
       1506     55.000    12.2112    12.2140   3.851896   3.854304     2.1257      62.61     0.0620 5.1266e-02 1.9438e+00     62.690 287.250992    5.14939    33.3489    33.3696    25.2675    1496.47    1497.81 0.0000e+00
       1527     56.000    12.1457    12.1455   3.848803   3.851087     2.1256      98.65     0.0541 5.1259e-02 1.9438e+00     63.587 287.251002    5.16327    33.3770    33.3993    25.3018    1496.30    1497.78 0.0000e+00
       1549     57.000    11.9934    11.9963   3.840579   3.842976     2.1228      98.77     0.0546 5.1273e-02 1.9438e+00     64.481 287.251013    5.14430    33.4332    33.4539    25.3741    1495.86    1497.75 0.0000e+00
       1570     58.000    11.7577    11.7495   3.828986   3.830782     2.1162      79.97     0.0577 5.1273e-02 1.9438e+00     65.380 287.251023    5.12539    33.5320    33.5569    25.4949    1495.19    1497.71 0.0000e+00
       1592     59.000    11.6501    11.6481   3.823017   3.825204     2.1080      81.39     0.0550 5.1266e-02 1.9438e+00     66.279 287.251033    5.11482    33.5705    33.5937    25.5448    1494.88    1497.66 0.0000e+00
       1613     60.000    11.4414    11.4419   3.811927   3.814184     2.1021      98.73     0.0567 5.1266e-02 -9.990e-29     67.185 287.251044    5.13180    33.6507    33.6724    25.6455    1494.27    1497.60 0.0000e+00
       1635     61.000    11.2908    11.2869   3.802650   3.804755     2.0977      92.78     0.0545 5.1266e-02 -9.990e-29     68.096 287.251054    5.12877    33.6962    33.7205    25.7083    1493.81    1497.54 0.0000e+00
       1657     62.000    11.0345    11.0368   3.786311   3.788923     2.0910      60.82     0.0476 5.1266e-02 -9.990e-29     68.998 287.251065    5.13098    33.7688    33.7926    25.8111    1493.02    1497.47 0.0000e+00
       1678     63.000    10.7213    10.7338   3.766659   3.769640     2.0855      99.36     0.0418 5.1273e-02 -9.990e-29     69.888 287.251075    5.13940    33.8614    33.8796    25.9388    1492.05    1497.38 0.0000e+00
       1700     64.000    10.6861    10.6843   3.764678   3.766960     2.0777      98.79     0.0416 5.1280e-02 1.9438e+00     70.773 287.251085    5.11208    33.8737    33.8982    25.9546    1491.95    1497.29 0.0000e+00
       1721     65.000    10.6125    10.6097   3.761051   3.763253     2.0705      60.18     0.0403 5.1273e-02 1.9438e+00     71.662 287.251096    5.11413    33.9052    33.9299    25.9921    1491.75    1497.21 0.0000e+00
       1742     66.000    10.4428    10.4373   3.750560   3.752495     2.0675      96.57     0.0379 5.1273e-02 1.9438e+00     72.562 287.251106    5.13842    33.9572    33.9818    26.0622    1491.22    1497.12 0.0000e+00
       1764     67.000    10.2038    10.2010   3.736189   3.738434     2.0637      98.81     0.0399 5.1273e-02 1.9438e+00     73.464 287.251116    5.13754    34.0351    34.0605    26.1642    1490.48    1497.02 0.0000e+00
       1786     68.000     9.9256     9.9244   3.720071   3.722347     2.0572      78.00     0.0395 5.1266e-02 1.9438e+00     74.359 287.251127    5.12095    34.1327    34.1571    26.2877    1489.62    1496.91 0.0000e+00
       1807     69.000     9.8390     9.8379   3.714993   3.717255     2.0479      78.91     0.0399 5.1273e-02 1.9438e+00     75.265 287.251137    5.08684    34.1623    34.1865    26.3253    1489.36    1496.80 0.0000e+00
       1829     70.000     9.7933     9.7924   3.712361   3.714622     2.0381      98.74     0.0408 5.1259e-02 -9.990e-29     76.164 287.251148    5.06268    34.1782    34.2022    26.3454    1489.23    1496.69 0.0000e+00
       1850     71.000     9.7587     9.7555   3.710107   3.712238     2.0299      95.40     0.0396 5.1266e-02 -9.990e-29     77.060 287.251158    5.04231    34.1875    34.2124    26.3585    1489.13    1496.58 0.0000e+00
       1872     72.000     9.6769     9.6748   3.705297   3.707537     2.0207      59.27     0.0400 5.1266e-02 -9.990e-29     77.966 287.251169    5.02266    34.2154    34.2404    26.3939    1488.89    1496.48 0.0000e+00
       1894     73.000     9.6012     9.6008   3.701315   3.703625     2.0130      98.39     0.0377 5.1266e-02 1.9438e+00     78.866 287.251179    5.00928    34.2461    34.2703    26.4305    1488.66    1496.37 0.0000e+00
       1915     74.000     9.4866     9.4870   3.695349   3.697706     2.0052      98.79     0.0401 5.1279e-02 1.9438e+00     79.761 287.251189    4.99116    34.2935    34.3175    26.4865    1488.32    1496.26 0.0000e+00
       1937     75.000     9.2472     9.2459   3.683220   3.685496     1.9963      50.04     0.0394 5.1273e-02 1.9438e+00     80.654 287.251200    4.97411    34.3972    34.4221    26.6067    1487.59    1496.14 0.0000e+00
