testdata/CTD/sta0401.cnv
* Sea-Bird SBE 9 Data File:
* FileName = C:\Seabird\CTDData\sta0401.hex
* Software Version Seasave V 7.21f
* Temperature SN = 4557
* Conductivity SN = 1337
* Number of Bytes Per Scan = 40
* Number of Voltage Words = 5
* Number of Scans Averaged by the Deck Unit = 1
* NMEA Latitude = 60 46.35 N
* NMEA Longitude = 005 13.17 E
* NMEA UTC (Time) = Oct 14 2018 03:26:05
* NMEA baud rate = 4800
** Ship: 10 F/F "G. O. Sars"
** Station: 0401
** Echodepth: 365
** Log: 5333.27
** Wind-Dir Force: 17 14
** Air-temp (dry): 19.2
** Weather Sky: 0 6
** Sea Ice: 3 0
# nquan = 20                                
# nvalues = 370                         
# units = specified
# name 0 = scan: Scan Count
# name 1 = prDM: Pressure, Digiquartz [db]
# name 2 = t068C: Temperature [ITS-68, deg C]
# name 3 = t168C: Temperature, 2 [ITS-68, deg C]
# name 4 = c0S/m: Conductivity [S/m]
# name 5 = c1S/m: Conductivity, 2 [S/m]
# name 6 = sbeox0V: Oxygen raw, SBE 43 [V]
# name 7 = altM: Altimeter [m]
# name 8 = flC: Fluorescence, Chelsea Aqua 3 Chl Con [ug/l]
# name 9 = par: PAR/Irradiance, Biospherical/Licor
# name 10 = spar: SPAR/Surface Irradiance
# name 11 = timeS: Time, Elapsed [seconds]
# name 12 = timeJ: Julian Days
# name 13 = sbeox0ML/L: Oxygen, SBE 43 [ml/l], WS = 2
# name 14 = sal00: Salinity, Practical [PSU]
# name 15 = sal11: Salinity, Practical, 2 [PSU]
# name 16 = sigma-t00: Density [sigma-t, Kg/m^3 ]
# name 17 = svCM: Sound Velocity [Chen-Millero, m/s]
# name 18 = avgsvCM: Average Sound Velocity [Chen-Millero, m/s], minP = 1, minS = 5
# name 19 = flag: flag
# span 0 =        323,       8462       
# span 1 =      4.000,    373.000       
# span 2 =     7.4764,    13.7908       
# span 3 =     7.4759,    13.7710       
# span 4 =   3.599594,   3.830712       
# span 5 =   3.601763,   3.832994       
# span 6 =     1.8122,     2.2392       
# span 7 =       6.22,      98.86       
# span 8 =     0.0121,     0.1304       
# span 9 = 5.1227e-02, 6.4196e-01       
# span 10 = 6.6039e-01, 1.9446e+00      
# span 11 =     13.432,    352.548      
# span 12 = 287.143292, 287.147217      
# span 13 =    4.54565,    5.70821      
# span 14 =    30.9737,    35.1148      
# span 15 =    31.0231,    35.1389      
# span 16 =    23.1207,    27.4417      
# span 17 =    1485.49,    1498.12      
# span 18 =    1488.43,    1498.12      
# span 19 = 0.0000e+00, 0.0000e+00      
# interval = decibars: 1                
# start_time = Oct 14 2018 03:26:07 [System UTC, header]
# bad_flag = -9.990e-29
*END*
[from data line 218]
       4984    222.000     7.8189     7.8181   3.619380   3.621524     1.9296      96.18     0.0239 5.1260e-02 -9.990e-29    207.609 287.145539    5.11260    35.0556    35.0795    27.3449    1485.50    1490.08 0.0000e+00
       5006    223.000     7.8255     7.8247   3.620240   3.622379     1.9342      96.51     0.0229 5.1260e-02 -9.990e-29    208.524 287.145550    5.13041    35.0577    35.0816    27.3456    1485.55    1490.06 0.0000e+00
       5028    224.000     7.8277     7.8270   3.620651   3.622826     1.9387      96.30     0.0229 5.1273e-02 -9.990e-29    209.442 287.145561    5.14357    35.0595    35.0836    27.3467    1485.57    1490.04 0.0000e+00
       5049    225.000     7.8284     7.8280   3.620827   3.623010     1.9427      96.17     0.0191 5.1273e-02 -9.990e-29    210.341 287.145571    5.15653    35.0602    35.0841    27.3471    1485.59    1490.02 0.0000e+00
       5071    226.000     7.8284     7.8277   3.620919   3.623070     1.9466      96.04     0.0192 5.1273e-02 -9.990e-29    211.263 287.145582    5.16037    35.0607    35.0846    27.3475    1485.61    1490.00 0.0000e+00
       5093    227.000     7.8267     7.8265   3.620793   3.623016     1.9486      96.35     0.0211 5.1273e-02 -9.990e-29    212.173 287.145592    5.15005    35.0606    35.0847    27.3477    1485.62    1489.98 0.0000e+00
       5115    228.000     7.8259     7.8259   3.620766   3.622990     1.9488      96.03     0.0203 5.1253e-02 -9.990e-29    213.075 287.145603    5.14850    35.0606    35.0846    27.3478    1485.63    1489.96 0.0000e+00
       5137    229.000     7.8240     7.8230   3.620628   3.622729     1.9504      96.09     0.0201 5.1254e-02 -9.990e-29    214.006 287.145613    5.16481    35.0605    35.0842    27.3480    1485.64    1489.94 0.0000e+00
       5159    230.000     7.8173     7.8164   3.620038   3.622156     1.9521      96.57     0.0216 5.1273e-02 -9.990e-29    214.912 287.145624    5.16658    35.0604    35.0841    27.3489    1485.63    1489.92 0.0000e+00
       5181    231.000     7.8114     7.8110   3.619526   3.621701     1.9526      96.60     0.0218 5.1273e-02 -9.990e-29    215.829 287.145635    5.16302    35.0603    35.0842    27.3497    1485.63    1489.90 0.0000e+00
       5203    232.000     7.7970     7.7968   3.618093   3.620286     1.9529      62.70     0.0204 5.1286e-02 1.9438e+00    216.756 287.145645    5.16214    35.0588    35.0827    27.3507    1485.59    1489.88 0.0000e+00
       5225    233.000     7.7877     7.7870   3.617374   3.619534     1.9527      39.87     0.0209 5.1307e-02 1.9438e+00    217.659 287.145656    5.16830    35.0599    35.0839    27.3529    1485.57    1489.86 0.0000e+00
       5247    234.000     7.7850     7.7842   3.617255   3.619380     1.9537      96.76     0.0234 5.1273e-02 1.9438e+00    218.568 287.145666    5.17465    35.0608    35.0846    27.3541    1485.58    1489.85 0.0000e+00
       5268    235.000     7.7795     7.7788   3.616837   3.618985     1.9543      95.67     0.0225 5.1266e-02 1.9438e+00    219.461 287.145677    5.18205    35.0614    35.0852    27.3553    1485.57    1489.83 0.0000e+00
       5289    236.000     7.7752     7.7742   3.616525   3.618655     1.9557      96.46     0.0217 5.1266e-02 1.9438e+00    220.353 287.145687    5.19175    35.0618    35.0858    27.3563    1485.57    1489.81 0.0000e+00
       5311    237.000     7.7751     7.7746   3.616649   3.618824     1.9570      96.07     0.0224 5.1266e-02 -9.990e-29    221.265 287.145697    5.19875    35.0628    35.0868    27.3571    1485.59    1489.79 0.0000e+00
       5333    238.000     7.7813     7.7811   3.617594   3.619807     1.9590      96.18     0.0233 5.1273e-02 -9.990e-29    222.159 287.145708    5.21479    35.0663    35.0903    27.3589    1485.64    1489.77 0.0000e+00
       5355    239.000     7.7831     7.7833   3.617969   3.620206     1.9620      96.30     0.0234 5.1280e-02 -9.990e-29    223.063 287.145718    5.23494    35.0680    35.0920    27.3600    1485.66    1489.76 0.0000e+00
       5376    240.000     7.7824     7.7820   3.617995   3.620197     1.9657      96.21     0.0228 5.1273e-02 -9.990e-29    223.973 287.145729    5.24379    35.0685    35.0927    27.3605    1485.68    1489.74 0.0000e+00
       5397    241.000     7.7809     7.7804   3.617949   3.620111     1.9674      96.41     0.0212 5.1240e-02 -9.990e-29    224.853 287.145739    5.23864    35.0690    35.0929    27.3611    1485.69    1489.72 0.0000e+00
       5419    242.000     7.7801     7.7796   3.617945   3.620127     1.9691      96.32     0.0213 5.1246e-02 -9.990e-29    225.741 287.145749    5.24820    35.0693    35.0934    27.3615    1485.70    1489.71 0.0000e+00
       5440    243.000     7.7792     7.7786   3.617952   3.620115     1.9711      96.41     0.0207 5.1273e-02 -9.990e-29    226.633 287.145760    5.25441    35.0698    35.0937    27.3620    1485.71    1489.69 0.0000e+00
       5462    244.000     7.7782     7.7774   3.617923   3.620081     1.9726      95.95     0.0228 5.1259e-02 -9.990e-29    227.528 287.145770    5.26034    35.0700    35.0941    27.3623    1485.73    1489.67 0.0000e+00
       5483    245.000     7.7753     7.7751   3.617741   3.619932     1.9743      96.34     0.0234 5.1259e-02 -9.990e-29    228.423 287.145780    5.25915    35.0705    35.0943    27.3631    1485.73    1489.66 0.0000e+00
       5504    246.000     7.7760     7.7754   3.617945   3.620120     1.9742      95.91     0.0213 5.1273e-02 -9.990e-29    229.311 287.145791    5.24927    35.0715    35.0956    27.3638    1485.75    1489.64 0.0000e+00
       5526    247.000     7.7725     7.7721   3.617678   3.619861     1.9742      96.43     0.0201 5.1273e-02 -9.990e-29    230.209 287.145801    5.25008    35.0716    35.0956    27.3644    1485.76    1489.63 0.0000e+00
       5548    248.000     7.7725     7.7720   3.617910   3.620094     1.9736      96.06     0.0212 5.1260e-02 -9.990e-29    231.106 287.145811    5.24475    35.0736    35.0977    27.3660    1485.78    1489.61 0.0000e+00
       5569    249.000     7.7745     7.7739   3.618254   3.620422     1.9733      96.32     0.0209 5.1252e-02 -9.990e-29    231.996 287.145822    5.25203    35.0748    35.0989    27.3667    1485.80    1489.60 0.0000e+00
       5590    250.000     7.7778     7.7775   3.618749   3.620963     1.9741      96.22     0.0187 5.1260e-02 -9.990e-29    232.892 287.145832    5.26145    35.0764    35.1006    27.3674    1485.83    1489.58 0.0000e+00
       5612    251.000     7.7781     7.7776   3.619045   3.621209     1.9749      96.18     0.0194 5.1246e-02 -9.990e-29    233.795 287.145843    5.26442    35.0788    35.1027    27.3692    1485.85    1489.57 0.0000e+00
       5634    252.000     7.7737     7.7757   3.618715   3.621153     1.9758      96.04     0.0199 5.1253e-02 -9.990e-29    234.690 287.145853    5.26503    35.0792    35.1035    27.3702    1485.85    1489.55 0.0000e+00
       5655    253.000     7.7745     7.7749   3.618834   3.621105     1.9758      96.34     0.0179 5.1273e-02 -9.990e-29    235.588 287.145863    5.26283    35.0792    35.1033    27.3700    1485.87    1489.54 0.0000e+00
       5676    254.000     7.7594     7.7602   3.617259   3.619518     1.9762      95.99     0.0190 5.1273e-02 -9.990e-29    236.478 287.145874    5.27289    35.0768    35.1004    27.3705    1485.83    1489.52 0.0000e+00
       5698    255.000     7.7466     7.7462   3.615920   3.618096     1.9773      96.04     0.0229 5.1259e-02 -9.990e-29    237.380 287.145884    5.28207    35.0748    35.0987    27.3707    1485.79    1489.51 0.0000e+00
       5720    256.000     7.7331     7.7323   3.614506   3.616603     1.9780      96.01     0.0233 5.1273e-02 -9.990e-29    238.283 287.145895    5.28051    35.0726    35.0960    27.3710    1485.76    1489.49 0.0000e+00
       5741    257.000     7.7149     7.7145   3.612724   3.614883     1.9782      96.11     0.0233 5.1266e-02 -9.990e-29    239.165 287.145905    5.28844    35.0711    35.0948    27.3725    1485.70    1489.48 0.0000e+00
       5762    258.000     7.7161     7.7158   3.613067   3.615246     1.9796      96.30     0.0224 5.1266e-02 -9.990e-29    240.054 287.145915    5.29972    35.0731    35.0970    27.3739    1485.73    1489.46 0.0000e+00
       5784    259.000     7.7200     7.7197   3.613577   3.615765     1.9808      96.54     0.0199 5.1260e-02 -9.990e-29    240.944 287.145925    5.30594    35.0742    35.0982    27.3742    1485.76    1489.45 0.0000e+00
       5805    260.000     7.7140     7.7128   3.613045   3.615129     1.9826      95.81     0.0189 5.1239e-02 -9.990e-29    241.832 287.145936    5.32014    35.0740    35.0977    27.3749    1485.75    1489.43 0.0000e+00
       5826    261.000     7.7075     7.7077   3.612446   3.614669     1.9849      95.66     0.0193 5.1260e-02 -9.990e-29    242.724 287.145946    5.33168    35.0736    35.0974    27.3756    1485.74    1489.42 0.0000e+00
       5848    262.000     7.6922     7.6908   3.610947   3.612971     1.9872      95.74     0.0169 5.1239e-02 -9.990e-29    243.614 287.145956    5.34028    35.0723    35.0956    27.3768    1485.70    1489.41 0.0000e+00
       5869    263.000     7.6722     7.6727   3.609050   3.611298     1.9889      96.04     0.0178 5.1266e-02 -9.990e-29    244.513 287.145967    5.34515    35.0714    35.0952    27.3790    1485.64    1489.39 0.0000e+00
       5891    264.000     7.6610     7.6615   3.608093   3.610319     1.9905      96.37     0.0180 5.1266e-02 -9.990e-29    245.418 287.145977    5.35333    35.0718    35.0954    27.3810    1485.61    1489.38 0.0000e+00
       5912    265.000     7.6562     7.6561   3.607695   3.609884     1.9921      96.35     0.0185 5.1260e-02 -9.990e-29    246.308 287.145987    5.36089    35.0718    35.0956    27.3817    1485.61    1489.36 0.0000e+00
       5934    266.000     7.6485     7.6480   3.607056   3.609169     1.9940      95.80     0.0202 5.1273e-02 -9.990e-29    247.211 287.145998    5.37937    35.0722    35.0955    27.3831    1485.60    1489.35 0.0000e+00
       5956    267.000     7.6278     7.6264   3.605255   3.607309     1.9971      96.27     0.0163 5.1266e-02 -9.990e-29    248.111 287.146008    5.40154    35.0730    35.0967    27.3868    1485.54    1489.33 0.0000e+00
       5977    268.000     7.6164     7.6163   3.604273   3.606435     2.0007      95.88     0.0168 5.1266e-02 -9.990e-29    249.003 287.146019    5.42314    35.0733    35.0969    27.3887    1485.51    1489.32 0.0000e+00
       5998    269.000     7.6103     7.6095   3.603759   3.605875     2.0049      96.73     0.0194 5.1273e-02 -9.990e-29    249.892 287.146029    5.44219    35.0734    35.0972    27.3897    1485.50    1489.31 0.0000e+00
       6020    270.000     7.6099     7.6093   3.603799   3.605940     2.0091      96.12     0.0165 5.1259e-02 -9.990e-29    250.784 287.146039    5.45985    35.0738    35.0976    27.3900    1485.52    1489.29 0.0000e+00
       6042    271.000     7.6082     7.6075   3.603763   3.605891     2.0135      96.15     0.0131 5.1266e-02 -9.990e-29    251.688 287.146050    5.47605    35.0746    35.0984    27.3909    1485.53    1489.28 0.0000e+00
       6063    272.000     7.6093     7.6088   3.604088   3.606252     2.0176      96.22     0.0137 5.1273e-02 -9.990e-29    252.588 287.146060    5.48893    35.0765    35.1005    27.3923    1485.55    1489.26 0.0000e+00
       6085    273.000     7.6105     7.6099   3.604314   3.606484     2.0216      96.09     0.0133 5.1260e-02 -9.990e-29    253.480 287.146070    5.49781    35.0773    35.1014    27.3927    1485.58    1489.25 0.0000e+00
       6106    274.000     7.6143     7.6136   3.605002   3.607147     2.0244      96.36     0.0158 5.1266e-02 -9.990e-29    254.379 287.146081    5.49698    35.0804    35.1044    27.3946    1485.61    1489.24 0.0000e+00
       6127    275.000     7.6223     7.6218   3.606194   3.608368     2.0264      97.07     0.0135 5.1266e-02 -9.990e-29    255.267 287.146091    5.50203    35.0848    35.1089    27.3969    1485.66    1489.22 0.0000e+00
       6149    276.000     7.6263     7.6259   3.606795   3.608970     2.0286      96.64     0.0149 5.1253e-02 -9.990e-29    256.154 287.146101    5.50358    35.0868    35.1108    27.3979    1485.70    1489.21 0.0000e+00
       6170    277.000     7.6279     7.6273   3.607094   3.609249     2.0295      95.72     0.0179 5.1260e-02 -9.990e-29    257.053 287.146112    5.49649    35.0879    35.1119    27.3985    1485.72    1489.20 0.0000e+00
       6192    278.000     7.6287     7.6279   3.607293   3.609425     2.0296      96.02     0.0193 5.1259e-02 -9.990e-29    257.955 287.146122    5.49131    35.0888    35.1127    27.3991    1485.74    1489.19 0.0000e+00
       6214    279.000     7.6291     7.6286   3.607440   3.609592     2.0292      96.40     0.0186 5.1267e-02 -9.990e-29    258.861 287.146133    5.48358    35.0895    35.1133    27.3996    1485.76    1489.17 0.0000e+00
       6235    280.000     7.6270     7.6264   3.607324   3.609477     2.0281      95.87     0.0183 5.1273e-02 -9.990e-29    259.767 287.146143    5.48344    35.0899    35.1138    27.4002    1485.77    1489.16 0.0000e+00
       6257    281.000     7.6209     7.6204   3.606889   3.609053     2.0283      96.66     0.0161 5.1273e-02 -9.990e-29    260.661 287.146154    5.49505    35.0908    35.1148    27.4018    1485.76    1489.15 0.0000e+00
       6279    282.000     7.6181     7.6174   3.606690   3.608849     2.0289      96.50     0.0155 5.1273e-02 -9.990e-29    261.565 287.146164    5.50694    35.0910    35.1151    27.4024    1485.77    1489.14 0.0000e+00
       6300    283.000     7.6149     7.6146   3.606452   3.608634     2.0306      96.38     0.0165 5.1280e-02 -9.990e-29    262.455 287.146174    5.51871    35.0911    35.1151    27.4030    1485.77    1489.13 0.0000e+00
       6321    284.000     7.6135     7.6130   3.606357   3.608517     2.0322      95.95     0.0201 5.1273e-02 -9.990e-29    263.341 287.146184    5.52268    35.0910    35.1149    27.4031    1485.79    1489.11 0.0000e+00
       6343    285.000     7.6075     7.6072   3.605865   3.608033     2.0333      96.32     0.0215 5.1273e-02 -9.990e-29    264.236 287.146195    5.52508    35.0913    35.1151    27.4041    1485.78    1489.10 0.0000e+00
       6364    286.000     7.5958     7.5952   3.604898   3.607040     2.0347      96.36     0.0194 5.1273e-02 -9.990e-29    265.129 287.146205    5.53419    35.0921    35.1159    27.4065    1485.75    1489.09 0.0000e+00
       6385    287.000     7.5925     7.5918   3.604675   3.606822     2.0357      97.00     0.0186 5.1273e-02 -9.990e-29    266.019 287.146215    5.53149    35.0925    35.1165    27.4073    1485.76    1489.08 0.0000e+00
       6407    288.000     7.5887     7.5878   3.604408   3.606526     2.0359      96.14     0.0200 5.1259e-02 -9.990e-29    266.917 287.146226    5.53632    35.0929    35.1168    27.4082    1485.76    1489.07 0.0000e+00
       6428    289.000     7.5838     7.5829   3.604095   3.606226     2.0375      96.32     0.0208 5.1266e-02 -9.990e-29    267.804 287.146236    5.55322    35.0940    35.1180    27.4098    1485.76    1489.06 0.0000e+00
       6450    290.000     7.5810     7.5804   3.603950   3.606103     2.0392      96.50     0.0224 5.1253e-02 -9.990e-29    268.699 287.146247    5.55592    35.0948    35.1187    27.4108    1485.77    1489.04 0.0000e+00
       6471    291.000     7.5797     7.5792   3.603911   3.606066     2.0403      96.36     0.0213 5.1266e-02 -9.990e-29    269.604 287.146257    5.55768    35.0952    35.1190    27.4113    1485.78    1489.03 0.0000e+00
       6493    292.000     7.5793     7.5788   3.603923   3.606087     2.0412      96.21     0.0202 5.1246e-02 -9.990e-29    270.501 287.146267    5.56824    35.0952    35.1192    27.4114    1485.79    1489.02 0.0000e+00
