testdata/CTD/sta0405.cnv
* Sea-Bird SBE 9 Data File:
* FileName = C:\Seabird\CTDData\sta0405.hex
* Software Version Seasave V 7.21f
* Temperature SN = 4557
* Conductivity SN = 1337
* Number of Bytes Per Scan = 40
* Number of Voltage Words = 5
* Number of Scans Averaged by the Deck Unit = 1
* NMEA Latitude = 60 49.01 N
* NMEA Longitude = 005 19.21 E
* NMEA UTC (Time) = Oct 14 2018 06:00:21
* NMEA baud rate = 4800
** Ship: 10 F/F "G. O. Sars"
** Station: 0405
** Echodepth: 230
** Log: 5338.24
** Wind-Dir Force: 21 20
** Air-temp (dry): 19.1
** Weather Sky: 8 8
** Sea Ice: 2 0
# nquan = 20                                
# nvalues = 222                         
# units = specified
# name 0 = scan: Scan Count
# name 1 = prDM: Pressure, Digiquartz [db]
# name 2 = t068C: Temperature [ITS-68, deg C]
# name 3 = t168C: Temperature, 2 [ITS-68, deg C]
# name 4 = c0S/m: Conductivity [S/m]
# name 5 = c1S/m: Conductivity, 2 [S/m]
# name 6 = sbeox0V: Oxygen raw, SBE 43 [V]
# name 7 = altM: Altimeter [m]
# name 8 = flC: Fluorescence, Chelsea Aqua 3 Chl Con [ug/l]
# name 9 = par: PAR/Irradiance, Biospherical/Licor
# name 10 = spar: SPAR/Surface Irradiance
# name 11 = timeS: Time, Elapsed [seconds]
# name 12 = timeJ: Julian Days
# name 13 = sbeox0ML/L: Oxygen, SBE 43 [ml/l], WS = 2
# name 14 = sal00: Salinity, Practical [PSU]
# name 15 = sal11: Salinity, Practical, 2 [PSU]
# name 16 = sigma-t00: Density [sigma-t, Kg/m^3 ]
# name 17 = svCM: Sound Velocity [Chen-Millero, m/s]
# name 18 = avgsvCM: Average Sound Velocity [Chen-Millero, m/s], minP = 1, minS = 5
# name 19 = flag: flag
# span 0 =        399,       5127       
# span 1 =      4.000,    225.000       
# span 2 =     8.0942,    14.6201       
# span 3 =     8.0935,    14.6183       
# span 4 =   3.207732,   3.896361       
# span 5 =   3.197826,   3.898712       
# span 6 =     1.6788,     2.2141       
# span 7 =       8.05,     100.17       
# span 8 =     0.0234,     0.2039       
# span 9 = 5.1225e-02, 3.9184e-01       
# span 10 = 1.9438e+00, 1.9438e+00      
# span 11 =     16.565,    213.604      
# span 12 = 287.250458, 287.252738      
# span 13 =    4.07572,    5.48863      
# span 14 =    26.2510,    34.9569      
# span 15 =    26.1687,    34.9801      
# span 16 =    19.5132,    27.2262      
# span 17 =    1484.96,    1501.49      
# span 18 =    1489.11,    1498.01      
# span 19 = 0.0000e+00, 0.0000e+00      
# interval = decibars: 1                
# start_time = Oct 14 2018 06:00:23 [System UTC, header]
# bad_flag = -9.990e-29
*END*
[from data line 73]
       1980     77.000     9.0010     8.9992   3.670976   3.673229     1.9732      98.81     0.0362 5.1273e-02 1.9438e+00     82.443 287.251220    4.87571    34.5066    34.5320    26.7320    1486.85    1495.90 0.0000e+00
       2001     78.000     8.9677     8.9644   3.669487   3.671699     1.9567      74.26     0.0348 5.1280e-02 1.9438e+00     83.345 287.251231    4.79967    34.5229    34.5493    26.7500    1486.77    1495.78 0.0000e+00
       2023     79.000     8.9259     8.9237   3.667580   3.669854     1.9392      74.36     0.0367 5.1273e-02 -9.990e-29     84.239 287.251241    4.74299    34.5431    34.5691    26.7725    1486.66    1495.67 0.0000e+00
       2044     80.000     8.8714     8.8709   3.665069   3.667426     1.9221      99.04     0.0396 5.1273e-02 -9.990e-29     85.134 287.251252    4.69811    34.5693    34.5945    26.8017    1486.50    1495.55 0.0000e+00
       2066     81.000     8.8110     8.8104   3.662136   3.664475     1.9068      97.25     0.0377 5.1260e-02 -9.990e-29     86.032 287.251262    4.66658    34.5969    34.6221    26.8329    1486.33    1495.44 0.0000e+00
       2087     82.000     8.7336     8.7334   3.658392   3.660768     1.8928      51.01     0.0379 5.1273e-02 -9.990e-29     86.932 287.251272    4.64514    34.6326    34.6579    26.8731    1486.10    1495.32 0.0000e+00
       2109     83.000     8.7030     8.7026   3.656952   3.659318     1.8816      98.66     0.0369 5.1273e-02 -9.990e-29     87.831 287.251283    4.61930    34.6469    34.6723    26.8891    1486.02    1495.21 0.0000e+00
       2130     84.000     8.6979     8.6969   3.656790   3.659142     1.8702      98.79     0.0374 5.1266e-02 -9.990e-29     88.719 287.251293    4.57889    34.6497    34.6755    26.8921    1486.03    1495.10 0.0000e+00
       2152     85.000     8.6813     8.6812   3.656086   3.658494     1.8583      54.51     0.0383 5.1273e-02 -9.990e-29     89.610 287.251303    4.53521    34.6581    34.6836    26.9012    1485.99    1494.99 0.0000e+00
       2173     86.000     8.6599     8.6591   3.655239   3.657608     1.8467      92.14     0.0349 5.1273e-02 -9.990e-29     90.494 287.251314    4.50034    34.6696    34.6954    26.9137    1485.94    1494.89 0.0000e+00
       2194     87.000     8.6317     8.6305   3.653979   3.656329     1.8351      98.74     0.0344 5.1273e-02 1.9438e+00     91.369 287.251324    4.46317    34.6835    34.7095    26.9289    1485.87    1494.78 0.0000e+00
       2215     88.000     8.6029     8.6028   3.652715   3.655116     1.8237      77.99     0.0363 5.1273e-02 1.9438e+00     92.253 287.251334    4.44076    34.6979    34.7234    26.9448    1485.80    1494.68 0.0000e+00
       2236     89.000     8.5921     8.5916   3.652306   3.654684     1.8154      58.93     0.0352 5.1273e-02 1.9438e+00     93.138 287.251344    4.44480    34.7037    34.7294    26.9510    1485.78    1494.58 0.0000e+00
       2257     90.000     8.5736     8.5728   3.651527   3.653884     1.8100      98.52     0.0334 5.1273e-02 1.9438e+00     94.015 287.251354    4.43642    34.7132    34.7389    26.9613    1485.74    1494.48 0.0000e+00
       2279     91.000     8.5681     8.5670   3.651360   3.653702     1.8044      98.79     0.0314 5.1273e-02 1.9438e+00     94.899 287.251365    4.41488    34.7164    34.7422    26.9646    1485.74    1494.38 0.0000e+00
       2300     92.000     8.5554     8.5550   3.650884   3.653238     1.7979      40.77     0.0314 5.1280e-02 1.9438e+00     95.780 287.251375    4.40231    34.7233    34.7487    26.9721    1485.72    1494.29 0.0000e+00
       2321     93.000     8.5107     8.5103   3.648921   3.651298     1.7941      98.63     0.0323 5.1273e-02 -9.990e-29     96.663 287.251385    4.39659    34.7461    34.7717    26.9968    1485.60    1494.19 0.0000e+00
       2342     94.000     8.4273     8.4271   3.645514   3.647901     1.7883      98.61     0.0319 5.1273e-02 -9.990e-29     97.548 287.251395    4.37343    34.7917    34.8172    27.0455    1485.36    1494.10 0.0000e+00
       2363     95.000     8.4060     8.4051   3.644651   3.646997     1.7820      63.72     0.0327 5.1266e-02 -9.990e-29     98.429 287.251405    4.34912    34.8031    34.8289    27.0577    1485.31    1494.01 0.0000e+00
       2385     96.000     8.3918     8.3913   3.644081   3.646441     1.7758      75.06     0.0303 5.1266e-02 -9.990e-29     99.313 287.251416    4.32956    34.8105    34.8361    27.0658    1485.28    1493.92 0.0000e+00
       2406     97.000     8.3548     8.3541   3.642604   3.644965     1.7687      98.67     0.0277 5.1273e-02 1.9438e+00    100.204 287.251426    4.29398    34.8309    34.8568    27.0875    1485.18    1493.83 0.0000e+00
       2427     98.000     8.3416     8.3409   3.642084   3.644435     1.7600      92.86     0.0312 5.1273e-02 1.9438e+00    101.079 287.251436    4.24930    34.8380    34.8637    27.0951    1485.16    1493.74 0.0000e+00
       2448     99.000     8.3305     8.3297   3.641604   3.643953     1.7499      44.68     0.0312 5.1273e-02 1.9438e+00    101.956 287.251446    4.22512    34.8434    34.8692    27.1010    1485.14    1493.65 0.0000e+00
       2469    100.000     8.3194     8.3191   3.641307   3.643660     1.7424      98.87     0.0321 5.1273e-02 1.9438e+00    102.835 287.251456    4.20656    34.8507    34.8761    27.1085    1485.13    1493.56 0.0000e+00
       2490    101.000     8.3083     8.3068   3.640823   3.643127     1.7342      98.79     0.0323 5.1273e-02 1.9438e+00    103.710 287.251467    4.18116    34.8561    34.8821    27.1144    1485.11    1493.48 0.0000e+00
       2511    102.000     8.2893     8.2891   3.640125   3.642482     1.7269      41.40     0.0311 5.1273e-02 -9.990e-29    104.589 287.251477    4.17030    34.8670    34.8924    27.1259    1485.07    1493.40 0.0000e+00
       2532    103.000     8.2764     8.2754   3.639696   3.641997     1.7218      86.90     0.0310 5.1266e-02 -9.990e-29    105.472 287.251487    4.17252    34.8748    34.9003    27.1339    1485.04    1493.31 0.0000e+00
       2554    104.000     8.2726     8.2713   3.639594   3.641895     1.7177      98.83     0.0333 5.1266e-02 -9.990e-29    106.357 287.251497    4.16458    34.8770    34.9028    27.1362    1485.05    1493.23 0.0000e+00
       2575    105.000     8.2658     8.2653   3.639404   3.641718     1.7139      76.18     0.0329 5.1273e-02 -9.990e-29    107.236 287.251507    4.15045    34.8812    34.9064    27.1406    1485.05    1493.16 0.0000e+00
       2596    106.000     8.2585     8.2578   3.639167   3.641487     1.7099      55.85     0.0303 5.1266e-02 1.9438e+00    108.110 287.251518    4.14553    34.8854    34.9109    27.1450    1485.04    1493.08 0.0000e+00
       2617    107.000     8.2528     8.2522   3.638962   3.641280     1.7072      98.36     0.0273 5.1273e-02 1.9438e+00    108.994 287.251528    4.13427    34.8884    34.9138    27.1482    1485.04    1493.00 0.0000e+00
       2638    108.000     8.2401     8.2395   3.638527   3.640831     1.7031      98.72     0.0295 5.1259e-02 1.9438e+00    109.879 287.251538    4.11361    34.8959    34.9211    27.1561    1485.02    1492.93 0.0000e+00
       2659    109.000     8.2303     8.2298   3.638170   3.640489     1.6984      31.06     0.0293 5.1266e-02 1.9438e+00    110.758 287.251548    4.10824    34.9013    34.9266    27.1618    1485.00    1492.86 0.0000e+00
       2680    110.000     8.2190     8.2186   3.637706   3.640022     1.6967     100.17     0.0271 5.1273e-02 1.9438e+00    111.641 287.251558    4.11420    34.9071    34.9323    27.1681    1484.98    1492.78 0.0000e+00
       2702    111.000     8.2094     8.2087   3.637338   3.639650     1.6938      98.74     0.0288 5.1273e-02 1.9438e+00    112.522 287.251568    4.09581    34.9123    34.9377    27.1736    1484.97    1492.71 0.0000e+00
       2723    112.000     8.2067     8.2060   3.637261   3.639556     1.6901      59.89     0.0300 5.1280e-02 1.9438e+00    113.398 287.251579    4.07822    34.9136    34.9389    27.1751    1484.98    1492.64 0.0000e+00
       2744    113.000     8.2013     8.2008   3.637084   3.639380     1.6869      69.65     0.0282 5.1266e-02 1.9438e+00    114.284 287.251589    4.08071    34.9166    34.9417    27.1783    1484.98    1492.58 0.0000e+00
       2765    114.000     8.1922     8.1915   3.636749   3.639040     1.6848      98.72     0.0283 5.1273e-02 1.9438e+00    115.164 287.251599    4.08114    34.9216    34.9468    27.1836    1484.97    1492.51 0.0000e+00
       2786    115.000     8.1849     8.1844   3.636456   3.638765     1.6836      98.80     0.0262 5.1273e-02 1.9438e+00    116.050 287.251609    4.08940    34.9253    34.9504    27.1875    1484.96    1492.44 0.0000e+00
       2807    116.000     8.1796     8.1789   3.636255   3.638538     1.6836      98.79     0.0256 5.1273e-02 1.9438e+00    116.933 287.251620    4.09555    34.9279    34.9530    27.1904    1484.96    1492.38 0.0000e+00
       2829    117.000     8.1773     8.1765   3.636112   3.638377     1.6836      98.78     0.0255 5.1273e-02 -9.990e-29    117.814 287.251630    4.09008    34.9282    34.9532    27.1910    1484.97    1492.31 0.0000e+00
       2850    118.000     8.1759     8.1750   3.636077   3.638329     1.6822      98.79     0.0277 5.1273e-02 -9.990e-29    118.694 287.251640    4.07649    34.9287    34.9537    27.1916    1484.98    1492.25 0.0000e+00
       2871    119.000     8.1700     8.1690   3.635799   3.638057     1.6803      38.69     0.0283 5.1287e-02 -9.990e-29    119.569 287.251650    4.07572    34.9311    34.9563    27.1944    1484.98    1492.19 0.0000e+00
       2892    120.000     8.1667     8.1657   3.635663   3.637920     1.6802      84.23     0.0287 5.1287e-02 1.9438e+00    120.444 287.251660    4.08523    34.9325    34.9576    27.1959    1484.98    1492.13 0.0000e+00
       2913    121.000     8.1629     8.1621   3.635501   3.637761     1.6799      98.66     0.0280 5.1266e-02 1.9438e+00    121.325 287.251670    4.08526    34.9340    34.9590    27.1978    1484.99    1492.07 0.0000e+00
       2934    122.000     8.1612     8.1605   3.635461   3.637712     1.6799      98.79     0.0273 5.1273e-02 1.9438e+00    122.207 287.251681    4.08549    34.9348    34.9596    27.1986    1485.00    1492.01 0.0000e+00
       2955    123.000     8.1591     8.1584   3.635387   3.637648     1.6796      98.80     0.0262 5.1266e-02 1.9438e+00    123.086 287.251691    4.08737    34.9356    34.9605    27.1996    1485.01    1491.96 0.0000e+00
       2976    124.000     8.1564     8.1557   3.635274   3.637539     1.6799      98.79     0.0281 5.1273e-02 1.9438e+00    123.973 287.251701    4.08946    34.9366    34.9615    27.2008    1485.02    1491.90 0.0000e+00
       2998    125.000     8.1558     8.1550   3.635309   3.637561     1.6797      98.80     0.0269 5.1266e-02 1.9438e+00    124.855 287.251711    4.08344    34.9371    34.9620    27.2012    1485.03    1491.84 0.0000e+00
       3019    126.000     8.1528     8.1521   3.635233   3.637470     1.6788      98.80     0.0283 5.1266e-02 -9.990e-29    125.736 287.251722    4.08425    34.9388    34.9634    27.2030    1485.04    1491.79 0.0000e+00
       3040    127.000     8.1513     8.1507   3.635214   3.637454     1.6794      98.80     0.0282 5.1273e-02 -9.990e-29    126.615 287.251732    4.09471    34.9396    34.9642    27.2039    1485.05    1491.74 0.0000e+00
       3061    128.000     8.1487     8.1481   3.635101   3.637348     1.6799      98.80     0.0271 5.1266e-02 -9.990e-29    127.496 287.251742    4.09548    34.9405    34.9651    27.2050    1485.06    1491.68 0.0000e+00
       3082    129.000     8.1443     8.1436   3.634881   3.637122     1.6803      98.57     0.0290 5.1259e-02 -9.990e-29    128.378 287.251752    4.09940    34.9420    34.9667    27.2069    1485.06    1491.63 0.0000e+00
       3103    130.000     8.1398     8.1389   3.634608   3.636809     1.6810      98.80     0.0306 5.1266e-02 1.9438e+00    129.259 287.251762    4.10401    34.9431    34.9676    27.2084    1485.06    1491.58 0.0000e+00
       3124    131.000     8.1384     8.1379   3.634533   3.636778     1.6817      98.80     0.0296 5.1266e-02 1.9438e+00    130.139 287.251772    4.10804    34.9432    34.9677    27.2087    1485.07    1491.53 0.0000e+00
       3146    132.000     8.1366     8.1358   3.634475   3.636690     1.6824      98.79     0.0284 5.1273e-02 1.9438e+00    131.025 287.251783    4.10791    34.9439    34.9684    27.2095    1485.08    1491.48 0.0000e+00
       3167    133.000     8.1334     8.1328   3.634315   3.636557     1.6828      98.80     0.0270 5.1273e-02 1.9438e+00    131.898 287.251793    4.11547    34.9449    34.9695    27.2108    1485.09    1491.44 0.0000e+00
       3188    134.000     8.1327     8.1320   3.634318   3.636542     1.6843      98.80     0.0266 5.1253e-02 1.9438e+00    132.781 287.251803    4.12341    34.9451    34.9696    27.2111    1485.10    1491.39 0.0000e+00
       3209    135.000     8.1324     8.1318   3.634350   3.636575     1.6853      98.79     0.0272 5.1266e-02 1.9438e+00    133.662 287.251813    4.12524    34.9453    34.9697    27.2112    1485.12    1491.34 0.0000e+00
       3230    136.000     8.1322     8.1311   3.634379   3.636578     1.6861      98.80     0.0278 5.1252e-02 1.9438e+00    134.541 287.251823    4.12929    34.9453    34.9700    27.2113    1485.13    1491.30 0.0000e+00
       3251    137.000     8.1313     8.1306   3.634382   3.636595     1.6875      98.79     0.0290 5.1266e-02 1.9438e+00    135.418 287.251834    4.13616    34.9458    34.9702    27.2118    1485.15    1491.25 0.0000e+00
       3272    138.000     8.1265     8.1257   3.634094   3.636296     1.6884      98.79     0.0289 5.1266e-02 1.9438e+00    136.298 287.251844    4.13844    34.9470    34.9714    27.2134    1485.15    1491.21 0.0000e+00
       3293    139.000     8.1233     8.1227   3.633918   3.636126     1.6895      98.79     0.0299 5.1266e-02 1.9438e+00    137.175 287.251854    4.14028    34.9478    34.9720    27.2146    1485.15    1491.16 0.0000e+00
       3314    140.000     8.1217     8.1210   3.633841   3.636045     1.6897      97.43     0.0327 5.1273e-02 -9.990e-29    138.057 287.251864    4.13433    34.9481    34.9724    27.2150    1485.16    1491.12 0.0000e+00
       3335    141.000     8.1205     8.1199   3.633798   3.636024     1.6895      96.43     0.0304 5.1266e-02 -9.990e-29    138.936 287.251874    4.13597    34.9483    34.9728    27.2154    1485.17    1491.08 0.0000e+00
       3357    142.000     8.1193     8.1187   3.633758   3.635975     1.6901      96.56     0.0299 5.1260e-02 -9.990e-29    139.816 287.251884    4.14840    34.9486    34.9730    27.2158    1485.19    1491.04 0.0000e+00
       3378    143.000     8.1183     8.1177   3.633742   3.635952     1.6916      96.50     0.0282 5.1266e-02 -9.990e-29    140.699 287.251895    4.16072    34.9489    34.9732    27.2162    1485.20    1490.99 0.0000e+00
       3399    144.000     8.1182     8.1177   3.633781   3.635982     1.6936      96.32     0.0264 5.1280e-02 1.9438e+00    141.582 287.251905    4.16750    34.9490    34.9731    27.2163    1485.22    1490.95 0.0000e+00
       3420    145.000     8.1182     8.1178   3.633816   3.636032     1.6949      95.99     0.0268 5.1252e-02 1.9438e+00    142.465 287.251915    4.16716    34.9489    34.9730    27.2162    1485.23    1490.91 0.0000e+00
       3441    146.000     8.1184     8.1178   3.633877   3.636075     1.6959      96.57     0.0304 5.1273e-02 1.9438e+00    143.347 287.251925    4.17046    34.9488    34.9730    27.2161    1485.25    1490.88 0.0000e+00
       3462    147.000     8.1176     8.1170   3.633864   3.636054     1.6971      96.48     0.0300 5.1273e-02 1.9438e+00    144.222 287.251935    4.17379    34.9490    34.9731    27.2164    1485.26    1490.84 0.0000e+00
