testdata/CTD/sta0411.cnv
* Sea-Bird SBE 9 Data File:
* FileName = C:\Seabird\CTDData\sta0411.hex
* Software Version Seasave V 7.21f
* Temperature SN = 4557
* Conductivity SN = 1337
* Number of Bytes Per Scan = 40
* Number of Voltage Words = 5
* Number of Scans Averaged by the Deck Unit = 1
* NMEA Latitude = 60 52.31 N
* NMEA Longitude = 005 23.87 E
* NMEA UTC (Time) = Oct 14 2018 09:21:36
* NMEA baud rate = 4800
** Ship: 10 F/F "G. O. Sars"
** Station: 0411
** Echodepth: 463
** Log: 5343.77
** Wind-Dir Force: 42 16
** Air-temp (dry): 16.5
** Weather Sky: 5 8
** Sea Ice: 3 0
# nquan = 20                                
# nvalues = 457                         
# units = specified
# name 0 = scan: Scan Count
# name 1 = prDM: Pressure, Digiquartz [db]
# name 2 = t068C: Temperature [ITS-68, deg C]
# name 3 = t168C: Temperature, 2 [ITS-68, deg C]
# name 4 = c0S/m: Conductivity [S/m]
# name 5 = c1S/m: Conductivity, 2 [S/m]
# name 6 = sbeox0V: Oxygen raw, SBE 43 [V]
# name 7 = altM: Altimeter [m]
# name 8 = flC: Fluorescence, Chelsea Aqua 3 Chl Con [ug/l]
# name 9 = par: PAR/Irradiance, Biospherical/Licor
# name 10 = spar: SPAR/Surface Irradiance
# name 11 = timeS: Time, Elapsed [seconds]
# name 12 = timeJ: Julian Days
# name 13 = sbeox0ML/L: Oxygen, SBE 43 [ml/l], WS = 2
# name 14 = sal00: Salinity, Practical [PSU]
# name 15 = sal11: Salinity, Practical, 2 [PSU]
# name 16 = sigma-t00: Density [sigma-t, Kg/m^3 ]
# name 17 = svCM: Sound Velocity [Chen-Millero, m/s]
# name 18 = avgsvCM: Average Sound Velocity [Chen-Millero, m/s], minP = 1, minS = 5
# name 19 = flag: flag
# span 0 =        468,      10221       
# span 1 =      4.000,    460.000       
# span 2 =     8.0863,    16.0253       
# span 3 =     8.0859,    16.0152       
# span 4 =   2.980746,   3.988868       
# span 5 =   3.001387,   3.990973       
# span 6 =     0.8947,     2.2146       
# span 7 =      13.07,      98.78       
# span 8 =     0.0205,     0.1406       
# span 9 = 5.1240e-02, 1.4926e+00       
# span 10 = 1.9635e+01, 3.5044e+01      
# span 11 =     19.453,    425.821      
# span 12 = 287.390248, 287.394951      
# span 13 =    1.36358,    5.42632      
# span 14 =    23.8882,    35.0217      
# span 15 =    24.0271,    35.0445      
# span 16 =    17.5965,    27.2603      
# span 17 =    1485.07,    1505.76      
# span 18 =    1488.78,    1500.65      
# span 19 = 0.0000e+00, 0.0000e+00      
# interval = decibars: 1                
# start_time = Oct 14 2018 09:21:38 [System UTC, header]
# bad_flag = -9.990e-29
*END*
[from data line 73]
       2062     77.000     8.9417     8.9408   3.667498   3.669480     1.9358      98.78     0.0333 5.1266e-02 -9.990e-29     85.856 287.391017    4.69614    34.5278    34.5494    26.7580    1486.66    1496.79 0.0000e+00
       2083     78.000     8.9221     8.9212   3.666753   3.668751     1.9148      98.78     0.0369 5.1273e-02 -9.990e-29     86.751 287.391027    4.62953    34.5386    34.5604    26.7696    1486.62    1496.66 0.0000e+00
       2104     79.000     8.9049     8.9039   3.665999   3.668017     1.8947      98.74     0.0376 5.1260e-02 2.3325e+01     87.646 287.391038    4.58444    34.5469    34.5691    26.7788    1486.58    1496.53 0.0000e+00
       2126     80.000     8.8775     8.8764   3.664564   3.666584     1.8789      98.61     0.0386 5.1273e-02 2.3325e+01     88.542 287.391048    4.57305    34.5581    34.5803    26.7919    1486.51    1496.40 0.0000e+00
       2148     81.000     8.8255     8.8237   3.661852   3.663795     1.8673      98.78     0.0407 5.1273e-02 2.3325e+01     89.441 287.391058    4.56463    34.5798    34.6020    26.8172    1486.36    1496.28 0.0000e+00
       2169     82.000     8.7681     8.7652   3.658993   3.660950     1.8576      98.78     0.0407 5.1273e-02 2.3325e+01     90.331 287.391069    4.54435    34.6052    34.6287    26.8462    1486.20    1496.15 0.0000e+00
       2191     83.000     8.7163     8.7145   3.656880   3.658925     1.8478      98.78     0.0388 5.1266e-02 2.3325e+01     91.230 287.391079    4.51067    34.6331    34.6565    26.8762    1486.06    1496.03 0.0000e+00
       2212     84.000     8.6862     8.6848   3.655905   3.657949     1.8366      98.73     0.0352 5.1266e-02 2.3325e+01     92.126 287.391089    4.44587    34.6519    34.6748    26.8956    1485.98    1495.91 0.0000e+00
       2233     85.000     8.6650     8.6637   3.655176   3.657277     1.8209      98.28     0.0334 5.1273e-02 1.9635e+01     93.017 287.391100    4.35650    34.6645    34.6879    26.9088    1485.94    1495.79 0.0000e+00
       2255     86.000     8.6444     8.6437   3.654398   3.656508     1.8015      98.10     0.0340 5.1273e-02 2.3321e+01     93.917 287.391110    4.27950    34.6760    34.6989    26.9210    1485.89    1495.68 0.0000e+00
       2276     87.000     8.6193     8.6186   3.653499   3.655622     1.7836      98.60     0.0359 5.1273e-02 2.3325e+01     94.794 287.391120    4.24556    34.6906    34.7137    26.9364    1485.83    1495.56 0.0000e+00
       2297     88.000     8.5880     8.5871   3.652324   3.654441     1.7700      98.65     0.0359 5.1266e-02 2.3368e+01     95.671 287.391130    4.24197    34.7084    34.7317    26.9553    1485.76    1495.45 0.0000e+00
       2318     89.000     8.5507     8.5496   3.651158   3.653267     1.7606      97.27     0.0380 5.1253e-02 -9.990e-29     96.557 287.391141    4.23494    34.7323    34.7557    26.9798    1485.66    1495.34 0.0000e+00
       2340     90.000     8.5234     8.5224   3.650229   3.652350     1.7519      96.61     0.0387 5.1259e-02 -9.990e-29     97.439 287.391151    4.21293    34.7489    34.7723    26.9971    1485.60    1495.23 0.0000e+00
       2361     91.000     8.4985     8.4976   3.649513   3.651626     1.7435      98.71     0.0402 5.1273e-02 -9.990e-29     98.321 287.391161    4.17310    34.7653    34.7886    27.0138    1485.54    1495.12 0.0000e+00
       2382     92.000     8.4609     8.4600   3.648514   3.650646     1.7321      98.75     0.0374 5.1273e-02 -9.990e-29     99.203 287.391171    4.11071    34.7913    34.8148    27.0401    1485.45    1495.02 0.0000e+00
       2403     93.000     8.4379     8.4370   3.647965   3.650116     1.7185      98.74     0.0354 5.1273e-02 2.4469e+01    100.081 287.391181    4.04913    34.8077    34.8315    27.0565    1485.40    1494.92 0.0000e+00
       2424     94.000     8.4178     8.4169   3.647462   3.649615     1.7031      97.47     0.0344 5.1273e-02 2.4655e+01    100.971 287.391192    3.97965    34.8218    34.8455    27.0706    1485.36    1494.81 0.0000e+00
       2445     95.000     8.4082     8.4073   3.647351   3.649503     1.6858      98.15     0.0349 5.1273e-02 2.1378e+01    101.853 287.391202    3.89695    34.8296    34.8534    27.0782    1485.35    1494.71 0.0000e+00
       2466     96.000     8.3925     8.3917   3.646989   3.649162     1.6659      97.89     0.0339 5.1273e-02 2.3941e+01    102.729 287.391212    3.81474    34.8408    34.8647    27.0894    1485.32    1494.61 0.0000e+00
       2488     97.000     8.3823     8.3816   3.646845   3.649030     1.6452      97.79     0.0326 5.1266e-02 2.5254e+01    103.615 287.391222    3.74110    34.8489    34.8728    27.0973    1485.31    1494.52 0.0000e+00
       2509     98.000     8.3719     8.3708   3.646871   3.649064     1.6246      98.54     0.0328 5.1273e-02 2.5269e+01    104.494 287.391233    3.67580    34.8590    34.8834    27.1069    1485.30    1494.42 0.0000e+00
       2530     99.000     8.3608     8.3603   3.647169   3.649375     1.6055      98.70     0.0335 5.1273e-02 2.5269e+01    105.374 287.391243    3.62487    34.8726    34.8966    27.1193    1485.29    1494.33 0.0000e+00
       2551    100.000     8.3553     8.3546   3.647247   3.649440     1.5879      98.74     0.0292 5.1259e-02 2.5269e+01    106.256 287.391253    3.57257    34.8784    34.9025    27.1247    1485.29    1494.24 0.0000e+00
       2572    101.000     8.3458     8.3447   3.646851   3.649023     1.5704      98.75     0.0301 5.1266e-02 2.5269e+01    107.135 287.391263    3.49829    34.8832    34.9074    27.1299    1485.28    1494.15 0.0000e+00
       2593    102.000     8.3361     8.3353   3.646789   3.648997     1.5500      98.70     0.0295 5.1266e-02 2.5269e+01    108.014 287.391273    3.39849    34.8916    34.9160    27.1380    1485.27    1494.06 0.0000e+00
       2615    103.000     8.3167     8.3161   3.646107   3.648291     1.5265      98.78     0.0279 5.1273e-02 2.5269e+01    108.898 287.391283    3.31869    34.9031    34.9270    27.1500    1485.23    1493.98 0.0000e+00
       2635    104.000     8.3057     8.3049   3.645680   3.647866     1.5065      98.78     0.0314 5.1273e-02 2.5269e+01    109.767 287.391294    3.27953    34.9090    34.9331    27.1563    1485.21    1493.89 0.0000e+00
       2657    105.000     8.3020     8.3012   3.645522   3.647718     1.4892      98.78     0.0313 5.1260e-02 2.5269e+01    110.653 287.391304    3.24991    34.9105    34.9347    27.1581    1485.22    1493.81 0.0000e+00
       2678    106.000     8.2942     8.2934   3.645157   3.647335     1.4753      98.78     0.0309 5.1273e-02 2.4545e+01    111.534 287.391314    3.24084    34.9139    34.9379    27.1619    1485.21    1493.73 0.0000e+00
       2699    107.000     8.2865     8.2857   3.644770   3.646949     1.4663      98.78     0.0296 5.1259e-02 2.2638e+01    112.415 287.391324    3.25126    34.9169    34.9410    27.1655    1485.20    1493.65 0.0000e+00
       2720    108.000     8.2742     8.2733   3.644124   3.646296     1.4609      98.78     0.0303 5.1259e-02 2.5297e+01    113.301 287.391334    3.26651    34.9218    34.9458    27.1712    1485.18    1493.57 0.0000e+00
       2741    109.000     8.2663     8.2657   3.643692   3.645888     1.4590      98.78     0.0287 5.1273e-02 2.5269e+01    114.185 287.391345    3.29322    34.9245    34.9486    27.1745    1485.17    1493.49 0.0000e+00
       2763    110.000     8.2584     8.2577   3.643243   3.645417     1.4603      98.78     0.0276 5.1273e-02 2.5269e+01    115.069 287.391355    3.32759    34.9271    34.9510    27.1778    1485.16    1493.41 0.0000e+00
       2784    111.000     8.2535     8.2528   3.642975   3.645153     1.4648      98.78     0.0273 5.1253e-02 2.5269e+01    115.951 287.391365    3.37392    34.9286    34.9526    27.1797    1485.16    1493.34 0.0000e+00
       2805    112.000     8.2486     8.2480   3.642729   3.644918     1.4721      98.78     0.0297 5.1266e-02 2.5269e+01    116.830 287.391375    3.42308    34.9304    34.9544    27.1818    1485.16    1493.27 0.0000e+00
       2826    113.000     8.2392     8.2387   3.642135   3.644312     1.4813      98.78     0.0286 5.1273e-02 2.5360e+01    117.706 287.391385    3.47146    34.9329    34.9567    27.1853    1485.14    1493.19 0.0000e+00
       2847    114.000     8.2269     8.2263   3.641363   3.643546     1.4917      98.78     0.0306 5.1273e-02 2.5669e+01    118.591 287.391396    3.51340    34.9364    34.9603    27.1899    1485.12    1493.12 0.0000e+00
       2868    115.000     8.2216     8.2210   3.641044   3.643220     1.5020      98.78     0.0321 5.1273e-02 2.6268e+01    119.469 287.391406    3.55420    34.9378    34.9616    27.1918    1485.11    1493.05 0.0000e+00
       2889    116.000     8.2176     8.2171   3.640814   3.642994     1.5134      98.78     0.0311 5.1273e-02 2.7123e+01    120.352 287.391416    3.61521    34.9388    34.9626    27.1932    1485.12    1492.98 0.0000e+00
       2910    117.000     8.2115     8.2109   3.640423   3.642612     1.5276      98.78     0.0297 5.1273e-02 2.7213e+01    121.227 287.391426    3.68397    34.9402    34.9642    27.1952    1485.11    1492.92 0.0000e+00
       2932    118.000     8.2020     8.2013   3.639806   3.641982     1.5423      98.78     0.0275 5.1273e-02 2.7213e+01    122.107 287.391436    3.72926    34.9426    34.9666    27.1985    1485.10    1492.85 0.0000e+00
       2953    119.000     8.1968     8.1963   3.639494   3.641672     1.5552      98.78     0.0281 5.1266e-02 2.4717e+01    122.992 287.391447    3.75144    34.9440    34.9677    27.2004    1485.09    1492.78 0.0000e+00
       2974    120.000     8.1897     8.1891   3.638995   3.641174     1.5653      98.78     0.0276 5.1273e-02 2.6809e+01    123.875 287.391457    3.77189    34.9452    34.9691    27.2025    1485.09    1492.72 0.0000e+00
       2995    121.000     8.1842     8.1836   3.638638   3.640808     1.5745      98.78     0.0266 5.1266e-02 2.7219e+01    124.763 287.391467    3.79220    34.9464    34.9702    27.2042    1485.08    1492.66 0.0000e+00
       3017    122.000     8.1772     8.1766   3.638141   3.640297     1.5820      98.78     0.0266 5.1273e-02 2.7213e+01    125.648 287.391477    3.81372    34.9475    34.9712    27.2062    1485.07    1492.59 0.0000e+00
       3038    123.000     8.1754     8.1749   3.638035   3.640199     1.5900      98.78     0.0313 5.1273e-02 2.7213e+01    126.530 287.391488    3.84767    34.9477    34.9714    27.2066    1485.08    1492.53 0.0000e+00
       3059    124.000     8.1722     8.1715   3.637813   3.639977     1.5983      98.78     0.0319 5.1273e-02 2.7213e+01    127.416 287.391498    3.87244    34.9480    34.9719    27.2074    1485.09    1492.47 0.0000e+00
       3080    125.000     8.1692     8.1686   3.637635   3.639808     1.6053      98.78     0.0311 5.1266e-02 2.7213e+01    128.301 287.391508    3.89372    34.9486    34.9725    27.2083    1485.10    1492.41 0.0000e+00
       3101    126.000     8.1689     8.1684   3.637701   3.639876     1.6127      98.78     0.0298 5.1266e-02 2.7213e+01    129.185 287.391518    3.91702    34.9492    34.9729    27.2087    1485.11    1492.35 0.0000e+00
       3123    127.000     8.1668     8.1663   3.637615   3.639790     1.6190      98.78     0.0302 5.1273e-02 2.7213e+01    130.074 287.391529    3.92965    34.9498    34.9736    27.2096    1485.12    1492.30 0.0000e+00
       3144    128.000     8.1630     8.1625   3.637352   3.639524     1.6243      98.78     0.0305 5.1273e-02 2.7213e+01    130.958 287.391539    3.93820    34.9503    34.9741    27.2105    1485.12    1492.24 0.0000e+00
       3165    129.000     8.1591     8.1586   3.637066   3.639235     1.6281      98.78     0.0293 5.1273e-02 2.7213e+01    131.843 287.391549    3.93421    34.9507    34.9744    27.2114    1485.13    1492.19 0.0000e+00
       3186    130.000     8.1577     8.1571   3.637044   3.639206     1.6298      98.78     0.0261 5.1253e-02 2.7093e+01    132.729 287.391559    3.92531    34.9513    34.9751    27.2121    1485.14    1492.13 0.0000e+00
       3208    131.000     8.1573     8.1569   3.637113   3.639280     1.6306      98.78     0.0267 5.1273e-02 2.6776e+01    133.609 287.391570    3.92886    34.9520    34.9756    27.2127    1485.15    1492.08 0.0000e+00
       3229    132.000     8.1587     8.1582   3.637361   3.639530     1.6319      98.78     0.0281 5.1266e-02 2.7209e+01    134.493 287.391580    3.93834    34.9528    34.9765    27.2131    1485.18    1492.03 0.0000e+00
       3250    133.000     8.1579     8.1575   3.637327   3.639508     1.6337      98.78     0.0273 5.1273e-02 2.7213e+01    135.374 287.391590    3.94011    34.9527    34.9765    27.2132    1485.19    1491.97 0.0000e+00
       3271    134.000     8.1544     8.1539   3.637026   3.639191     1.6341      98.78     0.0257 5.1259e-02 2.7213e+01    136.254 287.391600    3.92180    34.9525    34.9762    27.2136    1485.19    1491.92 0.0000e+00
       3292    135.000     8.1515     8.1510   3.636795   3.638952     1.6315      98.78     0.0283 5.1266e-02 2.7213e+01    137.138 287.391610    3.88665    34.9524    34.9760    27.2139    1485.20    1491.87 0.0000e+00
       3313    136.000     8.1499     8.1493   3.636711   3.638869     1.6266      98.78     0.0294 5.1273e-02 2.7213e+01    138.014 287.391620    3.86973    34.9526    34.9763    27.2144    1485.21    1491.82 0.0000e+00
       3335    137.000     8.1496     8.1490   3.636741   3.638904     1.6240      98.78     0.0297 5.1273e-02 2.7213e+01    138.903 287.391631    3.89176    34.9528    34.9765    27.2145    1485.22    1491.78 0.0000e+00
       3356    138.000     8.1485     8.1480   3.636695   3.638854     1.6252      98.78     0.0279 5.1273e-02 2.7213e+01    139.791 287.391641    3.92015    34.9529    34.9765    27.2148    1485.24    1491.73 0.0000e+00
       3377    139.000     8.1472     8.1468   3.636657   3.638817     1.6272      98.78     0.0297 5.1280e-02 2.7213e+01    140.671 287.391651    3.93042    34.9533    34.9768    27.2153    1485.25    1491.68 0.0000e+00
       3398    140.000     8.1463     8.1458   3.636632   3.638790     1.6293      98.78     0.0311 5.1280e-02 2.7211e+01    141.556 287.391662    3.93441    34.9534    34.9770    27.2155    1485.26    1491.63 0.0000e+00
       3420    141.000     8.1457     8.1452   3.636647   3.638798     1.6304      98.78     0.0311 5.1273e-02 2.5621e+01    142.444 287.391672    3.93230    34.9537    34.9772    27.2158    1485.28    1491.59 0.0000e+00
       3441    142.000     8.1447     8.1442   3.636601   3.638747     1.6311      98.78     0.0296 5.1273e-02 2.7207e+01    143.330 287.391682    3.92948    34.9537    34.9772    27.2160    1485.29    1491.55 0.0000e+00
       3462    143.000     8.1435     8.1431   3.636538   3.638704     1.6311      98.78     0.0297 5.1273e-02 2.7213e+01    144.216 287.391692    3.92771    34.9538    34.9774    27.2162    1485.30    1491.50 0.0000e+00
       3483    144.000     8.1429     8.1425   3.636558   3.638702     1.6312      98.78     0.0255 5.1280e-02 2.7213e+01    145.096 287.391702    3.92448    34.9541    34.9775    27.2166    1485.32    1491.46 0.0000e+00
       3505    145.000     8.1417     8.1412   3.636502   3.638634     1.6303      98.76     0.0239 5.1260e-02 2.7213e+01    145.980 287.391713    3.91864    34.9542    34.9775    27.2168    1485.33    1491.42 0.0000e+00
       3526    146.000     8.1383     8.1377   3.636186   3.638326     1.6299      98.75     0.0272 5.1273e-02 2.7213e+01    146.865 287.391723    3.92322    34.9537    34.9772    27.2170    1485.33    1491.37 0.0000e+00
       3547    147.000     8.1376     8.1371   3.636240   3.638391     1.6299      98.77     0.0264 5.1273e-02 2.7213e+01    147.750 287.391733    3.92282    34.9545    34.9781    27.2177    1485.35    1491.33 0.0000e+00
