testdata/CTD/sta0418.cnv
* Sea-Bird SBE 9 Data File:
* FileName = C:\Seabird\CTDData\sta0418.hex
* Software Version Seasave V 7.21f
* Temperature SN = 4557
* Conductivity SN = 1337
* Number of Bytes Per Scan = 40
* Number of Voltage Words = 5
* Number of Scans Averaged by the Deck Unit = 1
* NMEA Latitude = 61 28.97 N
* NMEA Longitude = 005 20.87 E
* NMEA UTC (Time) = Oct 17 2018 02:45:36
* NMEA baud rate = 4800
** Ship: 10 F/F "G. O. Sars"
** Station: 0418
** Echodepth: 339
** Log: 5571.53
** Wind-Dir Force: 12 04
** Air-temp (dry): 13.7
** Weather Sky: 0 0
** Sea Ice: 0 0
# nquan = 20                                
# nvalues = 337                         
# units = specified
# name 0 = scan: Scan Count
# name 1 = prDM: Pressure, Digiquartz [db]
# name 2 = t068C: Temperature [ITS-68, deg C]
# name 3 = t168C: Temperature, 2 [ITS-68, deg C]
# name 4 = c0S/m: Conductivity [S/m]
# name 5 = c1S/m: Conductivity, 2 [S/m]
# name 6 = sbeox0V: Oxygen raw, SBE 43 [V]
# name 7 = altM: Altimeter [m]
# name 8 = flC: Fluorescence, Chelsea Aqua 3 Chl Con [ug/l]
# name 9 = par: PAR/Irradiance, Biospherical/Licor
# name 10 = spar: SPAR/Surface Irradiance
# name 11 = timeS: Time, Elapsed [seconds]
# name 12 = timeJ: Julian Days
# name 13 = sbeox0ML/L: Oxygen, SBE 43 [ml/l], WS = 2
# name 14 = sal00: Salinity, Practical [PSU]
# name 15 = sal11: Salinity, Practical, 2 [PSU]
# name 16 = sigma-t00: Density [sigma-t, Kg/m^3 ]
# name 17 = svCM: Sound Velocity [Chen-Millero, m/s]
# name 18 = avgsvCM: Average Sound Velocity [Chen-Millero, m/s], minP = 1, minS = 5
# name 19 = flag: flag
# span 0 =        366,       7952       
# span 1 =      3.000,    339.000       
# span 2 =     7.6848,    13.9043       
# span 3 =     7.6845,    13.9096       
# span 4 =   3.504644,   3.885134       
# span 5 =   3.516320,   3.887187       
# span 6 =     1.8497,     2.1944       
# span 7 =       7.26,      99.90       
# span 8 =     0.0140,     0.0855       
# span 9 = 5.1231e-02, 5.4925e-01       
# span 10 = 1.9438e+00, 1.9438e+00      
# span 11 =     15.213,    331.273      
# span 12 = 290.115188, 290.118846      
# span 13 =    4.66394,    5.38682      
# span 14 =    29.1964,    35.0649      
# span 15 =    29.2891,    35.0856      
# span 16 =    21.8466,    27.3720      
# span 17 =    1484.28,    1499.15      
# span 18 =    1488.33,    1497.31      
# span 19 = 0.0000e+00, 0.0000e+00      
# interval = decibars: 1                
# start_time = Oct 17 2018 02:45:37 [System UTC, header]
# bad_flag = -9.990e-29
*END*
[from data line 218]
       5038    221.000     7.8305     7.8301   3.618765   3.620666     1.9790      98.64     0.0230 5.1273e-02 1.9438e+00    209.870 290.117441    5.25404    35.0378    35.0587    27.3292    1485.51    1489.54 0.0000e+00
       5059    222.000     7.8291     7.8289   3.618994   3.620887     1.9796      49.52     0.0195 5.1267e-02 1.9438e+00    210.761 290.117451    5.26081    35.0412    35.0618    27.3321    1485.52    1489.52 0.0000e+00
       5081    223.000     7.8218     7.8214   3.618508   3.620411     1.9819      97.78     0.0201 5.1273e-02 1.9438e+00    211.678 290.117462    5.27637    35.0428    35.0637    27.3344    1485.51    1489.50 0.0000e+00
       5103    224.000     7.8140     7.8136   3.618033   3.619919     1.9832      98.45     0.0203 5.1273e-02 1.9438e+00    212.588 290.117472    5.27555    35.0450    35.0657    27.3373    1485.50    1489.48 0.0000e+00
       5125    225.000     7.8063     7.8059   3.617455   3.619326     1.9842      66.19     0.0195 5.1266e-02 -9.990e-29    213.487 290.117482    5.28770    35.0460    35.0666    27.3393    1485.49    1489.47 0.0000e+00
       5147    226.000     7.8015     7.8012   3.617049   3.618952     1.9874      61.83     0.0193 5.1260e-02 -9.990e-29    214.411 290.117493    5.32324    35.0459    35.0668    27.3399    1485.49    1489.45 0.0000e+00
       5169    227.000     7.7973     7.7969   3.616750   3.618634     1.9918      81.04     0.0191 5.1280e-02 -9.990e-29    215.318 290.117504    5.33046    35.0464    35.0672    27.3409    1485.49    1489.43 0.0000e+00
       5191    228.000     7.7813     7.7808   3.615483   3.617354     1.9939      51.69     0.0183 5.1266e-02 1.9438e+00    216.235 290.117514    5.32752    35.0483    35.0690    27.3448    1485.45    1489.41 0.0000e+00
       5213    229.000     7.7754     7.7752   3.615135   3.617019     1.9950      94.33     0.0212 5.1266e-02 1.9438e+00    217.158 290.117525    5.31000    35.0500    35.0706    27.3470    1485.45    1489.40 0.0000e+00
       5235    230.000     7.7729     7.7726   3.614934   3.616831     1.9935      55.73     0.0234 5.1273e-02 1.9438e+00    218.072 290.117536    5.31392    35.0499    35.0707    27.3473    1485.45    1489.38 0.0000e+00
       5257    231.000     7.7793     7.7790   3.615969   3.617871     1.9953      98.46     0.0218 5.1273e-02 1.9438e+00    218.996 290.117546    5.33393    35.0541    35.0750    27.3497    1485.50    1489.36 0.0000e+00
       5279    232.000     7.7784     7.7781   3.616021   3.617935     1.9972      98.61     0.0221 5.1259e-02 1.9438e+00    219.912 290.117557    5.33459    35.0551    35.0761    27.3506    1485.51    1489.34 0.0000e+00
       5301    233.000     7.7755     7.7750   3.615786   3.617660     1.9973      47.06     0.0241 5.1260e-02 1.9438e+00    220.815 290.117567    5.34078    35.0550    35.0757    27.3509    1485.52    1489.33 0.0000e+00
       5322    234.000     7.7711     7.7705   3.615376   3.617259     2.0005      98.40     0.0220 5.1273e-02 -9.990e-29    221.724 290.117578    5.36898    35.0545    35.0754    27.3512    1485.52    1489.31 0.0000e+00
       5344    235.000     7.7609     7.7605   3.614414   3.616300     2.0032      98.47     0.0208 5.1273e-02 -9.990e-29    222.615 290.117588    5.37338    35.0539    35.0746    27.3522    1485.49    1489.30 0.0000e+00
       5365    236.000     7.7619     7.7615   3.614722   3.616605     2.0049      68.93     0.0195 5.1260e-02 -9.990e-29    223.518 290.117599    5.37487    35.0557    35.0764    27.3535    1485.52    1489.28 0.0000e+00
       5387    237.000     7.7580     7.7576   3.614391   3.616274     2.0071      82.54     0.0200 5.1260e-02 -9.990e-29    224.430 290.117609    5.38682    35.0556    35.0763    27.3539    1485.52    1489.26 0.0000e+00
       5409    238.000     7.7466     7.7462   3.613275   3.615160     2.0087      98.19     0.0191 5.1273e-02 1.9438e+00    225.325 290.117620    5.38131    35.0545    35.0752    27.3548    1485.49    1489.25 0.0000e+00
       5431    239.000     7.7360     7.7359   3.612305   3.614201     2.0086      87.93     0.0237 5.1273e-02 1.9438e+00    226.235 290.117630    5.36722    35.0541    35.0747    27.3561    1485.47    1489.23 0.0000e+00
       5452    240.000     7.7324     7.7320   3.612027   3.613904     2.0071      60.41     0.0211 5.1259e-02 1.9438e+00    227.136 290.117640    5.36591    35.0543    35.0750    27.3567    1485.47    1489.22 0.0000e+00
       5474    241.000     7.7294     7.7290   3.611811   3.613696     2.0071      98.56     0.0216 5.1266e-02 1.9438e+00    228.025 290.117651    5.36610    35.0545    35.0752    27.3573    1485.47    1489.20 0.0000e+00
       5495    242.000     7.7246     7.7243   3.611461   3.613343     2.0059      98.24     0.0184 5.1273e-02 1.9438e+00    228.923 290.117661    5.35055    35.0550    35.0757    27.3584    1485.47    1489.19 0.0000e+00
       5517    243.000     7.7213     7.7210   3.611221   3.613106     2.0032      48.67     0.0197 5.1280e-02 1.9438e+00    229.815 290.117672    5.34289    35.0552    35.0759    27.3591    1485.48    1489.17 0.0000e+00
       5538    244.000     7.7191     7.7186   3.611085   3.612952     2.0027      99.15     0.0214 5.1273e-02 1.9438e+00    230.716 290.117682    5.35440    35.0555    35.0762    27.3596    1485.48    1489.15 0.0000e+00
       5560    245.000     7.7160     7.7156   3.610922   3.612799     2.0018      98.31     0.0234 5.1266e-02 1.9438e+00    231.610 290.117692    5.34784    35.0564    35.0771    27.3608    1485.49    1489.14 0.0000e+00
       5581    246.000     7.7144     7.7138   3.610831   3.612698     2.0003      72.24     0.0241 5.1266e-02 1.9438e+00    232.498 290.117703    5.34355    35.0565    35.0773    27.3611    1485.50    1489.13 0.0000e+00
       5603    247.000     7.7100     7.7099   3.610504   3.612420     2.0005      80.80     0.0250 5.1266e-02 1.9438e+00    233.397 290.117713    5.35846    35.0569    35.0777    27.3621    1485.50    1489.11 0.0000e+00
       5624    248.000     7.7118     7.7116   3.610762   3.612661     2.0004      98.58     0.0218 5.1266e-02 -9.990e-29    234.289 290.117723    5.35194    35.0574    35.0781    27.3622    1485.53    1489.10 0.0000e+00
       5645    249.000     7.7102     7.7101   3.610635   3.612539     1.9997      91.00     0.0228 5.1260e-02 -9.990e-29    235.179 290.117734    5.34344    35.0571    35.0778    27.3622    1485.54    1489.08 0.0000e+00
       5667    250.000     7.7093     7.7090   3.610593   3.612482     1.9987      56.81     0.0223 5.1273e-02 -9.990e-29    236.076 290.117744    5.35045    35.0571    35.0778    27.3623    1485.55    1489.07 0.0000e+00
       5688    251.000     7.7085     7.7081   3.610562   3.612456     1.9993      99.01     0.0181 5.1273e-02 -9.990e-29    236.971 290.117754    5.35165    35.0571    35.0780    27.3624    1485.56    1489.05 0.0000e+00
       5710    252.000     7.7084     7.7080   3.610592   3.612486     1.9981      98.45     0.0167 5.1273e-02 1.9438e+00    237.867 290.117765    5.33068    35.0570    35.0779    27.3624    1485.58    1489.04 0.0000e+00
       5731    253.000     7.7082     7.7078   3.610623   3.612505     1.9955      51.74     0.0189 5.1266e-02 1.9438e+00    238.762 290.117775    5.32975    35.0571    35.0778    27.3625    1485.59    1489.03 0.0000e+00
       5753    254.000     7.7078     7.7074   3.610624   3.612518     1.9957      96.77     0.0180 5.1273e-02 1.9438e+00    239.652 290.117785    5.34306    35.0570    35.0779    27.3625    1485.61    1489.01 0.0000e+00
       5774    255.000     7.7069     7.7066   3.610615   3.612506     1.9955      98.70     0.0177 5.1273e-02 1.9438e+00    240.548 290.117796    5.34439    35.0573    35.0781    27.3628    1485.62    1489.00 0.0000e+00
       5796    256.000     7.7067     7.7064   3.610646   3.612538     1.9957      74.22     0.0199 5.1273e-02 1.9438e+00    241.441 290.117806    5.34114    35.0574    35.0781    27.3629    1485.64    1488.99 0.0000e+00
       5817    257.000     7.7064     7.7061   3.610670   3.612573     1.9953      75.40     0.0193 5.1280e-02 -9.990e-29    242.333 290.117816    5.34583    35.0574    35.0783    27.3630    1485.65    1488.97 0.0000e+00
       5839    258.000     7.7063     7.7059   3.610710   3.612608     1.9955      98.51     0.0208 5.1260e-02 -9.990e-29    243.234 290.117827    5.34098    35.0575    35.0784    27.3631    1485.67    1488.96 0.0000e+00
       5860    259.000     7.7050     7.7046   3.610662   3.612552     1.9945      96.72     0.0203 5.1259e-02 -9.990e-29    244.126 290.117837    5.32826    35.0578    35.0786    27.3635    1485.68    1488.95 0.0000e+00
       5881    260.000     7.7036     7.7032   3.610607   3.612481     1.9931      54.51     0.0243 5.1273e-02 -9.990e-29    245.019 290.117847    5.33510    35.0581    35.0788    27.3640    1485.69    1488.93 0.0000e+00
       5903    261.000     7.7025     7.7021   3.610561   3.612452     1.9934      98.58     0.0256 5.1273e-02 1.9438e+00    245.914 290.117858    5.33779    35.0582    35.0791    27.3642    1485.70    1488.92 0.0000e+00
       5924    262.000     7.7021     7.7018   3.610583   3.612478     1.9929      98.77     0.0230 5.1273e-02 1.9438e+00    246.806 290.117868    5.32782    35.0584    35.0792    27.3644    1485.72    1488.91 0.0000e+00
       5946    263.000     7.7018     7.7016   3.610617   3.612505     1.9908      61.32     0.0211 5.1266e-02 1.9438e+00    247.706 290.117879    5.32636    35.0586    35.0792    27.3646    1485.74    1488.90 0.0000e+00
       5967    264.000     7.7012     7.7009   3.610603   3.612495     1.9920      94.09     0.0210 5.1273e-02 1.9438e+00    248.601 290.117889    5.34425    35.0585    35.0793    27.3646    1485.75    1488.89 0.0000e+00
       5989    265.000     7.7008     7.7005   3.610636   3.612516     1.9919      98.73     0.0225 5.1280e-02 1.9438e+00    249.490 290.117899    5.33132    35.0588    35.0794    27.3649    1485.77    1488.87 0.0000e+00
       6010    266.000     7.7003     7.7000   3.610640   3.612535     1.9907      79.35     0.0228 5.1273e-02 1.9438e+00    250.386 290.117910    5.32564    35.0589    35.0796    27.3650    1485.78    1488.86 0.0000e+00
       6032    267.000     7.6994     7.6991   3.610619   3.612517     1.9907      74.36     0.0220 5.1273e-02 -9.990e-29    251.275 290.117920    5.33799    35.0590    35.0799    27.3653    1485.79    1488.85 0.0000e+00
       6053    268.000     7.6988     7.6985   3.610627   3.612521     1.9908      98.88     0.0215 5.1266e-02 -9.990e-29    252.170 290.117930    5.33918    35.0592    35.0800    27.3656    1485.81    1488.84 0.0000e+00
       6075    269.000     7.6987     7.6983   3.610658   3.612556     1.9914      98.78     0.0184 5.1253e-02 -9.990e-29    253.068 290.117941    5.33586    35.0592    35.0801    27.3655    1485.82    1488.83 0.0000e+00
       6096    270.000     7.6985     7.6981   3.610695   3.612584     1.9900      58.13     0.0155 5.1259e-02 1.9438e+00    253.966 290.117951    5.32875    35.0593    35.0801    27.3657    1485.84    1488.82 0.0000e+00
       6118    271.000     7.6983     7.6980   3.610717   3.612601     1.9903      99.19     0.0164 5.1273e-02 1.9438e+00    254.863 290.117961    5.33723    35.0593    35.0799    27.3656    1485.85    1488.81 0.0000e+00
       6139    272.000     7.6980     7.6977   3.610750   3.612644     1.9903      98.78     0.0188 5.1266e-02 1.9438e+00    255.765 290.117972    5.33588    35.0594    35.0802    27.3658    1485.87    1488.80 0.0000e+00
       6161    273.000     7.6981     7.6977   3.610817   3.612707     1.9898      68.36     0.0190 5.1266e-02 1.9438e+00    256.659 290.117982    5.33459    35.0596    35.0804    27.3659    1485.89    1488.79 0.0000e+00
       6182    274.000     7.6982     7.6979   3.610892   3.612775     1.9904      92.30     0.0192 5.1266e-02 1.9438e+00    257.560 290.117993    5.34575    35.0598    35.0805    27.3661    1485.90    1488.77 0.0000e+00
       6204    275.000     7.6982     7.6980   3.610950   3.612841     1.9908      98.72     0.0218 5.1266e-02 1.9438e+00    258.450 290.118003    5.34071    35.0599    35.0806    27.3662    1485.92    1488.76 0.0000e+00
       6225    276.000     7.6982     7.6979   3.610991   3.612894     1.9904      82.17     0.0228 5.1273e-02 1.9438e+00    259.343 290.118013    5.33446    35.0599    35.0808    27.3662    1485.94    1488.75 0.0000e+00
       6247    277.000     7.6979     7.6975   3.611007   3.612897     1.9899      71.53     0.0242 5.1266e-02 1.9438e+00    260.239 290.118024    5.34176    35.0599    35.0807    27.3662    1485.95    1488.74 0.0000e+00
       6268    278.000     7.6962     7.6958   3.610920   3.612802     1.9905      98.90     0.0195 5.1273e-02 1.9438e+00    261.130 290.118034    5.34431    35.0602    35.0809    27.3667    1485.96    1488.73 0.0000e+00
       6290    279.000     7.6954     7.6952   3.610904   3.612796     1.9904      98.75     0.0193 5.1273e-02 1.9438e+00    262.026 290.118044    5.33293    35.0603    35.0810    27.3669    1485.98    1488.72 0.0000e+00
       6311    280.000     7.6954     7.6952   3.610961   3.612845     1.9885      56.44     0.0199 5.1273e-02 -9.990e-29    262.922 290.118055    5.33031    35.0604    35.0810    27.3670    1485.99    1488.71 0.0000e+00
       6332    281.000     7.6955     7.6953   3.611009   3.612908     1.9891      98.58     0.0209 5.1273e-02 -9.990e-29    263.810 290.118065    5.33800    35.0604    35.0811    27.3669    1486.01    1488.70 0.0000e+00
       6354    282.000     7.6956     7.6953   3.611079   3.612970     1.9883      98.67     0.0223 5.1273e-02 -9.990e-29    264.707 290.118075    5.32611    35.0605    35.0813    27.3670    1486.03    1488.70 0.0000e+00
       6375    283.000     7.6957     7.6954   3.611131   3.613019     1.9867      73.99     0.0215 5.1266e-02 -9.990e-29    265.599 290.118086    5.31450    35.0605    35.0812    27.3670    1486.04    1488.69 0.0000e+00
       6397    284.000     7.6957     7.6954   3.611189   3.613086     1.9854      89.95     0.0210 5.1253e-02 1.9438e+00    266.493 290.118096    5.31901    35.0606    35.0815    27.3671    1486.06    1488.68 0.0000e+00
       6418    285.000     7.6964     7.6960   3.611343   3.613222     1.9846      98.68     0.0209 5.1266e-02 1.9438e+00    267.386 290.118106    5.31646    35.0611    35.0818    27.3674    1486.08    1488.67 0.0000e+00
       6440    286.000     7.6973     7.6970   3.611519   3.613408     1.9835      89.97     0.0216 5.1273e-02 1.9438e+00    268.276 290.118117    5.30846    35.0616    35.0824    27.3677    1486.10    1488.66 0.0000e+00
       6461    287.000     7.6973     7.6970   3.611596   3.613484     1.9825      73.02     0.0215 5.1267e-02 1.9438e+00    269.178 290.118127    5.32116    35.0620    35.0827    27.3679    1486.12    1488.65 0.0000e+00
       6483    288.000     7.6972     7.6969   3.611642   3.613524     1.9835      98.37     0.0188 5.1273e-02 1.9438e+00    270.076 290.118137    5.33658    35.0621    35.0827    27.3680    1486.13    1488.64 0.0000e+00
       6504    289.000     7.6972     7.6969   3.611683   3.613577     1.9851      98.60     0.0178 5.1273e-02 1.9438e+00    270.970 290.118148    5.33769    35.0620    35.0828    27.3680    1486.15    1488.63 0.0000e+00
       6526    290.000     7.6970     7.6967   3.611724   3.613612     1.9847      60.62     0.0228 5.1266e-02 -9.990e-29    271.866 290.118158    5.33768    35.0622    35.0829    27.3682    1486.17    1488.62 0.0000e+00
       6547    291.000     7.6968     7.6966   3.611778   3.613662     1.9870      98.33     0.0225 5.1260e-02 -9.990e-29    272.763 290.118169    5.35361    35.0625    35.0831    27.3684    1486.18    1488.62 0.0000e+00
