testdata/CTD/sta0400.cnv
* Sea-Bird SBE 9 Data File:
* FileName = C:\Seabird\CTDData\sta0400.hex
* Software Version Seasave V 7.21f
* Temperature SN = 4557
* Conductivity SN = 1337
* Number of Bytes Per Scan = 40
* Number of Voltage Words = 5
* Number of Scans Averaged by the Deck Unit = 1
* NMEA Latitude = 61 24.88 N
* NMEA Longitude = 002 03.11 W
* NMEA UTC (Time) = Oct 10 2018 04:47:22
* NMEA baud rate = 4800
** Ship: 10 F/F "G. O. Sars"
** Station: 0400
** Echodepth: 916
** Log: 4949.23
** Wind-Dir Force: 15 06
** Air-temp (dry): 9.8
** Weather Sky: 0 6
** Sea Ice: 3 0
# nquan = 20                                
# nvalues = 920                         
# units = specified
# name 0 = scan: Scan Count
# name 1 = prDM: Pressure, Digiquartz [db]
# name 2 = t068C: Temperature [ITS-68, deg C]
# name 3 = t168C: Temperature, 2 [ITS-68, deg C]
# name 4 = c0S/m: Conductivity [S/m]
# name 5 = c1S/m: Conductivity, 2 [S/m]
# name 6 = sbeox0V: Oxygen raw, SBE 43 [V]
# name 7 = altM: Altimeter [m]
# name 8 = flC: Fluorescence, Chelsea Aqua 3 Chl Con [ug/l]
# name 9 = par: PAR/Irradiance, Biospherical/Licor
# name 10 = spar: SPAR/Surface Irradiance
# name 11 = timeS: Time, Elapsed [seconds]
# name 12 = timeJ: Julian Days
# name 13 = sbeox0ML/L: Oxygen, SBE 43 [ml/l], WS = 2
# name 14 = sal00: Salinity, Practical [PSU]
# name 15 = sal11: Salinity, Practical, 2 [PSU]
# name 16 = sigma-t00: Density [sigma-t, Kg/m^3 ]
# name 17 = svCM: Sound Velocity [Chen-Millero, m/s]
# name 18 = avgsvCM: Average Sound Velocity [Chen-Millero, m/s], minP = 1, minS = 5
# name 19 = flag: flag
# span 0 =        -95,      24552       
# span 1 =      5.000,    924.000       
# span 2 =    -0.7071,    10.1253       
# span 3 =    -0.7070,    10.1257       
# span 4 =   2.875320,   3.841004       
# span 5 =   2.876902,   3.842937       
# span 6 =     1.8006,     2.3013       
# span 7 =       7.88,     100.43       
# span 8 =     0.0044,     0.2119       
# span 9 = 5.1225e-02, 6.9651e-01       
# span 10 = 1.9438e+00, 1.9438e+00      
# span 11 =     -4.016,   1022.973      
# span 12 = 283.199537, 283.211423      
# span 13 =    5.60984,    6.50471      
# span 14 =    34.9187,    35.2831      
# span 15 =    34.9368,    35.3028      
# span 16 =    27.0632,    28.0770      
# span 17 =    1458.97,    1491.84      
# span 18 =    1478.10,    1491.19      
# span 19 = 0.0000e+00, 0.0000e+00      
# interval = decibars: 1                
# start_time = Oct 10 2018 04:47:24 [System UTC, header]
# bad_flag = -9.990e-29
*END*
[from data line 290]
       7706    295.000     8.8051     8.8055   3.733281   3.735185     2.1248      98.78     0.0092 5.1273e-02 1.9438e+00    321.045 283.203299    5.67993    35.2500    35.2697    27.3457    1490.64    1490.52 0.0000e+00
       7726    296.000     8.7960     8.7964   3.732410   3.734314     2.1248      97.63     0.0123 5.1273e-02 1.9438e+00    321.878 283.203309    5.67796    35.2494    35.2691    27.3466    1490.62    1490.52 0.0000e+00
       7747    297.000     8.7875     8.7877   3.731579   3.733470     2.1239      45.61     0.0154 5.1273e-02 1.9438e+00    322.750 283.203319    5.68120    35.2486    35.2683    27.3474    1490.60    1490.52 0.0000e+00
       7770    298.000     8.7835     8.7839   3.731216   3.733113     2.1242      92.88     0.0131 5.1267e-02 1.9438e+00    323.720 283.203330    5.67509    35.2483    35.2679    27.3478    1490.60    1490.52 0.0000e+00
       7798    299.000     8.7812     8.7816   3.731014   3.732926     2.1222      85.84     0.0132 5.1263e-02 1.9438e+00    324.860 283.203343    5.66854    35.2480    35.2677    27.3479    1490.61    1490.52 0.0000e+00
       7827    300.000     8.7715     8.7721   3.730068   3.731491     2.1223      61.71     0.0122 5.1241e-02 -9.990e-29    326.068 283.203357    5.69604    35.2472    35.2616    27.3488    1490.59    1490.52 0.0000e+00
       7852    301.000     8.7643     8.7649   3.729352   3.731276     2.1248      98.49     0.0106 5.1267e-02 -9.990e-29    327.112 283.203369    5.69601    35.2463    35.2660    27.3493    1490.58    1490.53 0.0000e+00
       7873    302.000     8.7601     8.7600   3.729077   3.730925     2.1240      89.11     0.0119 5.1273e-02 -9.990e-29    328.010 283.203380    5.67274    35.2471    35.2667    27.3506    1490.58    1490.53 0.0000e+00
       7892    303.000     8.7632     8.7630   3.729494   3.731331     2.1218      39.03     0.0134 5.1281e-02 1.9438e+00    328.798 283.203389    5.67331    35.2479    35.2675    27.3507    1490.61    1490.53 0.0000e+00
       7910    304.000     8.7649     8.7651   3.729733   3.731616     2.1224      96.10     0.0114 5.1265e-02 1.9438e+00    329.557 283.203398    5.68830    35.2483    35.2679    27.3507    1490.63    1490.53 0.0000e+00
       7929    305.000     8.7657     8.7657   3.729868   3.731739     2.1225      96.58     0.0107 5.1259e-02 1.9438e+00    330.341 283.203407    5.68333    35.2485    35.2682    27.3507    1490.65    1490.53 0.0000e+00
       7950    306.000     8.7661     8.7664   3.730009   3.731887     2.1218      71.19     0.0134 5.1266e-02 1.9438e+00    331.189 283.203417    5.67821    35.2491    35.2686    27.3511    1490.67    1490.53 0.0000e+00
       7972    307.000     8.7655     8.7658   3.729989   3.731869     2.1218      73.00     0.0134 5.1273e-02 1.9438e+00    332.136 283.203427    5.69352    35.2490    35.2685    27.3512    1490.69    1490.53 0.0000e+00
       7995    308.000     8.7659     8.7663   3.730084   3.731980     2.1234      99.44     0.0097 5.1273e-02 1.9438e+00    333.065 283.203438    5.70471    35.2491    35.2687    27.3512    1490.70    1490.53 0.0000e+00
       8014    309.000     8.7653     8.7656   3.730069   3.731962     2.1248      98.78     0.0068 5.1273e-02 -9.990e-29    333.880 283.203448    5.70510    35.2491    35.2687    27.3513    1490.72    1490.53 0.0000e+00
       8032    310.000     8.7655     8.7657   3.730123   3.732011     2.1247      37.52     0.0044 5.1273e-02 -9.990e-29    334.644 283.203456    5.70976    35.2490    35.2687    27.3512    1490.74    1490.53 0.0000e+00
       8051    311.000     8.7643     8.7647   3.730066   3.731981     2.1271      97.89     0.0067 5.1273e-02 -9.990e-29    335.427 283.203466    5.72239    35.2491    35.2689    27.3514    1490.75    1490.53 0.0000e+00
       8074    312.000     8.7621     8.7622   3.729897   3.731792     2.1280      98.78     0.0099 5.1273e-02 -9.990e-29    336.384 283.203477    5.71309    35.2490    35.2689    27.3517    1490.76    1490.53 0.0000e+00
       8106    313.000     8.7603     8.7603   3.729764   3.731650     2.1273      98.77     0.0099 5.1269e-02 1.9438e+00    337.714 283.203492    5.70552    35.2489    35.2688    27.3520    1490.77    1490.53 0.0000e+00
       8143    314.000     8.7581     8.7585   3.729583   3.731496     2.1272      98.77     0.0110 5.1273e-02 1.9438e+00    339.235 283.203510    5.71033    35.2487    35.2685    27.3521    1490.77    1490.53 0.0000e+00
       8170    315.000     8.7541     8.7544   3.729204   3.731101     2.1273      57.40     0.0126 5.1280e-02 1.9438e+00    340.368 283.203523    5.70952    35.2482    35.2679    27.3524    1490.77    1490.53 0.0000e+00
       8188    316.000     8.7497     8.7497   3.728788   3.730674     2.1268      74.34     0.0101 5.1264e-02 1.9438e+00    341.136 283.203532    5.70822    35.2478    35.2676    27.3527    1490.77    1490.53 0.0000e+00
       8206    317.000     8.7426     8.7425   3.728162   3.730027     2.1267      98.26     0.0094 5.1265e-02 1.9438e+00    341.859 283.203540    5.70361    35.2477    35.2675    27.3538    1490.76    1490.53 0.0000e+00
       8225    318.000     8.7407     8.7409   3.728041   3.729931     2.1254      98.78     0.0100 5.1266e-02 1.9438e+00    342.684 283.203550    5.69451    35.2479    35.2676    27.3542    1490.77    1490.54 0.0000e+00
       8248    319.000     8.7387     8.7390   3.727898   3.729792     2.1239      52.27     0.0119 5.1273e-02 1.9438e+00    343.613 283.203560    5.69679    35.2479    35.2675    27.3546    1490.78    1490.54 0.0000e+00
       8271    320.000     8.7268     8.7268   3.726723   3.728598     2.1237      99.19     0.0123 5.1280e-02 1.9438e+00    344.569 283.203571    5.70387    35.2468    35.2666    27.3556    1490.75    1490.54 0.0000e+00
       8291    321.000     8.7262     8.7263   3.726709   3.728587     2.1235      98.78     0.0136 5.1273e-02 1.9438e+00    345.406 283.203581    5.69743    35.2468    35.2665    27.3557    1490.77    1490.54 0.0000e+00
       8309    322.000     8.7256     8.7256   3.726683   3.728562     2.1221      79.27     0.0118 5.1265e-02 -9.990e-29    346.176 283.203590    5.68993    35.2467    35.2665    27.3557    1490.78    1490.54 0.0000e+00
       8328    323.000     8.7250     8.7252   3.726674   3.728564     2.1214      66.01     0.0109 5.1266e-02 -9.990e-29    346.972 283.203599    5.69864    35.2467    35.2664    27.3558    1490.80    1490.54 0.0000e+00
       8350    324.000     8.7250     8.7252   3.726719   3.728610     2.1214      98.02     0.0098 5.1267e-02 -9.990e-29    347.895 283.203610    5.69424    35.2467    35.2664    27.3558    1490.81    1490.54 0.0000e+00
       8378    325.000     8.7243     8.7246   3.726689   3.728596     2.1198      82.64     0.0109 5.1268e-02 -9.990e-29    349.022 283.203623    5.68608    35.2466    35.2664    27.3558    1490.83    1490.54 0.0000e+00
       8406    326.000     8.7196     8.7207   3.726251   3.728234     2.1195      79.06     0.0111 5.1273e-02 1.9438e+00    350.213 283.203637    5.70054    35.2462    35.2660    27.3562    1490.83    1490.54 0.0000e+00
       8432    327.000     8.7179     8.7182   3.726132   3.728027     2.1199      99.29     0.0105 5.1267e-02 1.9438e+00    351.298 283.203649    5.69734    35.2461    35.2658    27.3565    1490.84    1490.54 0.0000e+00
       8454    328.000     8.7172     8.7163   3.726087   3.727866     2.1194      74.10     0.0076 5.1266e-02 1.9438e+00    352.226 283.203660    5.68710    35.2459    35.2655    27.3564    1490.85    1490.54 0.0000e+00
       8473    329.000     8.7065     8.7075   3.724982   3.726981     2.1181      62.15     0.0080 5.1265e-02 1.9438e+00    352.981 283.203669    5.68807    35.2444    35.2645    27.3569    1490.82    1490.54 0.0000e+00
       8489    330.000     8.6943     8.6946   3.723771   3.725663     2.1179      98.36     0.0082 5.1273e-02 1.9438e+00    353.679 283.203677    5.69339    35.2432    35.2629    27.3580    1490.79    1490.54 0.0000e+00
       8507    331.000     8.6848     8.6865   3.722782   3.724815     2.1176      98.78     0.0067 5.1273e-02 1.9438e+00    354.403 283.203685    5.69361    35.2418    35.2615    27.3583    1490.77    1490.55 0.0000e+00
       8526    332.000     8.6749     8.6746   3.721715   3.723551     2.1171      74.77     0.0059 5.1280e-02 -9.990e-29    355.220 283.203695    5.69392    35.2399    35.2596    27.3584    1490.75    1490.55 0.0000e+00
       8549    333.000     8.6725     8.6723   3.721596   3.723440     2.1171      79.82     0.0098 5.1256e-02 -9.990e-29    356.186 283.203706    5.70339    35.2405    35.2602    27.3593    1490.76    1490.55 0.0000e+00
       8574    334.000     8.6605     8.6641   3.720365   3.722585     2.1174      98.65     0.0126 5.1273e-02 -9.990e-29    357.222 283.203718    5.70374    35.2390    35.2588    27.3600    1490.73    1490.55 0.0000e+00
       8598    335.000     8.6580     8.6582   3.720146   3.722021     2.1173      76.05     0.0143 5.1267e-02 1.9438e+00    358.211 283.203729    5.70443    35.2387    35.2583    27.3601    1490.74    1490.55 0.0000e+00
       8621    336.000     8.6579     8.6575   3.720170   3.722007     2.1179      77.73     0.0145 5.1273e-02 1.9438e+00    359.155 283.203740    5.70925    35.2386    35.2584    27.3600    1490.75    1490.55 0.0000e+00
       8643    337.000     8.6576     8.6575   3.720179   3.722038     2.1175      98.70     0.0120 5.1273e-02 1.9438e+00    360.080 283.203751    5.70160    35.2385    35.2582    27.3600    1490.77    1490.55 0.0000e+00
       8667    338.000     8.6522     8.6529   3.719628   3.721570     2.1167      82.12     0.0115 5.1273e-02 1.9438e+00    361.092 283.203763    5.69484    35.2375    35.2574    27.3601    1490.76    1490.55 0.0000e+00
       8692    339.000     8.6412     8.6417   3.718389   3.720370     2.1159      76.82     0.0089 5.1267e-02 1.9438e+00    362.141 283.203775    5.70511    35.2349    35.2554    27.3598    1490.74    1490.55 0.0000e+00
       8714    340.000     8.6236     8.6238   3.716590   3.718490     2.1163      99.56     0.0092 5.1266e-02 -9.990e-29    363.053 283.203785    5.71087    35.2329    35.2528    27.3610    1490.68    1490.55 0.0000e+00
       8733    341.000     8.6138     8.6142   3.715551   3.717434     2.1165      98.78     0.0108 5.1273e-02 -9.990e-29    363.836 283.203794    5.71413    35.2312    35.2507    27.3612    1490.66    1490.55 0.0000e+00
       8751    342.000     8.5919     8.5913   3.713299   3.715091     2.1167      98.78     0.0108 5.1273e-02 -9.990e-29    364.584 283.203803    5.71554    35.2287    35.2483    27.3627    1490.59    1490.55 0.0000e+00
       8769    343.000     8.5812     8.5814   3.712225   3.714098     2.1162      98.78     0.0102 5.1258e-02 -9.990e-29    365.330 283.203812    5.70804    35.2275    35.2471    27.3635    1490.57    1490.55 0.0000e+00
       8787    344.000     8.5776     8.5778   3.711934   3.713811     2.1153      98.78     0.0099 5.1273e-02 -9.990e-29    366.100 283.203821    5.70127    35.2276    35.2472    27.3641    1490.57    1490.55 0.0000e+00
       8807    345.000     8.5776     8.5780   3.711996   3.713914     2.1139      98.78     0.0080 5.1273e-02 1.9438e+00    366.928 283.203830    5.70058    35.2277    35.2476    27.3642    1490.59    1490.55 0.0000e+00
       8830    346.000     8.5764     8.5765   3.711934   3.713806     2.1134      98.78     0.0068 5.1268e-02 1.9438e+00    367.880 283.203841    5.70880    35.2278    35.2475    27.3644    1490.60    1490.55 0.0000e+00
       8858    347.000     8.5697     8.5698   3.711299   3.713182     2.1140      98.78     0.0094 5.1273e-02 1.9438e+00    369.051 283.203855    5.71684    35.2273    35.2471    27.3651    1490.59    1490.55 0.0000e+00
       8892    348.000     8.5687     8.5685   3.711252   3.713108     2.1137      98.78     0.0127 5.1273e-02 1.9438e+00    370.469 283.203871    5.70834    35.2273    35.2471    27.3652    1490.60    1490.55 0.0000e+00
       8925    349.000     8.5698     8.5701   3.711430   3.713338     2.1135      98.78     0.0126 5.1273e-02 -9.990e-29    371.820 283.203887    5.71714    35.2276    35.2475    27.3653    1490.63    1490.55 0.0000e+00
       8947    350.000     8.5699     8.5700   3.711483   3.713367     2.1140      98.76     0.0091 5.1273e-02 -9.990e-29    372.758 283.203898    5.71484    35.2276    35.2474    27.3653    1490.64    1490.55 0.0000e+00
       8964    351.000     8.5647     8.5656   3.710933   3.712908     2.1137      98.78     0.0086 5.1273e-02 -9.990e-29    373.479 283.203906    5.70569    35.2265    35.2465    27.3652    1490.64    1490.55 0.0000e+00
       8981    352.000     8.5550     8.5546   3.709950   3.711768     2.1124      98.77     0.0078 5.1273e-02 -9.990e-29    374.162 283.203914    5.69945    35.2252    35.2449    27.3658    1490.62    1490.55 0.0000e+00
       8998    353.000     8.5502     8.5509   3.709440   3.711385     2.1114      98.78     0.0108 5.1248e-02 -9.990e-29    374.865 283.203922    5.69936    35.2241    35.2440    27.3657    1490.61    1490.55 0.0000e+00
       9016    354.000     8.5260     8.5279   3.706872   3.708931     2.1105      98.78     0.0109 5.1273e-02 -9.990e-29    375.624 283.203931    5.69595    35.2206    35.2405    27.3667    1490.54    1490.55 0.0000e+00
       9036    355.000     8.5063     8.5060   3.704855   3.706697     2.1085      60.76     0.0132 5.1273e-02 -9.990e-29    376.456 283.203940    5.69465    35.2183    35.2381    27.3680    1490.48    1490.55 0.0000e+00
       9058    356.000     8.4833     8.4838   3.702502   3.704425     2.1082      91.85     0.0142 5.1267e-02 -9.990e-29    377.393 283.203951    5.70917    35.2158    35.2357    27.3696    1490.40    1490.55 0.0000e+00
       9084    357.000     8.4703     8.4709   3.701212   3.703132     2.1074      98.69     0.0128 5.1268e-02 -9.990e-29    378.465 283.203964    5.70257    35.2146    35.2344    27.3707    1490.37    1490.55 0.0000e+00
       9113    358.000     8.4572     8.4590   3.699874   3.701929     2.1066      98.78     0.0112 5.1278e-02 -9.990e-29    379.675 283.203978    5.70816    35.2130    35.2330    27.3714    1490.34    1490.55 0.0000e+00
       9143    359.000     8.4400     8.4401   3.698123   3.699988     2.1066      98.78     0.0116 5.1268e-02 -9.990e-29    380.914 283.203992    5.71702    35.2111    35.2308    27.3726    1490.29    1490.55 0.0000e+00
       9170    360.000     8.4319     8.4318   3.697320   3.699153     2.1069      89.53     0.0128 5.1267e-02 -9.990e-29    382.030 283.204005    5.71479    35.2101    35.2297    27.3731    1490.27    1490.55 0.0000e+00
       9190    361.000     8.4215     8.4209   3.696288   3.698079     2.1066      65.10     0.0146 5.1273e-02 -9.990e-29    382.888 283.204015    5.72416    35.2091    35.2287    27.3739    1490.25    1490.55 0.0000e+00
       9207    362.000     8.4133     8.4129   3.695507   3.697320     2.1078      98.56     0.0124 5.1264e-02 -9.990e-29    383.600 283.204023    5.72893    35.2085    35.2281    27.3747    1490.23    1490.55 0.0000e+00
       9224    363.000     8.4071     8.4066   3.694924   3.696724     2.1073      98.78     0.0114 5.1273e-02 -9.990e-29    384.311 283.204031    5.71810    35.2080    35.2276    27.3753    1490.23    1490.55 0.0000e+00
       9243    364.000     8.4014     8.4010   3.694362   3.696189     2.1068      98.78     0.0122 5.1265e-02 -9.990e-29    385.079 283.204040    5.72007    35.2072    35.2270    27.3756    1490.22    1490.55 0.0000e+00
       9264    365.000     8.3928     8.3930   3.693509   3.695386     2.1067      98.78     0.0110 5.1261e-02 -9.990e-29    385.952 283.204050    5.72319    35.2063    35.2260    27.3762    1490.20    1490.55 0.0000e+00
