testdata/CTD/sta0407.cnv
* Sea-Bird SBE 9 Data File:
* FileName = C:\Seabird\CTDData\sta0407.hex
* Software Version Seasave V 7.21f
* Temperature SN = 4557
* Conductivity SN = 1337
* Number of Bytes Per Scan = 40
* Number of Voltage Words = 5
* Number of Scans Averaged by the Deck Unit = 1
* NMEA Latitude = 60 49.57 N
* NMEA Longitude = 005 21.01 E
* NMEA UTC (Time) = Oct 14 2018 06:59:51
* NMEA baud rate = 4800
** Ship: 10 F/F "G. O. Sars"
** Station: 0407
** Echodepth: 286
** Log: 5340.14
** Wind-Dir Force: 18 18
** Air-temp (dry): 18.1
** Weather Sky: 2 8
** Sea Ice: 1 0
# nquan = 20                                
# nvalues = 277                         
# units = specified
# name 0 = scan: Scan Count
# name 1 = prDM: Pressure, Digiquartz [db]
# name 2 = t068C: Temperature [ITS-68, deg C]
# name 3 = t168C: Temperature, 2 [ITS-68, deg C]
# name 4 = c0S/m: Conductivity [S/m]
# name 5 = c1S/m: Conductivity, 2 [S/m]
# name 6 = sbeox0V: Oxygen raw, SBE 43 [V]
# name 7 = altM: Altimeter [m]
# name 8 = flC: Fluorescence, Chelsea Aqua 3 Chl Con [ug/l]
# name 9 = par: PAR/Irradiance, Biospherical/Licor
# name 10 = spar: SPAR/Surface Irradiance
# name 11 = timeS: Time, Elapsed [seconds]
# name 12 = timeJ: Julian Days
# name 13 = sbeox0ML/L: Oxygen, SBE 43 [ml/l], WS = 2
# name 14 = sal00: Salinity, Practical [PSU]
# name 15 = sal11: Salinity, Practical, 2 [PSU]
# name 16 = sigma-t00: Density [sigma-t, Kg/m^3 ]
# name 17 = svCM: Sound Velocity [Chen-Millero, m/s]
# name 18 = avgsvCM: Average Sound Velocity [Chen-Millero, m/s], minP = 1, minS = 5
# name 19 = flag: flag
# span 0 =        276,       6196       
# span 1 =      4.000,    280.000       
# span 2 =     8.0806,    15.0462       
# span 3 =     8.0803,    15.0523       
# span 4 =   3.032551,   3.924656       
# span 5 =   3.030495,   3.928181       
# span 6 =     1.6481,     2.2528       
# span 7 =      13.02,      98.79       
# span 8 =     0.0218,     0.2477       
# span 9 = 5.1246e-02, 6.7968e-01       
# span 10 = 5.3854e+00, 9.7257e+00      
# span 11 =     11.468,    258.140      
# span 12 = 287.291730, 287.294585      
# span 13 =    3.95363,    5.68105      
# span 14 =    24.8961,    34.9605      
# span 15 =    24.8827,    34.9826      
# span 16 =    18.5331,    27.2310      
# span 17 =    1485.00,    1503.09      
# span 18 =    1488.78,    1499.03      
# span 19 = 0.0000e+00, 0.0000e+00      
# interval = decibars: 1                
# start_time = Oct 14 2018 06:59:54 [System UTC, header]
# bad_flag = -9.990e-29
*END*
[from data line 73]
       1859     77.000     9.0081     9.0067   3.670959   3.672872     1.9395      98.79     0.0409 5.1260e-02 6.4349e+00     77.405 287.292493    4.74856    34.4996    34.5209    26.7253    1486.87    1496.28 0.0000e+00
       1880     78.000     8.9887     8.9882   3.670286   3.672258     1.9243      98.79     0.0386 5.1260e-02 7.7697e+00     78.309 287.292504    4.71043    34.5109    34.5320    26.7373    1486.83    1496.16 0.0000e+00
       1902     79.000     8.8964     8.8952   3.666321   3.668254     1.9103      98.78     0.0348 5.1259e-02 7.7751e+00     79.213 287.292514    4.68072    34.5586    34.5800    26.7893    1486.57    1496.04 0.0000e+00
       1924     80.000     8.8490     8.8482   3.664045   3.666003     1.8974      98.79     0.0384 5.1273e-02 7.7751e+00     80.113 287.292524    4.65053    34.5804    34.6017    26.8139    1486.43    1495.92 0.0000e+00
       1945     81.000     8.7977     8.7959   3.661679   3.663601     1.8859      98.79     0.0368 5.1266e-02 7.7751e+00     81.009 287.292535    4.63287    34.6051    34.6271    26.8414    1486.29    1495.80 0.0000e+00
       1967     82.000     8.7322     8.7318   3.658487   3.660515     1.8766      98.78     0.0370 5.1273e-02 7.7751e+00     81.899 287.292545    4.62415    34.6350    34.6568    26.8752    1486.10    1495.68 0.0000e+00
       1988     83.000     8.7162     8.7153   3.657682   3.659687     1.8687      98.78     0.0373 5.1266e-02 7.7751e+00     82.794 287.292555    4.60026    34.6417    34.6637    26.8829    1486.07    1495.56 0.0000e+00
       2010     84.000     8.6550     8.6542   3.654839   3.656824     1.8599      98.78     0.0349 5.1260e-02 7.7751e+00     83.692 287.292566    4.56751    34.6712    34.6929    26.9156    1485.89    1495.45 0.0000e+00
       2031     85.000     8.6045     8.6036   3.652618   3.654662     1.8502      98.78     0.0344 5.1273e-02 7.7751e+00     84.581 287.292576    4.53270    34.6968    34.7193    26.9436    1485.75    1495.33 0.0000e+00
       2052     86.000     8.5876     8.5868   3.651989   3.654037     1.8399      98.78     0.0331 5.1273e-02 7.7751e+00     85.473 287.292586    4.48613    34.7063    34.7287    26.9537    1485.72    1495.22 0.0000e+00
       2073     87.000     8.5756     8.5743   3.651580   3.653622     1.8277      98.78     0.0367 5.1273e-02 7.7086e+00     86.351 287.292597    4.42054    34.7132    34.7361    26.9610    1485.70    1495.11 0.0000e+00
       2095     88.000     8.5621     8.5613   3.651072   3.653133     1.8125      98.78     0.0363 5.1273e-02 7.4327e+00     87.229 287.292607    4.35955    34.7207    34.7433    26.9689    1485.67    1495.00 0.0000e+00
       2116     89.000     8.5366     8.5357   3.649998   3.652070     1.7980      98.78     0.0326 5.1273e-02 7.7691e+00     88.109 287.292617    4.32316    34.7339    34.7567    26.9833    1485.61    1494.90 0.0000e+00
       2137     90.000     8.5039     8.5028   3.648694   3.650756     1.7852      98.78     0.0331 5.1266e-02 7.7751e+00     88.984 287.292627    4.29675    34.7518    34.7747    27.0024    1485.53    1494.79 0.0000e+00
       2158     91.000     8.4822     8.4815   3.647863   3.649972     1.7740      98.67     0.0312 5.1266e-02 7.7751e+00     89.867 287.292637    4.28208    34.7639    34.7869    27.0152    1485.48    1494.69 0.0000e+00
       2179     92.000     8.4668     8.4659   3.647335   3.649421     1.7656      98.51     0.0316 5.1273e-02 7.7751e+00     90.749 287.292648    4.27629    34.7730    34.7960    27.0248    1485.45    1494.59 0.0000e+00
       2200     93.000     8.4468     8.4459   3.646681   3.648795     1.7591      97.78     0.0339 5.1266e-02 7.7751e+00     91.621 287.292658    4.25796    34.7853    34.8086    27.0375    1485.41    1494.49 0.0000e+00
       2221     94.000     8.4247     8.4239   3.645740   3.647839     1.7515      98.78     0.0337 5.1266e-02 7.7751e+00     92.498 287.292668    4.23183    34.7966    34.8197    27.0498    1485.35    1494.39 0.0000e+00
       2242     95.000     8.3991     8.3980   3.644604   3.646699     1.7443      98.78     0.0320 5.1273e-02 7.7751e+00     93.381 287.292678    4.20614    34.8094    34.8327    27.0638    1485.29    1494.29 0.0000e+00
       2263     96.000     8.3841     8.3836   3.644119   3.646252     1.7361      98.78     0.0331 5.1259e-02 7.7751e+00     94.261 287.292688    4.17588    34.8186    34.8418    27.0733    1485.26    1494.20 0.0000e+00
       2285     97.000     8.3767     8.3761   3.643946   3.646085     1.7283      98.78     0.0355 5.1273e-02 7.7751e+00     95.146 287.292699    4.16046    34.8236    34.8469    27.0784    1485.26    1494.11 0.0000e+00
       2306     98.000     8.3643     8.3633   3.643506   3.645618     1.7222      98.79     0.0357 5.1273e-02 7.7751e+00     96.027 287.292709    4.15261    34.8307    34.8541    27.0858    1485.24    1494.02 0.0000e+00
       2327     99.000     8.3567     8.3559   3.643344   3.645478     1.7169      98.78     0.0338 5.1266e-02 7.7751e+00     96.906 287.292719    4.13486    34.8360    34.8595    27.0912    1485.23    1493.93 0.0000e+00
       2348    100.000     8.3571     8.3564   3.643451   3.645601     1.7109      98.79     0.0304 5.1273e-02 7.2452e+00     97.787 287.292729    4.10952    34.8362    34.8598    27.0913    1485.25    1493.84 0.0000e+00
       2369    101.000     8.3522     8.3513   3.643336   3.645467     1.7046      98.79     0.0291 5.1273e-02 7.7639e+00     98.658 287.292739    4.08777    34.8394    34.8630    27.0945    1485.25    1493.75 0.0000e+00
       2390    102.000     8.3349     8.3343   3.642613   3.644757     1.6983      98.79     0.0315 5.1273e-02 7.7751e+00     99.543 287.292749    4.07045    34.8483    34.8718    27.1042    1485.21    1493.67 0.0000e+00
       2411    103.000     8.3206     8.3198   3.642034   3.644172     1.6928      98.79     0.0304 5.1273e-02 7.7751e+00    100.425 287.292760    4.05948    34.8559    34.8794    27.1123    1485.19    1493.59 0.0000e+00
       2432    104.000     8.3091     8.3085   3.641830   3.643975     1.6878      98.79     0.0325 5.1266e-02 7.7751e+00    101.302 287.292770    4.04764    34.8646    34.8881    27.1209    1485.17    1493.50 0.0000e+00
       2454    105.000     8.2940     8.2931   3.641347   3.643464     1.6832      98.79     0.0310 5.1273e-02 7.7751e+00    102.188 287.292780    4.03663    34.8739    34.8974    27.1306    1485.14    1493.42 0.0000e+00
       2475    106.000     8.2730     8.2722   3.640469   3.642590     1.6789      98.78     0.0300 5.1253e-02 7.7751e+00    103.069 287.292790    4.02595    34.8849    34.9083    27.1424    1485.09    1493.35 0.0000e+00
       2496    107.000     8.2612     8.2605   3.640167   3.642306     1.6746      98.79     0.0294 5.1266e-02 7.7751e+00    103.946 287.292800    4.01049    34.8929    34.9165    27.1505    1485.08    1493.27 0.0000e+00
       2517    108.000     8.2516     8.2509   3.639897   3.642040     1.6702      98.78     0.0283 5.1273e-02 7.7751e+00    104.822 287.292810    3.99563    34.8991    34.9227    27.1568    1485.06    1493.19 0.0000e+00
       2538    109.000     8.2396     8.2388   3.639408   3.641541     1.6659      98.79     0.0283 5.1266e-02 7.7751e+00    105.700 287.292821    3.98617    34.9053    34.9289    27.1635    1485.04    1493.12 0.0000e+00
       2559    110.000     8.2301     8.2295   3.639079   3.641214     1.6620      98.78     0.0303 5.1266e-02 7.7751e+00    106.589 287.292831    3.97064    34.9108    34.9342    27.1693    1485.03    1493.04 0.0000e+00
       2580    111.000     8.2145     8.2139   3.638291   3.640449     1.6571      98.78     0.0302 5.1273e-02 7.7751e+00    107.477 287.292841    3.95363    34.9174    34.9410    27.1768    1485.00    1492.97 0.0000e+00
       2602    112.000     8.2103     8.2098   3.638240   3.640371     1.6531      98.79     0.0260 5.1273e-02 7.0271e+00    108.357 287.292851    3.95458    34.9205    34.9438    27.1799    1485.00    1492.90 0.0000e+00
       2623    113.000     8.2097     8.2091   3.638282   3.640411     1.6510      98.79     0.0253 5.1273e-02 -9.990e-29    109.238 287.292862    3.96233    34.9211    34.9444    27.1805    1485.02    1492.83 0.0000e+00
       2644    114.000     8.2083     8.2074   3.638218   3.640327     1.6501      98.79     0.0281 5.1273e-02 -9.990e-29    110.116 287.292872    3.96623    34.9213    34.9447    27.1809    1485.03    1492.76 0.0000e+00
       2665    115.000     8.2018     8.2014   3.637712   3.639852     1.6494      98.79     0.0261 5.1266e-02 -9.990e-29    110.990 287.292882    3.96397    34.9219    34.9451    27.1823    1485.02    1492.69 0.0000e+00
       2686    116.000     8.1995     8.1989   3.637556   3.639699     1.6483      98.79     0.0270 5.1273e-02 -9.990e-29    111.869 287.292892    3.96349    34.9220    34.9455    27.1828    1485.03    1492.63 0.0000e+00
       2707    117.000     8.1884     8.1875   3.637040   3.639155     1.6481      98.79     0.0307 5.1280e-02 7.7015e+00    112.748 287.292902    3.97132    34.9270    34.9506    27.1884    1485.01    1492.56 0.0000e+00
       2728    118.000     8.1799     8.1794   3.636804   3.638948     1.6486      98.78     0.0296 5.1266e-02 7.7756e+00    113.631 287.292912    3.98353    34.9325    34.9559    27.1940    1485.00    1492.50 0.0000e+00
       2749    119.000     8.1803     8.1798   3.636953   3.639098     1.6501      98.79     0.0299 5.1266e-02 7.7751e+00    114.513 287.292923    3.99748    34.9332    34.9566    27.1945    1485.02    1492.43 0.0000e+00
       2770    120.000     8.1803     8.1799   3.637091   3.639234     1.6525      98.79     0.0303 5.1273e-02 7.7751e+00    115.389 287.292933    4.00401    34.9342    34.9575    27.1952    1485.04    1492.37 0.0000e+00
       2792    121.000     8.1779     8.1773   3.637064   3.639198     1.6535      98.79     0.0332 5.1273e-02 5.3854e+00    116.272 287.292943    4.00230    34.9358    34.9592    27.1969    1485.05    1492.31 0.0000e+00
       2813    122.000     8.1751     8.1745   3.636931   3.639064     1.6545      98.79     0.0336 5.1273e-02 7.2838e+00    117.151 287.292953    4.00654    34.9367    34.9601    27.1980    1485.05    1492.25 0.0000e+00
       2834    123.000     8.1719     8.1713   3.636772   3.638903     1.6558      98.78     0.0321 5.1273e-02 7.7673e+00    118.027 287.292963    4.01264    34.9377    34.9611    27.1993    1485.06    1492.19 0.0000e+00
       2855    124.000     8.1691     8.1685   3.636632   3.638748     1.6566      98.78     0.0313 5.1273e-02 7.7751e+00    118.906 287.292973    4.01164    34.9385    34.9617    27.2003    1485.07    1492.13 0.0000e+00
       2876    125.000     8.1671     8.1665   3.636501   3.638630     1.6572      98.78     0.0309 5.1273e-02 7.7751e+00    119.786 287.292984    4.01934    34.9386    34.9620    27.2007    1485.07    1492.08 0.0000e+00
       2897    126.000     8.1661     8.1657   3.636473   3.638609     1.6588      98.78     0.0332 5.1266e-02 7.7751e+00    120.666 287.292994    4.02499    34.9388    34.9621    27.2010    1485.09    1492.02 0.0000e+00
       2918    127.000     8.1600     8.1594   3.636060   3.638182     1.6594      98.78     0.0353 5.1273e-02 7.7751e+00    121.550 287.293004    4.02322    34.9400    34.9633    27.2029    1485.08    1491.97 0.0000e+00
       2939    128.000     8.1547     8.1541   3.635722   3.637853     1.6601      98.72     0.0331 5.1259e-02 7.7751e+00    122.431 287.293014    4.02810    34.9412    34.9646    27.2046    1485.08    1491.91 0.0000e+00
       2961    129.000     8.1533     8.1528   3.635682   3.637802     1.6609      98.68     0.0289 5.1260e-02 7.7751e+00    123.320 287.293025    4.04141    34.9416    34.9648    27.2052    1485.09    1491.86 0.0000e+00
       2982    130.000     8.1517     8.1513   3.635619   3.637733     1.6636      98.48     0.0264 5.1252e-02 7.7751e+00    124.203 287.293035    4.06195    34.9421    34.9651    27.2058    1485.10    1491.81 0.0000e+00
       3003    131.000     8.1480     8.1473   3.635380   3.637494     1.6664      98.39     0.0260 5.1266e-02 7.7751e+00    125.078 287.293045    4.07061    34.9427    34.9660    27.2068    1485.11    1491.76 0.0000e+00
       3024    132.000     8.1449     8.1442   3.635236   3.637352     1.6689      98.78     0.0259 5.1273e-02 7.7751e+00    125.956 287.293055    4.07834    34.9438    34.9671    27.2081    1485.11    1491.71 0.0000e+00
       3045    133.000     8.1426     8.1421   3.635163   3.637280     1.6711      98.79     0.0274 5.1273e-02 7.3419e+00    126.838 287.293065    4.08341    34.9448    34.9680    27.2093    1485.12    1491.66 0.0000e+00
       3066    134.000     8.1412     8.1407   3.635128   3.637241     1.6731      98.79     0.0295 5.1273e-02 7.7776e+00    127.716 287.293075    4.08861    34.9453    34.9685    27.2099    1485.13    1491.61 0.0000e+00
       3087    135.000     8.1401     8.1396   3.635092   3.637211     1.6748      98.78     0.0284 5.1266e-02 7.7751e+00    128.602 287.293086    4.09853    34.9456    34.9687    27.2103    1485.15    1491.56 0.0000e+00
       3109    136.000     8.1383     8.1378   3.635002   3.637115     1.6771      98.78     0.0262 5.1266e-02 7.7751e+00    129.485 287.293096    4.10619    34.9459    34.9690    27.2108    1485.16    1491.51 0.0000e+00
       3130    137.000     8.1340     8.1334   3.634725   3.636830     1.6790      98.79     0.0253 5.1266e-02 7.7751e+00    130.369 287.293106    4.10933    34.9467    34.9699    27.2121    1485.16    1491.46 0.0000e+00
       3151    138.000     8.1320     8.1315   3.634606   3.636721     1.6803      98.78     0.0274 5.1273e-02 7.7751e+00    131.254 287.293116    4.11055    34.9470    34.9701    27.2126    1485.17    1491.42 0.0000e+00
       3172    139.000     8.1314     8.1311   3.634598   3.636730     1.6811      98.79     0.0303 5.1266e-02 7.7751e+00    132.130 287.293126    4.10916    34.9470    34.9701    27.2127    1485.18    1491.37 0.0000e+00
       3193    140.000     8.1294     8.1287   3.634501   3.636591     1.6817      98.79     0.0287 5.1273e-02 7.7751e+00    133.019 287.293137    4.11619    34.9475    34.9705    27.2134    1485.19    1491.33 0.0000e+00
       3215    141.000     8.1261     8.1257   3.634299   3.636407     1.6832      98.78     0.0243 5.1273e-02 7.7751e+00    133.899 287.293147    4.12163    34.9481    34.9711    27.2144    1485.20    1491.29 0.0000e+00
       3236    142.000     8.1240     8.1230   3.634186   3.636264     1.6836      98.78     0.0258 5.1273e-02 7.7751e+00    134.780 287.293157    4.11625    34.9485    34.9718    27.2150    1485.20    1491.24 0.0000e+00
       3257    143.000     8.1222     8.1217   3.634118   3.636212     1.6838      98.78     0.0265 5.1280e-02 7.7751e+00    135.663 287.293167    4.11970    34.9491    34.9720    27.2158    1485.22    1491.20 0.0000e+00
       3278    144.000     8.1218     8.1212   3.634124   3.636240     1.6845      98.78     0.0274 5.1266e-02 7.7751e+00    136.538 287.293178    4.12420    34.9491    34.9723    27.2158    1485.23    1491.16 0.0000e+00
       3299    145.000     8.1217     8.1212   3.634181   3.636280     1.6848      98.78     0.0288 5.1273e-02 7.5475e+00    137.414 287.293188    4.12442    34.9493    34.9723    27.2160    1485.25    1491.12 0.0000e+00
       3320    146.000     8.1201     8.1195   3.634074   3.636175     1.6856      98.78     0.0258 5.1273e-02 7.7776e+00    138.302 287.293198    4.13535    34.9493    34.9724    27.2162    1485.26    1491.08 0.0000e+00
       3341    147.000     8.1178     8.1174   3.633952   3.636061     1.6870      98.78     0.0252 5.1260e-02 7.7751e+00    139.183 287.293208    4.14046    34.9498    34.9727    27.2169    1485.27    1491.04 0.0000e+00
