testdata/CTD/sta0426.cnv
* Sea-Bird SBE 9 Data File:
* FileName = C:\Seabird\CTDData\sta0426.hex
* Software Version Seasave V 7.21f
* Temperature SN = 4557
* Conductivity SN = 1337
* Number of Bytes Per Scan = 40
* Number of Voltage Words = 5
* Number of Scans Averaged by the Deck Unit = 1
* NMEA Latitude = 61 28.06 N
* NMEA Longitude = 005 38.01 E
* NMEA UTC (Time) = Oct 20 2018 00:49:00
* NMEA baud rate = 4800
** Ship: 10 F/F "G. O. Sars"
** Station: 0426
** Echodepth: 325
** Log: 5696.845
** Wind-Dir Force: 04 09
** Air-temp (dry): 7.3
** Weather Sky: 0 0
** Sea Ice: 0 0
# nquan = 20                                
# nvalues = 314                         
# units = specified
# name 0 = scan: Scan Count
# name 1 = prDM: Pressure, Digiquartz [db]
# name 2 = t068C: Temperature [ITS-68, deg C]
# name 3 = t168C: Temperature, 2 [ITS-68, deg C]
# name 4 = c0S/m: Conductivity [S/m]
# name 5 = c1S/m: Conductivity, 2 [S/m]
# name 6 = sbeox0V: Oxygen raw, SBE 43 [V]
# name 7 = altM: Altimeter [m]
# name 8 = flC: Fluorescence, Chelsea Aqua 3 Chl Con [ug/l]
# name 9 = par: PAR/Irradiance, Biospherical/Licor
# name 10 = spar: SPAR/Surface Irradiance
# name 11 = timeS: Time, Elapsed [seconds]
# name 12 = timeJ: Julian Days
# name 13 = sbeox0ML/L: Oxygen, SBE 43 [ml/l], WS = 2
# name 14 = sal00: Salinity, Practical [PSU]
# name 15 = sal11: Salinity, Practical, 2 [PSU]
# name 16 = sigma-t00: Density [sigma-t, Kg/m^3 ]
# name 17 = svCM: Sound Velocity [Chen-Millero, m/s]
# name 18 = avgsvCM: Average Sound Velocity [Chen-Millero, m/s], minP = 1, minS = 5
# name 19 = flag: flag
# span 0 =        390,       7110       
# span 1 =      3.000,    316.000       
# span 2 =     8.0627,    14.8593       
# span 3 =     8.0624,    14.8596       
# span 4 =   3.160137,   3.896680       
# span 5 =   3.177906,   3.898720       
# span 6 =     1.4920,     2.1959       
# span 7 =      16.38,      99.75       
# span 8 =     0.0223,     0.1179       
# span 9 = 5.1238e-02, 4.7944e-01       
# span 10 = 1.9438e+00, 1.9438e+00      
# span 11 =     16.221,    296.197      
# span 12 = 293.034250, 293.037491      
# span 13 =    3.38356,    5.49053      
# span 14 =    26.1710,    34.7795      
# span 15 =    26.3278,    34.8002      
# span 16 =    19.5477,    27.0912      
# span 17 =    1484.26,    1502.23      
# span 18 =    1488.22,    1498.51      
# span 19 = 0.0000e+00, 0.0000e+00      
# interval = decibars: 1                
# start_time = Oct 20 2018 00:49:03 [System UTC, header]
# bad_flag = -9.990e-29
*END*
[from data line 73]
       1978     76.000     8.6215     8.6197   3.629997   3.631672     1.7223      98.82     0.0379 5.1273e-02 1.9438e+00     82.377 293.035016    3.91677    34.4453    34.4648    26.7438    1485.36    1496.02 0.0000e+00
       2000     77.000     8.5501     8.5478   3.627276   3.628896     1.6921      98.76     0.0383 5.1266e-02 1.9438e+00     83.272 293.035026    3.80334    34.4858    34.5052    26.7866    1485.16    1495.88 0.0000e+00
       2021     78.000     8.4472     8.4451   3.621328   3.622973     1.6612      98.76     0.0380 5.1266e-02 1.9438e+00     84.173 293.035037    3.71272    34.5229    34.5425    26.8316    1484.84    1495.74 0.0000e+00
       2043     79.000     8.3997     8.3982   3.619244   3.620991     1.6331      98.76     0.0384 5.1273e-02 1.9438e+00     85.071 293.035047    3.65103    34.5469    34.5669    26.8577    1484.71    1495.60 0.0000e+00
       2064     80.000     8.3518     8.3503   3.617627   3.619416     1.6091      98.75     0.0372 5.1280e-02 1.9438e+00     85.969 293.035057    3.59118    34.5763    34.5968    26.8881    1484.58    1495.46 0.0000e+00
       2086     81.000     8.3212     8.3198   3.616677   3.618489     1.5857      98.76     0.0391 5.1273e-02 1.9438e+00     86.863 293.035068    3.51506    34.5958    34.6164    26.9081    1484.51    1495.32 0.0000e+00
       2107     82.000     8.2780     8.2766   3.615104   3.616948     1.5630      98.74     0.0377 5.1259e-02 1.9438e+00     87.753 293.035078    3.45816    34.6210    34.6421    26.9345    1484.39    1495.19 0.0000e+00
       2129     83.000     8.2564     8.2554   3.614464   3.616350     1.5436      95.72     0.0354 5.1273e-02 -9.990e-29     88.651 293.035089    3.42656    34.6350    34.6561    26.9488    1484.34    1495.05 0.0000e+00
       2150     84.000     8.2379     8.2369   3.613888   3.615803     1.5283      95.07     0.0352 5.1273e-02 -9.990e-29     89.545 293.035099    3.41108    34.6466    34.6681    26.9607    1484.31    1494.93 0.0000e+00
       2172     85.000     8.2311     8.2303   3.613964   3.615902     1.5166      98.76     0.0340 5.1273e-02 -9.990e-29     90.439 293.035109    3.39690    34.6537    34.6752    26.9673    1484.30    1494.80 0.0000e+00
       2193     86.000     8.2232     8.2224   3.613828   3.615786     1.5070      98.75     0.0305 5.1273e-02 1.9438e+00     91.337 293.035120    3.38756    34.6595    34.6812    26.9731    1484.30    1494.68 0.0000e+00
       2215     87.000     8.2105     8.2097   3.613463   3.615428     1.5002      98.76     0.0346 5.1273e-02 1.9438e+00     92.232 293.035130    3.38356    34.6677    34.6895    26.9814    1484.28    1494.56 0.0000e+00
       2236     88.000     8.2028     8.2021   3.613462   3.615437     1.4947      70.11     0.0346 5.1273e-02 1.9438e+00     93.126 293.035140    3.39097    34.6748    34.6966    26.9882    1484.27    1494.44 0.0000e+00
       2258     89.000     8.1945     8.1938   3.613352   3.615345     1.4936      96.23     0.0323 5.1273e-02 1.9438e+00     94.026 293.035151    3.40713    34.6814    34.7033    26.9946    1484.27    1494.32 0.0000e+00
       2279     90.000     8.1873     8.1864   3.613202   3.615217     1.4920      98.77     0.0309 5.1266e-02 1.9438e+00     94.919 293.035161    3.40914    34.6864    34.7088    26.9996    1484.26    1494.21 0.0000e+00
       2300     91.000     8.1810     8.1803   3.613128   3.615145     1.4926      98.75     0.0330 5.1273e-02 1.9438e+00     95.805 293.035171    3.43517    34.6913    34.7136    27.0045    1484.26    1494.10 0.0000e+00
       2321     92.000     8.1781     8.1774   3.613106   3.615121     1.4956      98.76     0.0333 5.1273e-02 -9.990e-29     96.687 293.035182    3.46285    34.6935    34.7157    27.0066    1484.27    1493.99 0.0000e+00
       2343     93.000     8.1740     8.1734   3.613102   3.615121     1.4997      98.76     0.0322 5.1273e-02 -9.990e-29     97.565 293.035192    3.48734    34.6970    34.7192    27.0100    1484.28    1493.89 0.0000e+00
       2364     94.000     8.1711     8.1705   3.613092   3.615119     1.5048      98.76     0.0322 5.1273e-02 -9.990e-29     98.449 293.035202    3.51141    34.6993    34.7216    27.0122    1484.28    1493.79 0.0000e+00
       2385     95.000     8.1675     8.1670   3.613013   3.615036     1.5100      98.76     0.0338 5.1273e-02 -9.990e-29     99.328 293.035212    3.53261    34.7015    34.7237    27.0145    1484.29    1493.69 0.0000e+00
       2406     96.000     8.1630     8.1623   3.612935   3.614979     1.5155      98.75     0.0326 5.1280e-02 1.9438e+00    100.205 293.035222    3.55377    34.7047    34.7272    27.0177    1484.29    1493.59 0.0000e+00
       2427     97.000     8.1605     8.1598   3.612942   3.614979     1.5210      98.75     0.0320 5.1273e-02 1.9438e+00    101.090 293.035233    3.56893    34.7067    34.7292    27.0197    1484.30    1493.49 0.0000e+00
       2448     98.000     8.1567     8.1560   3.612912   3.614960     1.5252      98.16     0.0330 5.1273e-02 1.9438e+00    101.968 293.035243    3.57121    34.7097    34.7323    27.0226    1484.31    1493.40 0.0000e+00
       2469     99.000     8.1547     8.1541   3.612916   3.614973     1.5284      98.08     0.0331 5.1273e-02 1.9438e+00    102.849 293.035253    3.58318    34.7112    34.7338    27.0241    1484.32    1493.30 0.0000e+00
       2491    100.000     8.1493     8.1486   3.612838   3.614900     1.5326      98.75     0.0341 5.1273e-02 1.9438e+00    103.734 293.035263    3.60949    34.7153    34.7380    27.0280    1484.32    1493.21 0.0000e+00
       2512    101.000     8.1458     8.1452   3.612805   3.614864     1.5379      98.62     0.0315 5.1273e-02 -9.990e-29    104.609 293.035273    3.63718    34.7179    34.7405    27.0306    1484.33    1493.13 0.0000e+00
       2533    102.000     8.1448     8.1442   3.612831   3.614879     1.5436      98.67     0.0338 5.1273e-02 -9.990e-29    105.494 293.035283    3.66195    34.7187    34.7412    27.0314    1484.34    1493.04 0.0000e+00
       2554    103.000     8.1429     8.1422   3.612825   3.614866     1.5502      98.68     0.0354 5.1252e-02 -9.990e-29    106.373 293.035294    3.70097    34.7200    34.7425    27.0327    1484.35    1492.95 0.0000e+00
       2575    104.000     8.1411     8.1405   3.612823   3.614874     1.5588      98.68     0.0341 5.1273e-02 -9.990e-29    107.254 293.035304    3.73933    34.7213    34.7438    27.0340    1484.36    1492.87 0.0000e+00
       2596    105.000     8.1387     8.1381   3.612820   3.614865     1.5668      98.71     0.0353 5.1273e-02 1.9438e+00    108.136 293.035314    3.76651    34.7231    34.7456    27.0358    1484.37    1492.79 0.0000e+00
       2617    106.000     8.1361     8.1355   3.612792   3.614831     1.5752      98.75     0.0337 5.1273e-02 1.9438e+00    109.017 293.035324    3.79028    34.7249    34.7473    27.0376    1484.38    1492.71 0.0000e+00
       2639    107.000     8.1349     8.1342   3.612810   3.614851     1.5819      98.75     0.0305 5.1266e-02 1.9438e+00    109.901 293.035335    3.80739    34.7258    34.7484    27.0385    1484.39    1492.63 0.0000e+00
       2660    108.000     8.1347     8.1341   3.612850   3.614887     1.5889      98.75     0.0337 5.1273e-02 1.9438e+00    110.783 293.035345    3.83637    34.7260    34.7484    27.0387    1484.41    1492.56 0.0000e+00
       2681    109.000     8.1345     8.1339   3.612878   3.614926     1.5964      98.76     0.0356 5.1273e-02 1.9438e+00    111.658 293.035355    3.86974    34.7260    34.7485    27.0387    1484.43    1492.48 0.0000e+00
       2702    110.000     8.1329     8.1323   3.612892   3.614926     1.6044      98.75     0.0352 5.1273e-02 1.9438e+00    112.539 293.035365    3.89260    34.7272    34.7496    27.0399    1484.44    1492.41 0.0000e+00
       2723    111.000     8.1303     8.1297   3.612888   3.614916     1.6108      98.76     0.0337 5.1273e-02 1.9438e+00    113.421 293.035375    3.89574    34.7293    34.7516    27.0419    1484.45    1492.33 0.0000e+00
       2744    112.000     8.1279     8.1273   3.612859   3.614908     1.6147      54.25     0.0319 5.1266e-02 1.9438e+00    114.298 293.035385    3.90764    34.7309    34.7534    27.0435    1484.46    1492.26 0.0000e+00
       2765    113.000     8.1254     8.1250   3.612852   3.614877     1.6206      99.45     0.0316 5.1273e-02 1.9438e+00    115.179 293.035396    3.93563    34.7328    34.7548    27.0454    1484.47    1492.19 0.0000e+00
       2786    114.000     8.1241     8.1235   3.612857   3.614893     1.6258      98.76     0.0306 5.1273e-02 1.9438e+00    116.061 293.035406    3.95378    34.7336    34.7560    27.0463    1484.48    1492.13 0.0000e+00
       2808    115.000     8.1221     8.1215   3.612864   3.614879     1.6314      67.58     0.0288 5.1273e-02 1.9438e+00    116.945 293.035416    3.98194    34.7352    34.7574    27.0478    1484.49    1492.06 0.0000e+00
       2829    116.000     8.1217     8.1210   3.612881   3.614920     1.6387      82.41     0.0283 5.1273e-02 -9.990e-29    117.823 293.035426    4.02141    34.7353    34.7578    27.0480    1484.50    1491.99 0.0000e+00
       2850    117.000     8.1212     8.1205   3.612928   3.614949     1.6462      98.64     0.0297 5.1273e-02 -9.990e-29    118.702 293.035436    4.04300    34.7358    34.7581    27.0484    1484.52    1491.93 0.0000e+00
       2871    118.000     8.1191     8.1185   3.612923   3.614937     1.6531      92.49     0.0345 5.1259e-02 -9.990e-29    119.586 293.035447    4.06314    34.7374    34.7595    27.0500    1484.53    1491.87 0.0000e+00
       2892    119.000     8.1180     8.1174   3.612942   3.614954     1.6595      51.55     0.0312 5.1273e-02 1.9438e+00    120.472 293.035457    4.09165    34.7382    34.7603    27.0508    1484.54    1491.81 0.0000e+00
       2913    120.000     8.1153     8.1147   3.612912   3.614926     1.6670      99.65     0.0290 5.1266e-02 1.9438e+00    121.350 293.035467    4.11711    34.7400    34.7622    27.0526    1484.55    1491.74 0.0000e+00
       2935    121.000     8.1138     8.1132   3.612909   3.614926     1.6735      98.77     0.0323 5.1266e-02 1.9438e+00    122.234 293.035477    4.12901    34.7410    34.7632    27.0536    1484.56    1491.68 0.0000e+00
       2956    122.000     8.1127     8.1123   3.612934   3.614951     1.6782      53.99     0.0310 5.1259e-02 1.9438e+00    123.117 293.035487    4.14562    34.7419    34.7639    27.0545    1484.58    1491.63 0.0000e+00
       2977    123.000     8.1126     8.1121   3.612978   3.614990     1.6853      93.97     0.0311 5.1280e-02 1.9438e+00    123.999 293.035498    4.18161    34.7420    34.7640    27.0546    1484.59    1491.57 0.0000e+00
       2998    124.000     8.1118     8.1112   3.613011   3.615021     1.6912      98.81     0.0314 5.1259e-02 1.9438e+00    124.884 293.035508    4.18509    34.7426    34.7647    27.0552    1484.61    1491.51 0.0000e+00
       3019    125.000     8.1116     8.1111   3.613051   3.615073     1.6950      77.49     0.0336 5.1273e-02 -9.990e-29    125.760 293.035518    4.19201    34.7428    34.7649    27.0554    1484.62    1491.46 0.0000e+00
       3040    126.000     8.1116     8.1111   3.613103   3.615109     1.6999      64.24     0.0336 5.1273e-02 -9.990e-29    126.642 293.035528    4.22552    34.7429    34.7648    27.0554    1484.64    1491.40 0.0000e+00
       3062    127.000     8.1112     8.1107   3.613146   3.615155     1.7061      98.27     0.0314 5.1273e-02 -9.990e-29    127.529 293.035539    4.24186    34.7432    34.7652    27.0558    1484.66    1491.35 0.0000e+00
       3083    128.000     8.1104     8.1099   3.613166   3.615170     1.7103      98.76     0.0339 5.1273e-02 -9.990e-29    128.404 293.035549    4.23904    34.7438    34.7657    27.0563    1484.67    1491.30 0.0000e+00
       3104    129.000     8.1094     8.1089   3.613187   3.615192     1.7125      45.47     0.0323 5.1273e-02 1.9438e+00    129.287 293.035559    4.25052    34.7445    34.7664    27.0570    1484.68    1491.25 0.0000e+00
       3125    130.000     8.1079     8.1074   3.613195   3.615192     1.7175      99.19     0.0321 5.1273e-02 1.9438e+00    130.172 293.035569    4.27491    34.7456    34.7674    27.0581    1484.70    1491.20 0.0000e+00
       3146    131.000     8.1061     8.1056   3.613202   3.615190     1.7207      98.75     0.0305 5.1273e-02 1.9438e+00    131.051 293.035579    4.27239    34.7469    34.7687    27.0595    1484.71    1491.15 0.0000e+00
       3167    132.000     8.1050     8.1045   3.613215   3.615213     1.7225      62.93     0.0270 5.1280e-02 1.9438e+00    131.936 293.035589    4.26761    34.7477    34.7696    27.0602    1484.72    1491.10 0.0000e+00
       3189    133.000     8.1040     8.1035   3.613226   3.615221     1.7241      79.37     0.0255 5.1273e-02 1.9438e+00    132.815 293.035600    4.28529    34.7483    34.7702    27.0608    1484.73    1491.05 0.0000e+00
       3210    134.000     8.1040     8.1035   3.613280   3.615266     1.7273      98.53     0.0249 5.1273e-02 1.9438e+00    133.698 293.035610    4.30138    34.7484    34.7702    27.0609    1484.75    1491.00 0.0000e+00
       3231    135.000     8.1039     8.1034   3.613319   3.615322     1.7303      98.76     0.0283 5.1273e-02 1.9438e+00    134.583 293.035620    4.31053    34.7484    34.7704    27.0610    1484.77    1490.95 0.0000e+00
       3252    136.000     8.1040     8.1035   3.613378   3.615368     1.7330      98.76     0.0302 5.1273e-02 1.9438e+00    135.465 293.035630    4.32277    34.7485    34.7703    27.0610    1484.78    1490.91 0.0000e+00
       3273    137.000     8.1038     8.1034   3.613423   3.615404     1.7364      98.76     0.0296 5.1273e-02 1.9438e+00    136.346 293.035641    4.33506    34.7487    34.7703    27.0612    1484.80    1490.86 0.0000e+00
       3295    138.000     8.1034     8.1029   3.613455   3.615443     1.7390      98.76     0.0294 5.1273e-02 1.9438e+00    137.231 293.035651    4.32670    34.7490    34.7707    27.0614    1484.81    1490.82 0.0000e+00
       3316    139.000     8.1020     8.1014   3.613470   3.615447     1.7385      41.15     0.0287 5.1280e-02 -9.990e-29    138.111 293.035661    4.31884    34.7500    34.7718    27.0625    1484.83    1490.78 0.0000e+00
       3337    140.000     8.1015     8.1010   3.613493   3.615486     1.7404      92.11     0.0284 5.1259e-02 -9.990e-29    138.994 293.035671    4.33759    34.7503    34.7721    27.0628    1484.84    1490.73 0.0000e+00
       3358    141.000     8.1012     8.1007   3.613536   3.615521     1.7415      98.77     0.0278 5.1273e-02 -9.990e-29    139.876 293.035681    4.33980    34.7505    34.7723    27.0630    1484.86    1490.69 0.0000e+00
       3379    142.000     8.1006     8.1002   3.613573   3.615544     1.7430      73.17     0.0290 5.1280e-02 -9.990e-29    140.753 293.035692    4.34489    34.7511    34.7726    27.0635    1484.87    1490.65 0.0000e+00
       3400    143.000     8.0997     8.0993   3.613583   3.615568     1.7445      56.21     0.0300 5.1273e-02 1.9438e+00    141.637 293.035702    4.36306    34.7516    34.7732    27.0641    1484.89    1490.61 0.0000e+00
       3421    144.000     8.0991     8.0985   3.613620   3.615598     1.7476      99.54     0.0317 5.1273e-02 1.9438e+00    142.516 293.035712    4.36932    34.7521    34.7739    27.0645    1484.90    1490.57 0.0000e+00
       3443    145.000     8.0980     8.0976   3.613632   3.615618     1.7487      98.75     0.0298 5.1273e-02 1.9438e+00    143.397 293.035722    4.36020    34.7528    34.7745    27.0653    1484.91    1490.53 0.0000e+00
       3464    146.000     8.0976     8.0972   3.613668   3.615641     1.7490      35.63     0.0297 5.1273e-02 1.9438e+00    144.285 293.035732    4.37074    34.7531    34.7746    27.0656    1484.93    1490.49 0.0000e+00
