testdata/CTD/sta0412.cnv
* Sea-Bird SBE 9 Data File:
* FileName = C:\Seabird\CTDData\sta0412.hex
* Software Version Seasave V 7.21f
* Temperature SN = 4557
* Conductivity SN = 1337
* Number of Bytes Per Scan = 40
* Number of Voltage Words = 5
* Number of Scans Averaged by the Deck Unit = 1
* NMEA Latitude = 60 52.30 N
* NMEA Longitude = 005 24.69 E
* NMEA UTC (Time) = Oct 15 2018 05:04:40
* NMEA baud rate = 4800
** Ship: 10 F/F "G. O. Sars"
** Station: 0412
** Echodepth: 479
** Log: 5378
** Wind-Dir Force: 89 03
** Air-temp (dry): 6.5
** Weather Sky: 2 5
** Sea Ice: 1 0
# nquan = 20                                
# nvalues = 472                         
# units = specified
# name 0 = scan: Scan Count
# name 1 = prDM: Pressure, Digiquartz [db]
# name 2 = t068C: Temperature [ITS-68, deg C]
# name 3 = t168C: Temperature, 2 [ITS-68, deg C]
# name 4 = c0S/m: Conductivity [S/m]
# name 5 = c1S/m: Conductivity, 2 [S/m]
# name 6 = sbeox0V: Oxygen raw, SBE 43 [V]
# name 7 = altM: Altimeter [m]
# name 8 = flC: Fluorescence, Chelsea Aqua 3 Chl Con [ug/l]
# name 9 = par: PAR/Irradiance, Biospherical/Licor
# name 10 = spar: SPAR/Surface Irradiance
# name 11 = timeS: Time, Elapsed [seconds]
# name 12 = timeJ: Julian Days
# name 13 = sbeox0ML/L: Oxygen, SBE 43 [ml/l], WS = 2
# name 14 = sal00: Salinity, Practical [PSU]
# name 15 = sal11: Salinity, Practical, 2 [PSU]
# name 16 = sigma-t00: Density [sigma-t, Kg/m^3 ]
# name 17 = svCM: Sound Velocity [Chen-Millero, m/s]
# name 18 = avgsvCM: Average Sound Velocity [Chen-Millero, m/s], minP = 1, minS = 5
# name 19 = flag: flag
# span 0 =        761,      10845       
# span 1 =      4.000,    475.000       
# span 2 =     8.0878,    15.8131       
# span 3 =     8.0876,    15.8225       
# span 4 =   3.500385,   3.988715       
# span 5 =   3.521573,   3.991258       
# span 6 =     0.8790,     2.1540       
# span 7 =      13.13,      99.49       
# span 8 =     0.0194,     0.1461       
# span 9 = 5.1232e-02, 2.7033e-01       
# span 10 = 1.2750e+01, 5.0452e+01      
# span 11 =     31.678,    451.826      
# span 12 = 288.211976, 288.216838      
# span 13 =    1.30790,    5.39544      
# span 14 =    28.1826,    35.0232      
# span 15 =    28.3504,    35.0473      
# span 16 =    20.8061,    27.2610      
# span 17 =    1485.08,    1505.31      
# span 18 =    1488.91,    1501.74      
# span 19 = 0.0000e+00, 0.0000e+00      
# interval = decibars: 1                
# start_time = Oct 15 2018 05:04:43 [System UTC, header]
# bad_flag = -9.990e-29
*END*
[from data line 362]
       8509    366.000     8.1754     8.1753   3.654864   3.657077     1.0936      82.85     0.0371 5.1259e-02 1.9438e+01    354.481 288.215712    2.03822    35.0107    35.0344    27.2561    1489.16    1488.91 0.0000e+00
       8530    367.000     8.1758     8.1756   3.654944   3.657159     1.0891      98.48     0.0373 5.1273e-02 1.9438e+01    355.358 288.215722    2.01834    35.0107    35.0345    27.2560    1489.18    1488.91 0.0000e+00
       8551    368.000     8.1761     8.1760   3.655046   3.657263     1.0841      98.79     0.0390 5.1259e-02 1.9438e+01    356.239 288.215732    1.99878    35.0110    35.0348    27.2562    1489.20    1488.91 0.0000e+00
       8572    369.000     8.1768     8.1766   3.655188   3.657400     1.0793      98.78     0.0397 5.1273e-02 1.9438e+01    357.115 288.215742    1.98673    35.0114    35.0352    27.2564    1489.22    1488.92 0.0000e+00
       8593    370.000     8.1772     8.1770   3.655287   3.657504     1.0752      58.62     0.0394 5.1287e-02 1.9351e+01    357.993 288.215752    1.98099    35.0115    35.0354    27.2564    1489.24    1488.92 0.0000e+00
       8614    371.000     8.1780     8.1777   3.655433   3.657653     1.0724      80.68     0.0378 5.1273e-02 1.5199e+01    358.870 288.215762    1.97840    35.0118    35.0358    27.2565    1489.26    1488.92 0.0000e+00
       8635    372.000     8.1791     8.1789   3.655649   3.657869     1.0694      83.77     0.0362 5.1259e-02 1.9404e+01    359.743 288.215772    1.96150    35.0126    35.0365    27.2570    1489.28    1488.92 0.0000e+00
       8656    373.000     8.1796     8.1795   3.655769   3.657983     1.0656      88.37     0.0343 5.1280e-02 1.9438e+01    360.622 288.215783    1.94568    35.0129    35.0366    27.2571    1489.30    1488.92 0.0000e+00
       8677    374.000     8.1800     8.1798   3.655858   3.658077     1.0621      98.32     0.0354 5.1273e-02 1.9438e+01    361.502 288.215793    1.93129    35.0129    35.0368    27.2571    1489.31    1488.92 0.0000e+00
       8698    375.000     8.1803     8.1802   3.655950   3.658166     1.0578      97.92     0.0345 5.1266e-02 1.9438e+01    362.376 288.215803    1.90916    35.0132    35.0369    27.2572    1489.33    1488.92 0.0000e+00
       8719    376.000     8.1807     8.1805   3.656038   3.658259     1.0532      97.12     0.0338 5.1266e-02 1.9438e+01    363.258 288.215813    1.88796    35.0132    35.0371    27.2572    1489.35    1488.92 0.0000e+00
       8740    377.000     8.1810     8.1808   3.656110   3.658334     1.0479      49.60     0.0389 5.1280e-02 1.9438e+01    364.139 288.215823    1.87209    35.0132    35.0371    27.2572    1489.37    1488.92 0.0000e+00
       8761    378.000     8.1813     8.1812   3.656211   3.658428     1.0441      90.68     0.0406 5.1273e-02 1.9438e+01    365.017 288.215833    1.86697    35.0135    35.0373    27.2574    1489.39    1488.92 0.0000e+00
       8783    379.000     8.1817     8.1816   3.656315   3.658534     1.0401      76.25     0.0389 5.1260e-02 1.9438e+01    365.898 288.215844    1.85462    35.0137    35.0375    27.2575    1489.40    1488.93 0.0000e+00
       8803    380.000     8.1823     8.1821   3.656440   3.658655     1.0369      92.64     0.0388 5.1273e-02 1.9438e+01    366.770 288.215854    1.84776    35.0140    35.0378    27.2576    1489.42    1488.93 0.0000e+00
       8825    381.000     8.1827     8.1824   3.656526   3.658747     1.0339      96.81     0.0374 5.1273e-02 1.4997e+01    367.649 288.215864    1.83900    35.0141    35.0381    27.2576    1489.44    1488.93 0.0000e+00
       8846    382.000     8.1830     8.1828   3.656613   3.658835     1.0308      96.93     0.0348 5.1259e-02 1.9379e+01    368.531 288.215874    1.82792    35.0142    35.0381    27.2577    1489.46    1488.93 0.0000e+00
       8867    383.000     8.1832     8.1830   3.656695   3.658910     1.0279      97.00     0.0343 5.1266e-02 1.9438e+01    369.401 288.215884    1.81570    35.0144    35.0382    27.2578    1489.48    1488.93 0.0000e+00
       8888    384.000     8.1834     8.1832   3.656761   3.658983     1.0245      36.45     0.0385 5.1280e-02 1.9438e+01    370.280 288.215894    1.80726    35.0144    35.0383    27.2578    1489.49    1488.93 0.0000e+00
       8909    385.000     8.1836     8.1834   3.656827   3.659038     1.0222      96.32     0.0408 5.1253e-02 1.9438e+01    371.157 288.215905    1.80268    35.0145    35.0383    27.2578    1489.51    1488.93 0.0000e+00
       8930    386.000     8.1837     8.1835   3.656885   3.659107     1.0196      77.53     0.0384 5.1246e-02 1.9438e+01    372.033 288.215915    1.78885    35.0145    35.0384    27.2578    1489.53    1488.94 0.0000e+00
       8951    387.000     8.1839     8.1837   3.656957   3.659174     1.0164      96.44     0.0368 5.1266e-02 1.9438e+01    372.912 288.215925    1.78175    35.0146    35.0385    27.2578    1489.55    1488.94 0.0000e+00
       8972    388.000     8.1841     8.1839   3.657030   3.659250     1.0145      96.41     0.0367 5.1259e-02 1.9438e+01    373.783 288.215935    1.78122    35.0147    35.0386    27.2579    1489.56    1488.94 0.0000e+00
       8993    389.000     8.1846     8.1843   3.657132   3.659343     1.0126      96.07     0.0356 5.1259e-02 1.9438e+01    374.667 288.215945    1.77802    35.0148    35.0387    27.2579    1489.58    1488.94 0.0000e+00
       9014    390.000     8.1849     8.1847   3.657213   3.659429     1.0113      93.12     0.0378 5.1266e-02 1.9438e+01    375.550 288.215955    1.77472    35.0149    35.0388    27.2579    1489.60    1488.94 0.0000e+00
       9035    391.000     8.1851     8.1850   3.657286   3.659504     1.0099      37.04     0.0359 5.1287e-02 1.9438e+01    376.426 288.215966    1.77604    35.0150    35.0388    27.2580    1489.62    1488.94 0.0000e+00
       9056    392.000     8.1855     8.1853   3.657381   3.659598     1.0093      95.27     0.0347 5.1273e-02 1.4963e+01    377.308 288.215976    1.77233    35.0152    35.0390    27.2580    1489.63    1488.95 0.0000e+00
       9078    393.000     8.1859     8.1857   3.657488   3.659715     1.0079      73.51     0.0381 5.1260e-02 1.9257e+01    378.192 288.215986    1.76459    35.0154    35.0394    27.2582    1489.65    1488.95 0.0000e+00
       9099    394.000     8.1862     8.1860   3.657566   3.659791     1.0068      95.30     0.0368 5.1273e-02 1.9436e+01    379.067 288.215996    1.76269    35.0155    35.0394    27.2582    1489.67    1488.95 0.0000e+00
       9120    395.000     8.1866     8.1864   3.657676   3.659901     1.0057      95.70     0.0375 5.1273e-02 1.9438e+01    379.945 288.216006    1.75766    35.0158    35.0397    27.2583    1489.69    1488.95 0.0000e+00
       9141    396.000     8.1871     8.1869   3.657779   3.660001     1.0043      95.78     0.0405 5.1266e-02 1.9438e+01    380.821 288.216016    1.74802    35.0159    35.0398    27.2584    1489.71    1488.95 0.0000e+00
       9162    397.000     8.1873     8.1872   3.657855   3.660073     1.0023      74.58     0.0399 5.1273e-02 1.9438e+01    381.701 288.216027    1.73511    35.0160    35.0398    27.2584    1489.72    1488.96 0.0000e+00
       9183    398.000     8.1875     8.1873   3.657920   3.660141     1.0000      45.32     0.0368 5.1294e-02 1.9438e+01    382.578 288.216037    1.73108    35.0161    35.0400    27.2584    1489.74    1488.96 0.0000e+00
       9204    399.000     8.1877     8.1876   3.657988   3.660223     0.9983      94.95     0.0372 5.1273e-02 1.9438e+01    383.448 288.216047    1.72669    35.0161    35.0401    27.2584    1489.76    1488.96 0.0000e+00
       9225    400.000     8.1879     8.1878   3.658056   3.660279     0.9966      83.47     0.0361 5.1246e-02 1.9438e+01    384.332 288.216057    1.71626    35.0162    35.0400    27.2585    1489.78    1488.96 0.0000e+00
       9246    401.000     8.1882     8.1881   3.658164   3.660375     0.9942      98.40     0.0372 5.1259e-02 1.9438e+01    385.212 288.216067    1.70692    35.0165    35.0402    27.2587    1489.79    1488.96 0.0000e+00
       9267    402.000     8.1886     8.1884   3.658248   3.660469     0.9922      98.50     0.0364 5.1273e-02 1.9438e+01    386.090 288.216077    1.70371    35.0166    35.0405    27.2587    1489.81    1488.97 0.0000e+00
       9289    403.000     8.1888     8.1887   3.658322   3.660533     0.9906      98.56     0.0360 5.1273e-02 1.9438e+01    386.979 288.216088    1.69841    35.0167    35.0404    27.2587    1489.83    1488.97 0.0000e+00
       9309    404.000     8.1890     8.1889   3.658398   3.660617     0.9885      65.08     0.0380 5.1295e-02 1.5892e+01    387.850 288.216098    1.68688    35.0168    35.0406    27.2588    1489.85    1488.97 0.0000e+00
       9331    405.000     8.1892     8.1889   3.658453   3.660674     0.9864      62.90     0.0368 5.1299e-02 1.9455e+01    388.734 288.216108    1.68533    35.0167    35.0407    27.2587    1489.86    1488.97 0.0000e+00
       9352    406.000     8.1892     8.1890   3.658502   3.660725     0.9852      89.83     0.0369 5.1266e-02 1.9438e+01    389.621 288.216118    1.68596    35.0168    35.0407    27.2587    1489.88    1488.97 0.0000e+00
       9373    407.000     8.1894     8.1893   3.658588   3.660801     0.9839      84.82     0.0383 5.1259e-02 1.9438e+01    390.500 288.216128    1.67706    35.0170    35.0407    27.2589    1489.90    1488.98 0.0000e+00
       9394    408.000     8.1899     8.1896   3.658677   3.660890     0.9822      98.87     0.0382 5.1273e-02 1.9438e+01    391.387 288.216139    1.67164    35.0170    35.0409    27.2588    1489.92    1488.98 0.0000e+00
       9415    409.000     8.1900     8.1897   3.658742   3.660972     0.9808      98.66     0.0360 5.1266e-02 1.9438e+01    392.266 288.216149    1.67098    35.0171    35.0412    27.2589    1489.93    1488.98 0.0000e+00
       9436    410.000     8.1895     8.1894   3.658758   3.660985     0.9801      98.64     0.0377 5.1266e-02 1.9438e+01    393.144 288.216159    1.67109    35.0173    35.0412    27.2591    1489.95    1488.98 0.0000e+00
       9458    411.000     8.1900     8.1898   3.658856   3.661072     0.9789      98.62     0.0349 5.1273e-02 1.9438e+01    394.028 288.216169    1.66196    35.0174    35.0412    27.2591    1489.97    1488.99 0.0000e+00
       9479    412.000     8.1904     8.1903   3.658955   3.661174     0.9774      98.61     0.0316 5.1273e-02 1.9438e+01    394.904 288.216179    1.65670    35.0176    35.0413    27.2592    1489.99    1488.99 0.0000e+00
       9500    413.000     8.1907     8.1906   3.659026   3.661259     0.9764      89.46     0.0325 5.1239e-02 1.9438e+01    395.779 288.216190    1.65680    35.0176    35.0415    27.2591    1490.00    1488.99 0.0000e+00
       9521    414.000     8.1911     8.1910   3.659114   3.661352     0.9751      93.30     0.0336 5.1252e-02 1.9346e+01    396.665 288.216200    1.64496    35.0176    35.0416    27.2591    1490.02    1488.99 0.0000e+00
       9542    415.000     8.1911     8.1908   3.659152   3.661366     0.9733      98.67     0.0351 5.1273e-02 1.9188e+01    397.544 288.216210    1.63958    35.0176    35.0415    27.2590    1490.04    1489.00 0.0000e+00
       9563    416.000     8.1909     8.1909   3.659204   3.661437     0.9718      98.65     0.0358 5.1259e-02 1.4551e+01    398.427 288.216220    1.63561    35.0178    35.0416    27.2593    1490.05    1489.00 0.0000e+00
       9584    417.000     8.1915     8.1914   3.659309   3.661541     0.9703      98.64     0.0360 5.1266e-02 1.8722e+01    399.306 288.216230    1.63005    35.0179    35.0418    27.2592    1490.07    1489.00 0.0000e+00
       9605    418.000     8.1914     8.1912   3.659343   3.661566     0.9688      98.61     0.0364 5.1273e-02 1.8761e+01    400.181 288.216240    1.62489    35.0179    35.0418    27.2593    1490.09    1489.00 0.0000e+00
       9627    419.000     8.1916     8.1914   3.659426   3.661648     0.9673      98.49     0.0359 5.1266e-02 1.9032e+01    401.070 288.216251    1.62335    35.0181    35.0420    27.2594    1490.11    1489.01 0.0000e+00
       9648    420.000     8.1918     8.1917   3.659487   3.661718     0.9667      83.80     0.0353 5.1259e-02 1.8433e+01    401.947 288.216261    1.62174    35.0181    35.0419    27.2593    1490.12    1489.01 0.0000e+00
       9669    421.000     8.1921     8.1919   3.659566   3.661789     0.9648      96.30     0.0360 5.1246e-02 1.9183e+01    402.828 288.216271    1.60773    35.0181    35.0420    27.2593    1490.14    1489.01 0.0000e+00
       9690    422.000     8.1925     8.1923   3.659663   3.661899     0.9631      97.11     0.0366 5.1273e-02 1.9439e+01    403.713 288.216281    1.60193    35.0183    35.0423    27.2594    1490.16    1489.01 0.0000e+00
       9711    423.000     8.1929     8.1927   3.659759   3.661969     0.9613      96.97     0.0347 5.1273e-02 1.9130e+01    404.594 288.216292    1.59859    35.0184    35.0422    27.2595    1490.18    1489.02 0.0000e+00
       9733    424.000     8.1932     8.1929   3.659827   3.662058     0.9601      96.90     0.0338 5.1273e-02 1.8723e+01    405.483 288.216302    1.59784    35.0184    35.0425    27.2594    1490.19    1489.02 0.0000e+00
       9754    425.000     8.1934     8.1932   3.659900   3.662131     0.9589      96.93     0.0348 5.1273e-02 1.7662e+01    406.363 288.216312    1.59161    35.0185    35.0425    27.2594    1490.21    1489.02 0.0000e+00
       9775    426.000     8.1935     8.1933   3.659964   3.662189     0.9575      97.02     0.0362 5.1266e-02 1.7345e+01    407.241 288.216322    1.59035    35.0186    35.0425    27.2595    1490.23    1489.03 0.0000e+00
       9796    427.000     8.1938     8.1936   3.660051   3.662276     0.9569      86.77     0.0366 5.1252e-02 1.2750e+01    408.124 288.216332    1.58391    35.0188    35.0427    27.2596    1490.25    1489.03 0.0000e+00
       9817    428.000     8.1941     8.1940   3.660139   3.662372     0.9545      95.75     0.0378 5.1280e-02 -9.990e-29    409.005 288.216343    1.57221    35.0189    35.0428    27.2597    1490.26    1489.03 0.0000e+00
       9838    429.000     8.1944     8.1943   3.660209   3.662435     0.9537      89.53     0.0386 5.1259e-02 -9.990e-29    409.883 288.216353    1.57780    35.0189    35.0427    27.2596    1490.28    1489.03 0.0000e+00
       9859    430.000     8.1946     8.1945   3.660287   3.662508     0.9524      94.73     0.0378 5.1260e-02 -9.990e-29    410.771 288.216363    1.56810    35.0191    35.0428    27.2597    1490.30    1489.04 0.0000e+00
       9881    431.000     8.1948     8.1947   3.660356   3.662586     0.9511      96.92     0.0377 5.1273e-02 -9.990e-29    411.662 288.216373    1.56407    35.0191    35.0430    27.2597    1490.32    1489.04 0.0000e+00
       9902    432.000     8.1952     8.1951   3.660448   3.662674     0.9496      96.76     0.0378 5.1247e-02 1.7494e+01    412.561 288.216384    1.55929    35.0192    35.0431    27.2597    1490.34    1489.04 0.0000e+00
       9924    433.000     8.1955     8.1953   3.660506   3.662744     0.9483      96.68     0.0378 5.1273e-02 1.7494e+01    413.455 288.216394    1.55471    35.0191    35.0431    27.2596    1490.35    1489.05 0.0000e+00
       9946    434.000     8.1957     8.1955   3.660571   3.662808     0.9471      96.57     0.0369 5.1273e-02 1.7494e+01    414.355 288.216405    1.55315    35.0191    35.0432    27.2596    1490.37    1489.05 0.0000e+00
       9967    435.000     8.1958     8.1957   3.660632   3.662861     0.9460      96.49     0.0383 5.1273e-02 1.7494e+01    415.260 288.216415    1.55240    35.0192    35.0430    27.2596    1490.39    1489.05 0.0000e+00
       9989    436.000     8.1960     8.1958   3.660704   3.662931     0.9455      84.89     0.0416 5.1240e-02 1.7494e+01    416.147 288.216425    1.54598    35.0193    35.0432    27.2597    1490.40    1489.06 0.0000e+00
      10010    437.000     8.1964     8.1963   3.660809   3.663036     0.9436      96.69     0.0419 5.1272e-02 1.7494e+01    417.048 288.216436    1.53730    35.0195    35.0434    27.2598    1490.42    1489.06 0.0000e+00
