testdata/CTD/sta0416.cnv
* Sea-Bird SBE 9 Data File:
* FileName = C:\Seabird\CTDData\sta0416.hex
* Software Version Seasave V 7.21f
* Temperature SN = 4557
* Conductivity SN = 1337
* Number of Bytes Per Scan = 40
* Number of Voltage Words = 5
* Number of Scans Averaged by the Deck Unit = 1
* NMEA Latitude = 61 31.29 N
* NMEA Longitude = 005 06.34 E
* NMEA UTC (Time) = Oct 17 2018 00:20:55
* NMEA baud rate = 4800
** Ship: 10 F/F "G. O. Sars"
** Station: 0416
** Echodepth: 269
** Log: 5562.788
** Wind-Dir Force: 18 16
** Air-temp (dry): 11.7
** Weather Sky: 0 0
** Sea Ice: 0 0
# nquan = 20                                
# nvalues = 259                         
# units = specified
# name 0 = scan: Scan Count
# name 1 = prDM: Pressure, Digiquartz [db]
# name 2 = t068C: Temperature [ITS-68, deg C]
# name 3 = t168C: Temperature, 2 [ITS-68, deg C]
# name 4 = c0S/m: Conductivity [S/m]
# name 5 = c1S/m: Conductivity, 2 [S/m]
# name 6 = sbeox0V: Oxygen raw, SBE 43 [V]
# name 7 = altM: Altimeter [m]
# name 8 = flC: Fluorescence, Chelsea Aqua 3 Chl Con [ug/l]
# name 9 = par: PAR/Irradiance, Biospherical/Licor
# name 10 = spar: SPAR/Surface Irradiance
# name 11 = timeS: Time, Elapsed [seconds]
# name 12 = timeJ: Julian Days
# name 13 = sbeox0ML/L: Oxygen, SBE 43 [ml/l], WS = 2
# name 14 = sal00: Salinity, Practical [PSU]
# name 15 = sal11: Salinity, Practical, 2 [PSU]
# name 16 = sigma-t00: Density [sigma-t, Kg/m^3 ]
# name 17 = svCM: Sound Velocity [Chen-Millero, m/s]
# name 18 = avgsvCM: Average Sound Velocity [Chen-Millero, m/s], minP = 1, minS = 5
# name 19 = flag: flag
# span 0 =        630,       6171       
# span 1 =      2.000,    260.000       
# span 2 =     7.7071,    12.8327       
# span 3 =     7.7068,    12.8320       
# span 4 =   3.132968,   3.879690       
# span 5 =   3.134610,   3.881649       
# span 6 =     1.9396,     2.2937       
# span 7 =      15.41,      99.13       
# span 8 =     0.0193,     0.2504       
# span 9 = 5.1218e-02, 1.5180e+00       
# span 10 = 9.9036e-01, 1.9536e+00      
# span 11 =     26.221,    257.088      
# span 12 = 290.014852, 290.017524      
# span 13 =    4.90517,    5.92324      
# span 14 =    26.8277,    35.0201      
# span 15 =    26.8435,    35.0403      
# span 16 =    20.2860,    27.3336      
# span 17 =    1484.29,    1497.98      
# span 18 =    1486.41,    1494.82      
# span 19 = 0.0000e+00, 0.0000e+00      
# interval = decibars: 1                
# start_time = Oct 17 2018 00:20:57 [System UTC, header]
# bad_flag = -9.990e-29
*END*
[from data line 145]
       3747    147.000     7.9073     7.9068   3.604530   3.606405     1.9438      92.02     0.0346 5.1266e-02 -9.990e-29    156.093 290.016355    5.07731    34.8437    34.8644    27.1653    1484.34    1491.02 0.0000e+00
       3768    148.000     7.9041     7.9035   3.604439   3.606324     1.9443      94.05     0.0286 5.1260e-02 -9.990e-29    156.978 290.016365    5.06825    34.8454    34.8663    27.1671    1484.35    1490.97 0.0000e+00
       3790    149.000     7.8986     7.8982   3.604254   3.606119     1.9437      95.85     0.0298 5.1273e-02 -9.990e-29    157.865 290.016376    5.06951    34.8484    34.8689    27.1703    1484.35    1490.93 0.0000e+00
       3811    150.000     7.8877     7.8870   3.603844   3.605702     1.9443      98.44     0.0292 5.1259e-02 1.9438e+00    158.751 290.016386    5.08452    34.8544    34.8751    27.1766    1484.33    1490.89 0.0000e+00
       3832    151.000     7.8830     7.8824   3.603688   3.605551     1.9459      98.49     0.0270 5.1273e-02 1.9438e+00    159.639 290.016396    5.08339    34.8569    34.8776    27.1793    1484.33    1490.84 0.0000e+00
       3853    152.000     7.8819     7.8813   3.603702   3.605562     1.9448      71.93     0.0233 5.1266e-02 1.9438e+00    160.517 290.016406    5.08042    34.8577    34.8783    27.1800    1484.34    1490.80 0.0000e+00
       3875    153.000     7.8813     7.8808   3.603721   3.605593     1.9469      98.62     0.0233 5.1273e-02 1.9438e+00    161.401 290.016417    5.09727    34.8580    34.8786    27.1804    1484.36    1490.76 0.0000e+00
       3896    154.000     7.8804     7.8797   3.603785   3.605669     1.9471      75.05     0.0278 5.1266e-02 1.9438e+00    162.285 290.016427    5.09786    34.8591    34.8801    27.1814    1484.37    1490.71 0.0000e+00
       3917    155.000     7.8778     7.8773   3.603828   3.605685     1.9495      92.98     0.0317 5.1266e-02 -9.990e-29    163.156 290.016437    5.11936    34.8617    34.8822    27.1838    1484.38    1490.67 0.0000e+00
       3938    156.000     7.8662     7.8656   3.603278   3.605143     1.9517      98.54     0.0291 5.1266e-02 -9.990e-29    164.038 290.016447    5.13193    34.8668    34.8875    27.1895    1484.36    1490.63 0.0000e+00
       3959    157.000     7.8599     7.8592   3.602995   3.604853     1.9547      98.44     0.0254 5.1273e-02 -9.990e-29    164.918 290.016457    5.15023    34.8696    34.8903    27.1926    1484.36    1490.59 0.0000e+00
       3980    158.000     7.8498     7.8492   3.602708   3.604565     1.9582      97.41     0.0255 5.1266e-02 -9.990e-29    165.794 290.016468    5.16061    34.8761    34.8967    27.1993    1484.34    1490.55 0.0000e+00
       4001    159.000     7.8447     7.8440   3.602564   3.604415     1.9604      69.88     0.0279 5.1273e-02 1.9438e+00    166.678 290.016478    5.16629    34.8791    34.8998    27.2024    1484.34    1490.51 0.0000e+00
       4022    160.000     7.8378     7.8370   3.602374   3.604219     1.9632      98.81     0.0301 5.1273e-02 1.9438e+00    167.562 290.016488    5.17123    34.8835    34.9042    27.2069    1484.34    1490.48 0.0000e+00
       4044    161.000     7.8362     7.8355   3.602362   3.604220     1.9643      93.77     0.0275 5.1232e-02 1.9438e+00    168.447 290.016498    5.16138    34.8845    34.9052    27.2079    1484.35    1490.44 0.0000e+00
       4065    162.000     7.8360     7.8356   3.602399   3.604262     1.9638      76.93     0.0279 5.1266e-02 1.9438e+00    169.330 290.016508    5.16319    34.8846    34.9051    27.2080    1484.37    1490.40 0.0000e+00
       4086    163.000     7.8359     7.8355   3.602449   3.604317     1.9663      95.31     0.0288 5.1266e-02 1.9438e+00    170.212 290.016519    5.18582    34.8847    34.9053    27.2081    1484.38    1490.36 0.0000e+00
       4107    164.000     7.8359     7.8353   3.602512   3.604366     1.9674      85.81     0.0288 5.1266e-02 1.9438e+00    171.095 290.016529    5.17648    34.8849    34.9055    27.2083    1484.40    1490.33 0.0000e+00
       4128    165.000     7.8355     7.8348   3.602566   3.604433     1.9678      85.66     0.0311 5.1273e-02 -9.990e-29    171.978 290.016539    5.18219    34.8854    34.9063    27.2087    1484.42    1490.29 0.0000e+00
       4150    166.000     7.8318     7.8312   3.602548   3.604388     1.9692      96.97     0.0301 5.1260e-02 -9.990e-29    172.858 290.016549    5.18901    34.8884    34.9089    27.2116    1484.42    1490.25 0.0000e+00
       4171    167.000     7.8265     7.8260   3.602421   3.604279     1.9701      96.59     0.0287 5.1273e-02 -9.990e-29    173.739 290.016560    5.18152    34.8919    34.9124    27.2151    1484.42    1490.22 0.0000e+00
       4192    168.000     7.8249     7.8243   3.602431   3.604282     1.9689      70.54     0.0276 5.1266e-02 1.9438e+00    174.612 290.016570    5.18073    34.8931    34.9137    27.2163    1484.43    1490.19 0.0000e+00
       4213    169.000     7.8243     7.8238   3.602456   3.604309     1.9701      98.65     0.0272 5.1266e-02 1.9438e+00    175.495 290.016580    5.18590    34.8935    34.9140    27.2167    1484.45    1490.15 0.0000e+00
       4234    170.000     7.8210     7.8207   3.602425   3.604274     1.9695      98.07     0.0291 5.1280e-02 1.9438e+00    176.377 290.016590    5.18167    34.8960    34.9162    27.2191    1484.46    1490.12 0.0000e+00
       4255    171.000     7.8186     7.8179   3.602378   3.604216     1.9698      98.14     0.0290 5.1266e-02 1.9438e+00    177.259 290.016600    5.19448    34.8974    34.9179    27.2206    1484.46    1490.08 0.0000e+00
       4276    172.000     7.8178     7.8173   3.602379   3.604225     1.9713      97.84     0.0299 5.1253e-02 1.9438e+00    178.145 290.016610    5.20637    34.8977    34.9181    27.2210    1484.48    1490.05 0.0000e+00
       4298    173.000     7.8170     7.8167   3.602378   3.604239     1.9727      97.98     0.0294 5.1252e-02 1.9438e+00    179.028 290.016621    5.20624    34.8980    34.9184    27.2213    1484.49    1490.02 0.0000e+00
       4319    174.000     7.8157     7.8154   3.602372   3.604226     1.9729      90.77     0.0271 5.1266e-02 1.9438e+00    179.905 290.016631    5.19825    34.8987    34.9190    27.2221    1484.50    1489.99 0.0000e+00
       4340    175.000     7.8119     7.8114   3.602360   3.604201     1.9731      73.37     0.0260 5.1280e-02 1.9438e+00    180.787 290.016641    5.21330    34.9019    34.9223    27.2252    1484.51    1489.96 0.0000e+00
       4361    176.000     7.8087     7.8080   3.602370   3.604225     1.9750      98.55     0.0261 5.1259e-02 1.9438e+00    181.662 290.016651    5.21768    34.9047    34.9254    27.2279    1484.52    1489.93 0.0000e+00
       4382    177.000     7.8043     7.8038   3.602367   3.604213     1.9750      98.71     0.0255 5.1266e-02 1.9438e+00    182.541 290.016661    5.20906    34.9086    34.9290    27.2316    1484.52    1489.89 0.0000e+00
       4403    178.000     7.8000     7.7995   3.602291   3.604138     1.9753      98.37     0.0258 5.1259e-02 1.9438e+00    183.426 290.016672    5.21710    34.9116    34.9320    27.2346    1484.53    1489.86 0.0000e+00
       4424    179.000     7.7989     7.7983   3.602312   3.604148     1.9761      98.18     0.0283 5.1266e-02 -9.990e-29    184.303 290.016682    5.22638    34.9124    34.9329    27.2354    1484.54    1489.83 0.0000e+00
       4445    180.000     7.7971     7.7966   3.602386   3.604241     1.9773      75.83     0.0292 5.1273e-02 -9.990e-29    185.179 290.016692    5.23283    34.9146    34.9351    27.2373    1484.55    1489.80 0.0000e+00
       4466    181.000     7.7982     7.7975   3.602696   3.604527     1.9789      85.18     0.0282 5.1273e-02 -9.990e-29    186.060 290.016702    5.24023    34.9163    34.9368    27.2385    1484.58    1489.78 0.0000e+00
       4488    182.000     7.8002     7.7996   3.603250   3.605082     1.9799      98.52     0.0292 5.1266e-02 -9.990e-29    186.941 290.016712    5.23925    34.9198    34.9402    27.2410    1484.60    1489.75 0.0000e+00
       4509    183.000     7.8007     7.8002   3.603536   3.605387     1.9806      98.77     0.0244 5.1239e-02 1.9438e+00    187.828 290.016723    5.23532    34.9219    34.9424    27.2425    1484.62    1489.72 0.0000e+00
       4530    184.000     7.7992     7.7986   3.603604   3.605445     1.9804      98.70     0.0233 5.1273e-02 1.9438e+00    188.707 290.016733    5.21357    34.9236    34.9441    27.2441    1484.64    1489.69 0.0000e+00
       4551    185.000     7.7977     7.7972   3.603590   3.605432     1.9766      54.67     0.0263 5.1266e-02 1.9438e+00    189.579 290.016743    5.19459    34.9245    34.9449    27.2450    1484.65    1489.66 0.0000e+00
       4572    186.000     7.7977     7.7972   3.603624   3.605472     1.9751      98.87     0.0290 5.1273e-02 1.9438e+00    190.468 290.016753    5.18731    34.9244    34.9448    27.2449    1484.67    1489.64 0.0000e+00
       4593    187.000     7.7972     7.7967   3.603631   3.605472     1.9709      64.39     0.0304 5.1273e-02 1.9438e+00    191.353 290.016763    5.17073    34.9245    34.9448    27.2451    1484.68    1489.61 0.0000e+00
       4614    188.000     7.7961     7.7956   3.603594   3.605426     1.9694      94.13     0.0287 5.1259e-02 -9.990e-29    192.227 290.016773    5.18176    34.9247    34.9450    27.2454    1484.69    1489.58 0.0000e+00
       4636    189.000     7.7903     7.7897   3.603435   3.605280     1.9676      98.81     0.0262 5.1260e-02 -9.990e-29    193.108 290.016784    5.17785    34.9283    34.9488    27.2491    1484.69    1489.56 0.0000e+00
       4657    190.000     7.7888     7.7883   3.603512   3.605366     1.9665      81.36     0.0250 5.1273e-02 -9.990e-29    193.990 290.016794    5.18029    34.9301    34.9506    27.2508    1484.71    1489.53 0.0000e+00
       4678    191.000     7.7878     7.7873   3.603581   3.605415     1.9663      69.68     0.0237 5.1273e-02 -9.990e-29    194.874 290.016804    5.19800    34.9314    34.9517    27.2519    1484.72    1489.51 0.0000e+00
       4699    192.000     7.7867     7.7862   3.603644   3.605500     1.9680      98.76     0.0249 5.1273e-02 1.9438e+00    195.749 290.016814    5.20601    34.9327    34.9532    27.2531    1484.73    1489.48 0.0000e+00
       4720    193.000     7.7861     7.7856   3.603820   3.605678     1.9683      97.33     0.0250 5.1253e-02 1.9438e+00    196.620 290.016824    5.19712    34.9347    34.9553    27.2548    1484.75    1489.46 0.0000e+00
       4741    194.000     7.7856     7.7851   3.603992   3.605817     1.9680      56.27     0.0240 5.1273e-02 1.9438e+00    197.512 290.016835    5.20003    34.9366    34.9568    27.2563    1484.77    1489.43 0.0000e+00
       4763    195.000     7.7848     7.7843   3.604032   3.605873     1.9689      98.32     0.0243 5.1266e-02 1.9438e+00    198.405 290.016845    5.20115    34.9373    34.9577    27.2570    1484.78    1489.41 0.0000e+00
       4784    196.000     7.7804     7.7797   3.603727   3.605549     1.9678      98.82     0.0254 5.1273e-02 1.9438e+00    199.306 290.016855    5.18480    34.9379    34.9583    27.2582    1484.78    1489.39 0.0000e+00
       4806    197.000     7.7753     7.7750   3.603453   3.605322     1.9664      64.10     0.0263 5.1273e-02 1.9438e+00    200.210 290.016866    5.19351    34.9396    34.9601    27.2602    1484.78    1489.36 0.0000e+00
       4827    198.000     7.7772     7.7769   3.603933   3.605790     1.9678      82.96     0.0266 5.1252e-02 -9.990e-29    201.091 290.016876    5.21381    34.9424    34.9627    27.2621    1484.81    1489.34 0.0000e+00
       4848    199.000     7.7793     7.7789   3.604407   3.606256     1.9689      99.09     0.0225 5.1259e-02 -9.990e-29    201.974 290.016886    5.21349    34.9449    34.9653    27.2638    1484.84    1489.32 0.0000e+00
       4870    200.000     7.7792     7.7787   3.604507   3.606334     1.9696      92.24     0.0249 5.1259e-02 -9.990e-29    202.856 290.016897    5.21250    34.9456    34.9658    27.2644    1484.85    1489.29 0.0000e+00
       4891    201.000     7.7792     7.7787   3.604577   3.606404     1.9702      53.05     0.0258 5.1253e-02 1.9438e+00    203.736 290.016907    5.22308    34.9459    34.9661    27.2646    1484.87    1489.27 0.0000e+00
       4913    202.000     7.7789     7.7785   3.604677   3.606529     1.9718      98.42     0.0243 5.1253e-02 1.9438e+00    204.657 290.016917    5.22026    34.9468    34.9672    27.2653    1484.89    1489.25 0.0000e+00
       4935    203.000     7.7796     7.7793   3.604922   3.606791     1.9713      98.56     0.0228 5.1267e-02 1.9438e+00    205.573 290.016928    5.20530    34.9482    34.9687    27.2664    1484.91    1489.23 0.0000e+00
       4956    204.000     7.7806     7.7801   3.605154   3.606976     1.9697      39.76     0.0207 5.1280e-02 1.9438e+00    206.473 290.016938    5.19968    34.9492    34.9694    27.2670    1484.93    1489.21 0.0000e+00
       4978    205.000     7.7808     7.7803   3.605289   3.607130     1.9693      87.69     0.0214 5.1238e-02 1.9438e+00    207.385 290.016949    5.20187    34.9500    34.9704    27.2676    1484.95    1489.19 0.0000e+00
       4999    206.000     7.7782     7.7772   3.605152   3.606908     1.9682      97.22     0.0215 5.1260e-02 1.9438e+00    208.266 290.016959    5.19174    34.9507    34.9706    27.2685    1484.95    1489.17 0.0000e+00
       5021    207.000     7.7749     7.7743   3.604902   3.606726     1.9663      64.34     0.0213 5.1280e-02 1.9438e+00    209.158 290.016969    5.18393    34.9508    34.9711    27.2691    1484.96    1489.15 0.0000e+00
       5043    208.000     7.7751     7.7744   3.605068   3.606858     1.9654      77.61     0.0245 5.1273e-02 1.9438e+00    210.063 290.016980    5.19616    34.9519    34.9719    27.2699    1484.98    1489.13 0.0000e+00
       5064    209.000     7.7770     7.7764   3.605579   3.607418     1.9655      97.48     0.0282 5.1280e-02 1.9438e+00    210.951 290.016990    5.20093    34.9550    34.9755    27.2721    1485.00    1489.11 0.0000e+00
       5086    210.000     7.7759     7.7754   3.605620   3.607444     1.9659      88.36     0.0276 5.1260e-02 1.9438e+00    211.867 290.017001    5.20009    34.9561    34.9762    27.2731    1485.02    1489.09 0.0000e+00
       5108    211.000     7.7734     7.7731   3.605482   3.607309     1.9657      58.83     0.0238 5.1273e-02 1.9438e+00    212.776 290.017011    5.21056    34.9566    34.9766    27.2738    1485.02    1489.07 0.0000e+00
       5130    212.000     7.7715     7.7710   3.605496   3.607323     1.9673      98.56     0.0253 5.1273e-02 -9.990e-29    213.688 290.017022    5.21326    34.9582    34.9784    27.2754    1485.04    1489.05 0.0000e+00
       5152    213.000     7.7675     7.7672   3.605366   3.607204     1.9671      98.62     0.0289 5.1273e-02 -9.990e-29    214.618 290.017033    5.20006    34.9603    34.9804    27.2776    1485.04    1489.03 0.0000e+00
       5173    214.000     7.7644     7.7639   3.605326   3.607151     1.9658      41.16     0.0263 5.1273e-02 -9.990e-29    215.513 290.017043    5.20620    34.9625    34.9827    27.2798    1485.05    1489.01 0.0000e+00
       5195    215.000     7.7632     7.7628   3.605746   3.607592     1.9674      98.65     0.0233 5.1260e-02 1.9438e+00    216.435 290.017054    5.21685    34.9677    34.9880    27.2841    1485.07    1488.99 0.0000e+00
       5217    216.000     7.7618     7.7613   3.606210   3.608044     1.9671      98.76     0.0239 5.1273e-02 1.9438e+00    217.354 290.017064    5.20878    34.9736    34.9939    27.2890    1485.08    1488.97 0.0000e+00
       5239    217.000     7.7595     7.7590   3.606376   3.608215     1.9670      56.01     0.0252 5.1266e-02 1.9438e+00    218.266 290.017075    5.21439    34.9772    34.9976    27.2921    1485.10    1488.96 0.0000e+00
       5262    218.000     7.7589     7.7585   3.606460   3.608278     1.9681      88.64     0.0265 5.1273e-02 1.9438e+00    219.209 290.017086    5.22614    34.9783    34.9983    27.2930    1485.11    1488.94 0.0000e+00
