testdata/CTD/sta0419.cnv
* Sea-Bird SBE 9 Data File:
* FileName = C:\Seabird\CTDData\sta0419.hex
* Software Version Seasave V 7.21f
* Temperature SN = 4557
* Conductivity SN = 1337
* Number of Bytes Per Scan = 40
* Number of Voltage Words = 5
* Number of Scans Averaged by the Deck Unit = 1
* NMEA Latitude = 61 29.29 N
* NMEA Longitude = 005 16.10 E
* NMEA UTC (Time) = Oct 17 2018 11:27:05
* NMEA baud rate = 4800
** Ship: 10 F/F "G. O. Sars"
** Station: 0419
** Echodepth: 371
** Log: 5596.185
** Wind-Dir Force: 24 21
** Air-temp (dry): 11.2
** Weather Sky: 0 0
** Sea Ice: 0 0
# nquan = 20                                
# nvalues = 360                         
# units = specified
# name 0 = scan: Scan Count
# name 1 = prDM: Pressure, Digiquartz [db]
# name 2 = t068C: Temperature [ITS-68, deg C]
# name 3 = t168C: Temperature, 2 [ITS-68, deg C]
# name 4 = c0S/m: Conductivity [S/m]
# name 5 = c1S/m: Conductivity, 2 [S/m]
# name 6 = sbeox0V: Oxygen raw, SBE 43 [V]
# name 7 = altM: Altimeter [m]
# name 8 = flC: Fluorescence, Chelsea Aqua 3 Chl Con [ug/l]
# name 9 = par: PAR/Irradiance, Biospherical/Licor
# name 10 = spar: SPAR/Surface Irradiance
# name 11 = timeS: Time, Elapsed [seconds]
# name 12 = timeJ: Julian Days
# name 13 = sbeox0ML/L: Oxygen, SBE 43 [ml/l], WS = 2
# name 14 = sal00: Salinity, Practical [PSU]
# name 15 = sal11: Salinity, Practical, 2 [PSU]
# name 16 = sigma-t00: Density [sigma-t, Kg/m^3 ]
# name 17 = svCM: Sound Velocity [Chen-Millero, m/s]
# name 18 = avgsvCM: Average Sound Velocity [Chen-Millero, m/s], minP = 1, minS = 5
# name 19 = flag: flag
# span 0 =        -19,       8174       
# span 1 =      2.000,    361.000       
# span 2 =     7.6806,    13.2195       
# span 3 =     7.6803,    13.2221       
# span 4 =   3.149306,   3.879268       
# span 5 =   3.150560,   3.881161       
# span 6 =     1.8601,     2.2787       
# span 7 =       0.08,     102.02       
# span 8 =     0.0147,     0.2311       
# span 9 = 5.1211e-02, 3.5219e+01       
# span 10 = 2.7565e+02, 4.5290e+02      
# span 11 =     -0.826,    340.559      
# span 12 = 290.477155, 290.481106      
# span 13 =    4.64781,    5.88714      
# span 14 =    26.8891,    35.0625      
# span 15 =    26.9042,    35.0825      
# span 16 =    20.3113,    27.3708      
# span 17 =    1484.32,    1498.57      
# span 18 =    1486.94,    1495.08      
# span 19 = 0.0000e+00, 0.0000e+00      
# interval = decibars: 1                
# start_time = Oct 17 2018 11:27:07 [System UTC, header]
# bad_flag = -9.990e-29
*END*
[from data line 145]
       3602    147.000     7.9152     7.9147   3.604030   3.605917     1.8841      98.92     0.0270 5.1266e-02 3.9265e+02    150.046 290.478901    4.88286    34.8304    34.8512    27.1537    1484.35    1491.38 0.0000e+00
       3623    148.000     7.9121     7.9114   3.604008   3.605881     1.8867      97.11     0.0283 5.1273e-02 3.9264e+02    150.924 290.478911    4.89110    34.8328    34.8537    27.1560    1484.36    1491.34 0.0000e+00
       3644    149.000     7.8926     7.8917   3.603410   3.605271     1.8897      51.16     0.0270 5.1273e-02 3.9387e+02    151.810 290.478921    4.92105    34.8453    34.8663    27.1687    1484.32    1491.29 0.0000e+00
       3665    150.000     7.8877     7.8871   3.603324   3.605189     1.8949      98.80     0.0275 5.1273e-02 3.8953e+02    152.687 290.478932    4.93256    34.8488    34.8695    27.1722    1484.32    1491.24 0.0000e+00
       3687    151.000     7.8854     7.8848   3.603286   3.605153     1.8971      98.81     0.0267 5.1273e-02 3.9450e+02    153.573 290.478942    4.93358    34.8502    34.8709    27.1736    1484.33    1491.20 0.0000e+00
       3708    152.000     7.8781     7.8774   3.603111   3.604966     1.9004      98.81     0.0291 5.1273e-02 3.9459e+02    154.453 290.478952    4.95053    34.8551    34.8758    27.1786    1484.33    1491.15 0.0000e+00
       3729    153.000     7.8718     7.8710   3.602977   3.604854     1.9034      98.81     0.0289 5.1273e-02 3.9490e+02    155.335 290.478962    4.96417    34.8595    34.8805    27.1829    1484.32    1491.11 0.0000e+00
       3750    154.000     7.8682     7.8674   3.602896   3.604749     1.9071      98.82     0.0298 5.1259e-02 3.9642e+02    156.216 290.478972    4.97528    34.8617    34.8824    27.1852    1484.33    1491.06 0.0000e+00
       3771    155.000     7.8645     7.8638   3.602797   3.604660     1.9094      98.82     0.0283 5.1252e-02 3.9653e+02    157.090 290.478983    4.98033    34.8638    34.8846    27.1874    1484.33    1491.02 0.0000e+00
       3792    156.000     7.8593     7.8587   3.602840   3.604713     1.9123      98.82     0.0265 5.1273e-02 3.9653e+02    157.970 290.478993    4.99214    34.8690    34.8898    27.1923    1484.34    1490.97 0.0000e+00
       3814    157.000     7.8585     7.8579   3.602915   3.604788     1.9147      98.81     0.0285 5.1273e-02 3.9656e+02    158.855 290.479003    4.99904    34.8701    34.8909    27.1933    1484.35    1490.93 0.0000e+00
       3835    158.000     7.8542     7.8536   3.602746   3.604610     1.9171      98.81     0.0299 5.1273e-02 3.9834e+02    159.742 290.479013    5.00406    34.8721    34.8928    27.1955    1484.35    1490.89 0.0000e+00
       3856    159.000     7.8516     7.8510   3.602742   3.604618     1.9186      98.80     0.0310 5.1259e-02 3.9848e+02    160.637 290.479024    5.00256    34.8742    34.8950    27.1975    1484.36    1490.85 0.0000e+00
       3878    160.000     7.8476     7.8469   3.602876   3.604748     1.9194      98.77     0.0325 5.1273e-02 3.9848e+02    161.524 290.479034    4.99922    34.8791    34.9000    27.2020    1484.37    1490.81 0.0000e+00
       3898    161.000     7.8430     7.8424   3.603093   3.604960     1.9195      98.74     0.0328 5.1266e-02 3.9848e+02    162.391 290.479044    5.00525    34.8856    34.9063    27.2077    1484.38    1490.77 0.0000e+00
       3919    162.000     7.8387     7.8378   3.603300   3.605166     1.9212      98.72     0.0301 5.1266e-02 3.9912e+02    163.259 290.479054    5.02469    34.8916    34.9126    27.2131    1484.39    1490.73 0.0000e+00
       3940    163.000     7.8359     7.8353   3.603317   3.605194     1.9237      98.70     0.0282 5.1273e-02 3.9477e+02    164.130 290.479064    5.04234    34.8941    34.9149    27.2155    1484.39    1490.69 0.0000e+00
       3961    164.000     7.8349     7.8343   3.603349   3.605224     1.9270      98.62     0.0246 5.1273e-02 4.0040e+02    165.017 290.479074    5.05452    34.8950    34.9158    27.2163    1484.41    1490.65 0.0000e+00
       3983    165.000     7.8337     7.8331   3.603371   3.605243     1.9295      98.35     0.0233 5.1273e-02 4.0042e+02    165.914 290.479085    5.05749    34.8959    34.9167    27.2172    1484.42    1490.61 0.0000e+00
       4004    166.000     7.8334     7.8328   3.603469   3.605328     1.9314      93.47     0.0262 5.1266e-02 4.0090e+02    166.798 290.479095    5.05964    34.8968    34.9174    27.2179    1484.44    1490.58 0.0000e+00
       4025    167.000     7.8336     7.8330   3.603733   3.605605     1.9330      97.96     0.0280 5.1259e-02 -9.990e-29    167.680 290.479105    5.06249    34.8989    34.9197    27.2196    1484.46    1490.54 0.0000e+00
       4046    168.000     7.8335     7.8329   3.604085   3.605975     1.9342      98.80     0.0272 5.1266e-02 -9.990e-29    168.561 290.479115    5.06730    34.9023    34.9233    27.2223    1484.48    1490.50 0.0000e+00
       4068    169.000     7.8332     7.8326   3.604587   3.606469     1.9356      98.81     0.0282 5.1266e-02 -9.990e-29    169.440 290.479126    5.06614    34.9076    34.9285    27.2265    1484.50    1490.47 0.0000e+00
       4089    170.000     7.8318     7.8312   3.605096   3.606954     1.9354      98.80     0.0299 5.1273e-02 -9.990e-29    170.325 290.479136    5.05786    34.9140    34.9346    27.2317    1484.52    1490.43 0.0000e+00
       4110    171.000     7.8313     7.8308   3.605407   3.607276     1.9354      98.80     0.0301 5.1266e-02 4.0424e+02    171.205 290.479146    5.06460    34.9173    34.9380    27.2344    1484.54    1490.40 0.0000e+00
       4131    172.000     7.8324     7.8320   3.606017   3.607911     1.9363      98.81     0.0266 5.1273e-02 4.0431e+02    172.085 290.479156    5.06433    34.9223    34.9431    27.2382    1484.56    1490.36 0.0000e+00
       4152    173.000     7.8327     7.8321   3.606526   3.608403     1.9355      98.81     0.0260 5.1273e-02 4.0083e+02    172.976 290.479166    5.05162    34.9270    34.9479    27.2418    1484.59    1490.33 0.0000e+00
       4173    174.000     7.8328     7.8322   3.606685   3.608537     1.9344      98.81     0.0265 5.1280e-02 4.0422e+02    173.852 290.479177    5.05077    34.9281    34.9487    27.2427    1484.61    1490.30 0.0000e+00
       4195    175.000     7.8322     7.8316   3.606675   3.608539     1.9342      98.80     0.0265 5.1273e-02 4.0549e+02    174.734 290.479187    5.06652    34.9281    34.9488    27.2428    1484.62    1490.26 0.0000e+00
       4216    176.000     7.8301     7.8294   3.606660   3.608529     1.9361      98.80     0.0239 5.1273e-02 4.0624e+02    175.616 290.479197    5.08704    34.9296    34.9505    27.2442    1484.63    1490.23 0.0000e+00
       4237    177.000     7.8308     7.8303   3.607276   3.609140     1.9384      98.81     0.0224 5.1259e-02 4.0625e+02    176.490 290.479207    5.09335    34.9351    34.9557    27.2484    1484.66    1490.20 0.0000e+00
       4258    178.000     7.8318     7.8312   3.607596   3.609455     1.9399      98.81     0.0242 5.1273e-02 4.0643e+02    177.372 290.479217    5.09178    34.9370    34.9577    27.2498    1484.68    1490.17 0.0000e+00
       4279    179.000     7.8373     7.8367   3.608629   3.610497     1.9408      98.81     0.0258 5.1273e-02 4.0821e+02    178.259 290.479228    5.09713    34.9422    34.9629    27.2530    1484.72    1490.14 0.0000e+00
       4300    180.000     7.8364     7.8357   3.608822   3.610657     1.9426      98.81     0.0258 5.1266e-02 4.0819e+02    179.137 290.479238    5.10007    34.9447    34.9651    27.2551    1484.74    1490.11 0.0000e+00
       4322    181.000     7.8361     7.8353   3.608865   3.610689     1.9430      98.81     0.0221 5.1273e-02 4.0828e+02    180.022 290.479248    5.09885    34.9449    34.9654    27.2554    1484.75    1490.08 0.0000e+00
       4343    182.000     7.8412     7.8406   3.609581   3.611452     1.9438      98.81     0.0233 5.1266e-02 4.0956e+02    180.902 290.479258    5.09633    34.9471    34.9678    27.2563    1484.79    1490.05 0.0000e+00
       4364    183.000     7.8617     7.8613   3.612271   3.614179     1.9432      98.81     0.0225 5.1273e-02 4.1014e+02    181.785 290.479268    5.08441    34.9551    34.9760    27.2596    1484.90    1490.02 0.0000e+00
       4385    184.000     7.8608     7.8598   3.612529   3.614348     1.9427      98.81     0.0225 5.1259e-02 4.0531e+02    182.665 290.479279    5.08933    34.9583    34.9789    27.2622    1484.91    1489.99 0.0000e+00
       4406    185.000     7.8488     7.8481   3.611991   3.613856     1.9432      98.81     0.0210 5.1266e-02 4.1077e+02    183.543 290.479289    5.10046    34.9640    34.9848    27.2685    1484.89    1489.97 0.0000e+00
       4427    186.000     7.8484     7.8477   3.612163   3.614032     1.9438      42.39     0.0219 5.1280e-02 4.1207e+02    184.434 290.479299    5.09999    34.9657    34.9866    27.2699    1484.91    1489.94 0.0000e+00
       4449    187.000     7.8461     7.8455   3.612297   3.614152     1.9442      85.95     0.0239 5.1273e-02 4.1208e+02    185.322 290.479309    5.10129    34.9690    34.9896    27.2728    1484.92    1489.91 0.0000e+00
       4470    188.000     7.8458     7.8453   3.612527   3.614379     1.9445      98.43     0.0233 5.1273e-02 4.1275e+02    186.198 290.479319    5.10579    34.9713    34.9918    27.2747    1484.94    1489.89 0.0000e+00
       4491    189.000     7.8467     7.8461   3.612937   3.614796     1.9452      98.64     0.0251 5.1266e-02 4.1400e+02    187.080 290.479330    5.10983    34.9743    34.9950    27.2769    1484.96    1489.86 0.0000e+00
       4512    190.000     7.8445     7.8440   3.613044   3.614902     1.9460      98.78     0.0244 5.1273e-02 4.1403e+02    187.957 290.479340    5.11232    34.9772    34.9977    27.2795    1484.97    1489.83 0.0000e+00
       4533    191.000     7.8393     7.8388   3.613151   3.615000     1.9462      98.80     0.0271 5.1273e-02 4.1413e+02    188.832 290.479350    5.11048    34.9831    35.0035    27.2849    1484.98    1489.81 0.0000e+00
       4554    192.000     7.8386     7.8381   3.613304   3.615145     1.9464      98.80     0.0233 5.1259e-02 4.1597e+02    189.711 290.479360    5.11849    34.9849    35.0053    27.2865    1484.99    1489.78 0.0000e+00
       4575    193.000     7.8386     7.8381   3.613369   3.615204     1.9479      98.80     0.0204 5.1266e-02 4.1597e+02    190.592 290.479370    5.12979    34.9851    35.0054    27.2866    1485.01    1489.76 0.0000e+00
       4597    194.000     7.8385     7.8380   3.613442   3.615279     1.9492      98.80     0.0227 5.1266e-02 4.1694e+02    191.483 290.479381    5.14037    34.9855    35.0058    27.2870    1485.03    1489.73 0.0000e+00
       4618    195.000     7.8370     7.8363   3.613614   3.615457     1.9518      98.66     0.0196 5.1273e-02 4.1671e+02    192.382 290.479391    5.15037    34.9884    35.0090    27.2894    1485.04    1489.71 0.0000e+00
       4640    196.000     7.8342     7.8337   3.613825   3.615689     1.9528      98.38     0.0222 5.1273e-02 4.1440e+02    193.274 290.479401    5.14438    34.9930    35.0136    27.2935    1485.05    1489.69 0.0000e+00
       4661    197.000     7.8317     7.8313   3.613934   3.615783     1.9536      98.80     0.0262 5.1273e-02 4.1923e+02    194.170 290.479412    5.15097    34.9962    35.0165    27.2963    1485.07    1489.66 0.0000e+00
       4682    198.000     7.8289     7.8283   3.613974   3.615834     1.9553      98.81     0.0271 5.1266e-02 4.1986e+02    195.046 290.479422    5.16180    34.9989    35.0196    27.2989    1485.07    1489.64 0.0000e+00
       4703    199.000     7.8254     7.8249   3.614090   3.615932     1.9566      98.81     0.0212 5.1273e-02 4.1986e+02    195.917 290.479432    5.16617    35.0032    35.0236    27.3028    1485.08    1489.62 0.0000e+00
       4725    200.000     7.8249     7.8244   3.614268   3.616102     1.9581      98.80     0.0188 5.1273e-02 4.2004e+02    196.817 290.479442    5.17791    35.0051    35.0254    27.3044    1485.10    1489.59 0.0000e+00
       4746    201.000     7.8250     7.8247   3.614480   3.616366     1.9605      98.80     0.0195 5.1266e-02 4.2180e+02    197.713 290.479453    5.18901    35.0068    35.0275    27.3057    1485.12    1489.57 0.0000e+00
       4768    202.000     7.8249     7.8244   3.614713   3.616543     1.9626      98.80     0.0204 5.1273e-02 4.2180e+02    198.618 290.479463    5.19765    35.0090    35.0292    27.3074    1485.14    1489.55 0.0000e+00
       4790    203.000     7.8242     7.8237   3.614754   3.616597     1.9650      98.80     0.0184 5.1273e-02 4.2269e+02    199.529 290.479474    5.20814    35.0096    35.0300    27.3080    1485.15    1489.53 0.0000e+00
       4811    204.000     7.8243     7.8237   3.615053   3.616882     1.9672      98.80     0.0190 5.1266e-02 4.2374e+02    200.414 290.479484    5.21378    35.0123    35.0326    27.3101    1485.17    1489.51 0.0000e+00
       4833    205.000     7.8248     7.8244   3.615318   3.617166     1.9691      98.80     0.0182 5.1273e-02 4.2384e+02    201.322 290.479494    5.21898    35.0141    35.0345    27.3115    1485.19    1489.49 0.0000e+00
       4855    206.000     7.8201     7.8182   3.615016   3.616726     1.9710      97.42     0.0224 5.1280e-02 4.2516e+02    202.235 290.479505    5.22488    35.0151    35.0355    27.3129    1485.19    1489.46 0.0000e+00
       4876    207.000     7.8164     7.8155   3.614746   3.616549     1.9724      97.97     0.0247 5.1273e-02 4.2123e+02    203.128 290.479515    5.22573    35.0154    35.0358    27.3137    1485.20    1489.44 0.0000e+00
       4898    208.000     7.8152     7.8146   3.614707   3.616527     1.9732      98.80     0.0273 5.1266e-02 4.2687e+02    204.039 290.479526    5.22291    35.0157    35.0359    27.3141    1485.21    1489.42 0.0000e+00
       4919    209.000     7.8137     7.8125   3.614669   3.616453     1.9733      98.80     0.0263 5.1273e-02 4.2764e+02    204.924 290.479536    5.22071    35.0163    35.0368    27.3148    1485.22    1489.40 0.0000e+00
       4941    210.000     7.8057     7.8052   3.614224   3.616044     1.9735      98.80     0.0238 5.1273e-02 4.2826e+02    205.824 290.479547    5.22747    35.0190    35.0392    27.3182    1485.21    1489.38 0.0000e+00
       4963    211.000     7.7991     7.7981   3.613829   3.615608     1.9744      98.80     0.0218 5.1266e-02 4.2959e+02    206.733 290.479557    5.23689    35.0209    35.0411    27.3206    1485.20    1489.36 0.0000e+00
       4984    212.000     7.7942     7.7936   3.613482   3.615309     1.9754      98.80     0.0212 5.1266e-02 4.2959e+02    207.636 290.479568    5.23617    35.0216    35.0419    27.3219    1485.20    1489.34 0.0000e+00
       5006    213.000     7.7822     7.7812   3.612757   3.614543     1.9753      98.80     0.0218 5.1266e-02 4.3124e+02    208.556 290.479578    5.23242    35.0253    35.0456    27.3266    1485.18    1489.32 0.0000e+00
       5028    214.000     7.7764     7.7758   3.612505   3.614324     1.9755      98.80     0.0209 5.1273e-02 4.3152e+02    209.457 290.479589    5.24272    35.0279    35.0482    27.3295    1485.17    1489.30 0.0000e+00
       5050    215.000     7.7677     7.7669   3.611937   3.613737     1.9766      98.80     0.0209 5.1273e-02 4.3205e+02    210.363 290.479599    5.25145    35.0300    35.0503    27.3324    1485.16    1489.29 0.0000e+00
       5072    216.000     7.7582     7.7573   3.611359   3.613153     1.9777      98.80     0.0220 5.1267e-02 4.3346e+02    211.291 290.479610    5.25791    35.0328    35.0531    27.3360    1485.14    1489.27 0.0000e+00
       5094    217.000     7.7512     7.7506   3.610964   3.612774     1.9788      98.80     0.0209 5.1273e-02 4.3347e+02    212.207 290.479620    5.26796    35.0351    35.0553    27.3389    1485.14    1489.25 0.0000e+00
       5117    218.000     7.7431     7.7424   3.610484   3.612285     1.9810      98.80     0.0219 5.1280e-02 4.3496e+02    213.151 290.479631    5.28095    35.0376    35.0577    27.3420    1485.13    1489.23 0.0000e+00
