testdata/CTD/sta0416.cnv
* Sea-Bird SBE 9 Data File:
* FileName = C:\Seabird\CTDData\sta0416.hex
* Software Version Seasave V 7.21f
* Temperature SN = 4557
* Conductivity SN = 1337
* Number of Bytes Per Scan = 40
* Number of Voltage Words = 5
* Number of Scans Averaged by the Deck Unit = 1
* NMEA Latitude = 61 31.29 N
* NMEA Longitude = 005 06.34 E
* NMEA UTC (Time) = Oct 17 2018 00:20:55
* NMEA baud rate = 4800
** Ship: 10 F/F "G. O. Sars"
** Station: 0416
** Echodepth: 269
** Log: 5562.788
** Wind-Dir Force: 18 16
** Air-temp (dry): 11.7
** Weather Sky: 0 0
** Sea Ice: 0 0
# nquan = 20                                
# nvalues = 259                         
# units = specified
# name 0 = scan: Scan Count
# name 1 = prDM: Pressure, Digiquartz [db]
# name 2 = t068C: Temperature [ITS-68, deg C]
# name 3 = t168C: Temperature, 2 [ITS-68, deg C]
# name 4 = c0S/m: Conductivity [S/m]
# name 5 = c1S/m: Conductivity, 2 [S/m]
# name 6 = sbeox0V: Oxygen raw, SBE 43 [V]
# name 7 = altM: Altimeter [m]
# name 8 = flC: Fluorescence, Chelsea Aqua 3 Chl Con [ug/l]
# name 9 = par: PAR/Irradiance, Biospherical/Licor
# name 10 = spar: SPAR/Surface Irradiance
# name 11 = timeS: Time, Elapsed [seconds]
# name 12 = timeJ: Julian Days
# name 13 = sbeox0ML/L: Oxygen, SBE 43 [ml/l], WS = 2
# name 14 = sal00: Salinity, Practical [PSU]
# name 15 = sal11: Salinity, Practical, 2 [PSU]
# name 16 = sigma-t00: Density [sigma-t, Kg/m^3 ]
# name 17 = svCM: Sound Velocity [Chen-Millero, m/s]
# name 18 = avgsvCM: Average Sound Velocity [Chen-Millero, m/s], minP = 1, minS = 5
# name 19 = flag: flag
# span 0 =        630,       6171       
# span 1 =      2.000,    260.000       
# span 2 =     7.7071,    12.8327       
# span 3 =     7.7068,    12.8320       
# span 4 =   3.132968,   3.879690       
# span 5 =   3.134610,   3.881649       
# span 6 =     1.9396,     2.2937       
# span 7 =      15.41,      99.13       
# span 8 =     0.0193,     0.2504       
# span 9 = 5.1218e-02, 1.5180e+00       
# span 10 = 9.9036e-01, 1.9536e+00      
# span 11 =     26.221,    257.088      
# span 12 = 290.014852, 290.017524      
# span 13 =    4.90517,    5.92324      
# span 14 =    26.8277,    35.0201      
# span 15 =    26.8435,    35.0403      
# span 16 =    20.2860,    27.3336      
# span 17 =    1484.29,    1497.98      
# span 18 =    1486.41,    1494.82      
# span 19 = 0.0000e+00, 0.0000e+00      
# interval = decibars: 1                
# start_time = Oct 17 2018 00:20:57 [System UTC, header]
# bad_flag = -9.990e-29
*END*
[from data line 73]
       2220     75.000    11.5836    11.5821   3.837956   3.839605     2.0621      74.47     0.0324 5.1247e-02 -9.990e-29     92.447 290.015619    5.00599    33.7704    33.7879    25.7124    1495.15    1494.81 0.0000e+00
       2241     76.000    11.5393    11.5384   3.835138   3.836809     2.0613      98.60     0.0338 5.1273e-02 -9.990e-29     93.330 290.015629    5.02357    33.7827    33.7999    25.7301    1495.03    1494.82 0.0000e+00
       2262     77.000    11.4167    11.4153   3.828206   3.829766     2.0603      98.45     0.0314 5.1273e-02 -9.990e-29     94.216 290.015639    5.02475    33.8261    33.8428    25.7864    1494.67    1494.82 0.0000e+00
       2284     78.000    11.3182    11.3174   3.822484   3.824137     2.0571      78.20     0.0310 5.1240e-02 -9.990e-29     95.120 290.015650    5.01886    33.8595    33.8766    25.8304    1494.39    1494.81 0.0000e+00
       2306     79.000    11.2361    11.2349   3.817144   3.818782     2.0547      96.22     0.0323 5.1267e-02 1.9438e+00     96.023 290.015660    5.02355    33.8817    33.8990    25.8626    1494.14    1494.80 0.0000e+00
       2327     80.000    11.1806    11.1795   3.813962   3.815608     2.0526      98.78     0.0312 5.1273e-02 1.9438e+00     96.928 290.015670    5.03201    33.9008    33.9182    25.8876    1493.99    1494.79 0.0000e+00
       2349     81.000    11.0932    11.0921   3.807899   3.809456     2.0520      88.91     0.0342 5.1259e-02 1.9438e+00     97.820 290.015681    5.03901    33.9208    33.9373    25.9189    1493.72    1494.78 0.0000e+00
       2370     82.000    10.9963    10.9952   3.801395   3.803048     2.0502      86.02     0.0335 5.1234e-02 1.9438e+00     98.718 290.015691    5.03729    33.9452    33.9627    25.9553    1493.43    1494.76 0.0000e+00
       2392     83.000    10.9554    10.9541   3.798871   3.800529     2.0477      98.45     0.0367 5.1266e-02 1.9438e+00     99.623 290.015702    5.03093    33.9575    33.9752    25.9722    1493.32    1494.74 0.0000e+00
       2413     84.000    10.7861    10.7853   3.787480   3.788930     2.0453      98.14     0.0352 5.1273e-02 -9.990e-29    100.515 290.015712    5.02834    34.0004    34.0156    26.0357    1492.79    1494.72 0.0000e+00
       2435     85.000    10.6008    10.5996   3.774733   3.776249     2.0393      76.47     0.0335 5.1246e-02 -9.990e-29    101.413 290.015722    5.01781    34.0446    34.0610    26.1028    1492.20    1494.69 0.0000e+00
       2456     86.000    10.3296    10.3265   3.755891   3.757081     2.0342      98.68     0.0303 5.1273e-02 -9.990e-29    102.309 290.015733    5.02327    34.1081    34.1230    26.1995    1491.33    1494.65 0.0000e+00
       2478     87.000    10.0428    10.0410   3.737176   3.738593     2.0269      98.79     0.0290 5.1246e-02 -9.990e-29    103.200 290.015743    5.00803    34.1878    34.2039    26.3108    1490.42    1494.60 0.0000e+00
       2499     88.000     9.9479     9.9459   3.730435   3.731899     2.0163      85.08     0.0311 5.1218e-02 1.9438e+00    104.086 290.015753    4.97161    34.2084    34.2252    26.3430    1490.12    1494.55 0.0000e+00
       2520     89.000     9.8595     9.8576   3.724517   3.725996     2.0074      95.74     0.0328 5.1246e-02 1.9438e+00    104.971 290.015764    4.96894    34.2312    34.2482    26.3758    1489.84    1494.50 0.0000e+00
       2541     90.000     9.7917     9.7908   3.720303   3.721892     1.9999      98.61     0.0320 5.1273e-02 1.9438e+00    105.849 290.015774    4.95108    34.2520    34.2692    26.4034    1489.64    1494.45 0.0000e+00
       2562     91.000     9.7351     9.7343   3.716393   3.717989     1.9915      94.95     0.0311 5.1252e-02 1.9438e+00    106.725 290.015784    4.92828    34.2653    34.2825    26.4232    1489.47    1494.39 0.0000e+00
       2583     92.000     9.6980     9.6964   3.714106   3.715694     1.9843      85.96     0.0337 5.1247e-02 1.9438e+00    107.601 290.015794    4.92861    34.2767    34.2945    26.4383    1489.37    1494.34 0.0000e+00
       2605     93.000     9.6546     9.6550   3.712051   3.713920     1.9798      98.43     0.0331 5.1266e-02 1.9438e+00    108.490 290.015804    4.92593    34.2965    34.3153    26.4610    1489.25    1494.28 0.0000e+00
       2626     94.000     9.5391     9.5385   3.705622   3.707194     1.9748      98.48     0.0367 5.1259e-02 1.9438e+00    109.380 290.015815    4.92362    34.3402    34.3570    26.5143    1488.90    1494.22 0.0000e+00
       2647     95.000     9.2146     9.2127   3.682380   3.683748     1.9704      83.31     0.0354 5.1245e-02 1.9438e+00    110.262 290.015825    4.94692    34.4106    34.4267    26.6224    1487.82    1494.16 0.0000e+00
       2668     96.000     9.1379     9.1372   3.678822   3.680503     1.9666      98.50     0.0371 5.1266e-02 1.9438e+00    111.144 290.015835    4.93897    34.4471    34.4653    26.6634    1487.60    1494.09 0.0000e+00
       2690     97.000     9.0510     9.0498   3.674467   3.676061     1.9617      98.60     0.0396 5.1273e-02 1.9438e+00    112.023 290.015845    4.92779    34.4853    34.5031    26.7072    1487.34    1494.02 0.0000e+00
       2710     98.000     9.0344     9.0334   3.673576   3.675253     1.9564      88.24     0.0374 5.1253e-02 1.9438e+00    112.893 290.015855    4.90517    34.4916    34.5101    26.7148    1487.30    1493.95 0.0000e+00
       2732     99.000     9.0068     9.0055   3.671915   3.673500     1.9512      89.57     0.0374 5.1246e-02 -9.990e-29    113.776 290.015866    4.91415    34.5005    34.5183    26.7262    1487.23    1493.88 0.0000e+00
       2753    100.000     8.9273     8.9259   3.666537   3.668146     1.9499      98.55     0.0320 5.1273e-02 -9.990e-29    114.646 290.015876    4.94236    34.5209    34.5391    26.7549    1486.98    1493.81 0.0000e+00
       2774    101.000     8.8703     8.8696   3.663147   3.664850     1.9503      98.61     0.0307 5.1273e-02 -9.990e-29    115.523 290.015886    4.95123    34.5403    34.5588    26.7791    1486.81    1493.74 0.0000e+00
       2795    102.000     8.8573     8.8566   3.662624   3.664378     1.9490      80.21     0.0348 5.1225e-02 1.9438e+00    116.418 290.015896    4.94886    34.5470    34.5661    26.7864    1486.79    1493.67 0.0000e+00
       2816    103.000     8.8531     8.8527   3.662509   3.664287     1.9494      98.54     0.0359 5.1266e-02 1.9438e+00    117.310 290.015906    4.95096    34.5494    34.5684    26.7890    1486.79    1493.61 0.0000e+00
       2838    104.000     8.8481     8.8476   3.662376   3.664157     1.9487      98.79     0.0363 5.1273e-02 1.9438e+00    118.195 290.015917    4.94999    34.5524    34.5716    26.7921    1486.79    1493.54 0.0000e+00
       2859    105.000     8.7711     8.7684   3.657504   3.659064     1.9484      84.66     0.0370 5.1232e-02 1.9438e+00    119.075 290.015927    4.95628    34.5757    34.5948    26.8226    1486.55    1493.47 0.0000e+00
       2880    106.000     8.6264     8.6258   3.648172   3.649807     1.9480      95.18     0.0352 5.1239e-02 1.9438e+00    119.944 290.015937    4.96456    34.6183    34.6362    26.8786    1486.08    1493.40 0.0000e+00
       2901    107.000     8.5717     8.5687   3.644523   3.646138     1.9455      98.78     0.0338 5.1252e-02 1.9438e+00    120.825 290.015947    4.94809    34.6328    34.6529    26.8986    1485.91    1493.33 0.0000e+00
       2922    108.000     8.5635     8.5609   3.644023   3.645675     1.9428      98.80     0.0335 5.1266e-02 -9.990e-29    121.703 290.015957    4.94951    34.6351    34.6551    26.9016    1485.90    1493.26 0.0000e+00
       2943    109.000     8.5487     8.5471   3.642980   3.644700     1.9418      98.60     0.0319 5.1266e-02 -9.990e-29    122.588 290.015967    4.95756    34.6381    34.6579    26.9063    1485.87    1493.20 0.0000e+00
       2964    110.000     8.5392     8.5381   3.642484   3.644245     1.9413      98.80     0.0319 5.1273e-02 -9.990e-29    123.475 290.015978    4.95881    34.6417    34.6614    26.9106    1485.85    1493.13 0.0000e+00
       2985    111.000     8.5254     8.5242   3.641562   3.643283     1.9404      81.62     0.0313 5.1223e-02 -9.990e-29    124.353 290.015988    4.96399    34.6450    34.6644    26.9153    1485.82    1493.06 0.0000e+00
       3007    112.000     8.4369     8.4349   3.636229   3.637812     1.9413      98.88     0.0304 5.1267e-02 1.9438e+00    125.236 290.015998    4.98080    34.6749    34.6937    26.9525    1485.55    1492.99 0.0000e+00
       3028    113.000     8.4186     8.4180   3.635172   3.637015     1.9412      98.72     0.0326 5.1273e-02 1.9438e+00    126.124 290.016008    4.97379    34.6813    34.7014    26.9602    1485.50    1492.93 0.0000e+00
       3049    114.000     8.4185     8.4185   3.635260   3.636951     1.9400      98.76     0.0345 5.1266e-02 1.9438e+00    127.007 290.016019    4.96896    34.6818    34.6998    26.9607    1485.52    1492.86 0.0000e+00
       3070    115.000     8.4205     8.4200   3.635622   3.637484     1.9396      91.39     0.0320 5.1238e-02 1.9438e+00    127.887 290.016029    4.97521    34.6832    34.7035    26.9615    1485.54    1492.80 0.0000e+00
       3091    116.000     8.4184     8.4175   3.635777   3.637655     1.9405      90.51     0.0332 5.1260e-02 1.9438e+00    128.762 290.016039    4.99526    34.6864    34.7073    26.9643    1485.56    1492.74 0.0000e+00
       3112    117.000     8.3825     8.3804   3.634001   3.635700     1.9428      95.24     0.0362 5.1266e-02 -9.990e-29    129.632 290.016049    5.00808    34.7024    34.7226    26.9824    1485.46    1492.67 0.0000e+00
       3134    118.000     8.3404     8.3391   3.631022   3.632819     1.9439      98.83     0.0342 5.1260e-02 -9.990e-29    130.522 290.016059    5.00546    34.7118    34.7322    26.9962    1485.33    1492.61 0.0000e+00
       3155    119.000     8.2996     8.2998   3.628051   3.629910     1.9440      88.36     0.0338 5.1218e-02 -9.990e-29    131.412 290.016070    5.01391    34.7199    34.7395    27.0089    1485.20    1492.55 0.0000e+00
       3176    120.000     8.2420     8.2385   3.624124   3.625761     1.9455      95.02     0.0333 5.1273e-02 -9.990e-29    132.294 290.016080    5.03325    34.7345    34.7554    27.0291    1485.02    1492.49 0.0000e+00
       3198    121.000     8.2115     8.2105   3.622067   3.623871     1.9470      97.94     0.0336 5.1253e-02 -9.990e-29    133.189 290.016090    5.03922    34.7422    34.7625    27.0398    1484.93    1492.42 0.0000e+00
       3219    122.000     8.2067     8.2062   3.622645   3.624534     1.9477      88.46     0.0297 5.1246e-02 -9.990e-29    134.070 290.016100    5.03192    34.7526    34.7733    27.0487    1484.94    1492.36 0.0000e+00
       3240    123.000     8.2130     8.2123   3.624010   3.625914     1.9473      91.97     0.0315 5.1279e-02 -9.990e-29    134.944 290.016111    5.02268    34.7605    34.7815    27.0539    1484.99    1492.30 0.0000e+00
       3261    124.000     8.2147     8.2134   3.624924   3.626758     1.9462      95.61     0.0318 5.1253e-02 -9.990e-29    135.821 290.016121    5.02192    34.7681    34.7890    27.0596    1485.03    1492.24 0.0000e+00
       3282    125.000     8.1931     8.1919   3.623671   3.625481     1.9466      90.60     0.0288 5.1259e-02 -9.990e-29    136.698 290.016131    5.04540    34.7756    34.7961    27.0688    1484.97    1492.18 0.0000e+00
       3303    126.000     8.1675     8.1663   3.621728   3.623516     1.9496      97.62     0.0268 5.1273e-02 1.9438e+00    137.592 290.016141    5.08223    34.7797    34.8000    27.0759    1484.90    1492.13 0.0000e+00
       3325    127.000     8.1462     8.1455   3.620200   3.622055     1.9543      82.64     0.0278 5.1234e-02 1.9438e+00    138.483 290.016151    5.11609    34.7840    34.8046    27.0825    1484.84    1492.07 0.0000e+00
       3346    128.000     8.1372     8.1369   3.619576   3.621457     1.9603      98.41     0.0327 5.1272e-02 1.9438e+00    139.359 290.016162    5.13121    34.7858    34.8062    27.0853    1484.82    1492.01 0.0000e+00
       3367    129.000     8.0977     8.0996   3.616898   3.618934     1.9633      89.49     0.0321 5.1239e-02 1.9438e+00    140.241 290.016172    5.12507    34.7958    34.8157    27.0991    1484.70    1491.95 0.0000e+00
       3388    130.000     8.0400     8.0359   3.612720   3.614211     1.9651      96.35     0.0309 5.1273e-02 1.9438e+00    141.116 290.016182    5.12621    34.8079    34.8279    27.1172    1484.52    1491.90 0.0000e+00
       3409    131.000     8.0312     8.0291   3.612020   3.613726     1.9651      94.07     0.0307 5.1253e-02 1.9438e+00    141.993 290.016192    5.11396    34.8086    34.8290    27.1192    1484.50    1491.84 0.0000e+00
       3430    132.000     7.9974     7.9903   3.608992   3.610222     1.9645      94.80     0.0304 5.1246e-02 -9.990e-29    142.866 290.016202    5.11689    34.8092    34.8295    27.1247    1484.39    1491.78 0.0000e+00
       3451    133.000     7.9703     7.9700   3.607050   3.608901     1.9642      89.13     0.0280 5.1246e-02 -9.990e-29    143.746 290.016212    5.11734    34.8149    34.8350    27.1332    1484.31    1491.73 0.0000e+00
       3472    134.000     7.9598     7.9593   3.606424   3.608281     1.9629      97.60     0.0275 5.1253e-02 -9.990e-29    144.643 290.016223    5.09845    34.8181    34.8385    27.1373    1484.29    1491.67 0.0000e+00
       3494    135.000     7.9529     7.9518   3.606035   3.607864     1.9594      89.14     0.0320 5.1252e-02 1.9438e+00    145.537 290.016233    5.06712    34.8203    34.8410    27.1401    1484.29    1491.62 0.0000e+00
       3515    136.000     7.9502     7.9495   3.605905   3.607772     1.9541      81.71     0.0328 5.1232e-02 1.9438e+00    146.413 290.016243    5.05016    34.8211    34.8419    27.1411    1484.29    1491.56 0.0000e+00
       3536    137.000     7.9496     7.9490   3.605920   3.607794     1.9512      98.69     0.0301 5.1273e-02 1.9438e+00    147.291 290.016253    5.05775    34.8214    34.8421    27.1414    1484.31    1491.51 0.0000e+00
       3557    138.000     7.9492     7.9491   3.605959   3.607863     1.9490      94.14     0.0334 5.1259e-02 1.9438e+00    148.168 290.016264    5.05969    34.8217    34.8423    27.1417    1484.32    1491.46 0.0000e+00
       3578    139.000     7.9490     7.9484   3.606009   3.607888     1.9477      89.22     0.0341 5.1252e-02 1.9438e+00    149.047 290.016274    5.05319    34.8220    34.8427    27.1419    1484.34    1491.41 0.0000e+00
       3599    140.000     7.9466     7.9458   3.605965   3.607835     1.9456      86.14     0.0319 5.1252e-02 1.9438e+00    149.930 290.016284    5.04982    34.8234    34.8443    27.1434    1484.35    1491.35 0.0000e+00
       3621    141.000     7.9439     7.9437   3.605897   3.607792     1.9441      95.42     0.0306 5.1273e-02 -9.990e-29    150.816 290.016294    5.04503    34.8249    34.8454    27.1450    1484.36    1491.30 0.0000e+00
       3642    142.000     7.9372     7.9363   3.605636   3.607480     1.9428      92.97     0.0299 5.1273e-02 -9.990e-29    151.707 290.016304    5.04505    34.8282    34.8490    27.1486    1484.35    1491.26 0.0000e+00
       3663    143.000     7.9310     7.9303   3.605396   3.607267     1.9413      77.84     0.0320 5.1259e-02 -9.990e-29    152.590 290.016315    5.05183    34.8313    34.8522    27.1520    1484.35    1491.21 0.0000e+00
       3684    144.000     7.9228     7.9221   3.605098   3.606952     1.9425      98.97     0.0322 5.1273e-02 -9.990e-29    153.464 290.016325    5.06564    34.8358    34.8565    27.1568    1484.34    1491.16 0.0000e+00
       3705    145.000     7.9179     7.9174   3.604901   3.606769     1.9426      94.25     0.0318 5.1252e-02 -9.990e-29    154.344 290.016335    5.06359    34.8381    34.8587    27.1593    1484.34    1491.11 0.0000e+00
