testdata/CTD/sta0405.cnv
* Sea-Bird SBE 9 Data File:
* FileName = C:\Seabird\CTDData\sta0405.hex
* Software Version Seasave V 7.21f
* Temperature SN = 4557
* Conductivity SN = 1337
* Number of Bytes Per Scan = 40
* Number of Voltage Words = 5
* Number of Scans Averaged by the Deck Unit = 1
* NMEA Latitude = 60 49.01 N
* NMEA Longitude = 005 19.21 E
* NMEA UTC (Time) = Oct 14 2018 06:00:21
* NMEA baud rate = 4800
** Ship: 10 F/F "G. O. Sars"
** Station: 0405
** Echodepth: 230
** Log: 5338.24
** Wind-Dir Force: 21 20
** Air-temp (dry): 19.1
** Weather Sky: 8 8
** Sea Ice: 2 0
# nquan = 20                                
# nvalues = 222                         
# units = specified
# name 0 = scan: Scan Count
# name 1 = prDM: Pressure, Digiquartz [db]
# name 2 = t068C: Temperature [ITS-68, deg C]
# name 3 = t168C: Temperature, 2 [ITS-68, deg C]
# name 4 = c0S/m: Conductivity [S/m]
# name 5 = c1S/m: Conductivity, 2 [S/m]
# name 6 = sbeox0V: Oxygen raw, SBE 43 [V]
# name 7 = altM: Altimeter [m]
# name 8 = flC: Fluorescence, Chelsea Aqua 3 Chl Con [ug/l]
# name 9 = par: PAR/Irradiance, Biospherical/Licor
# name 10 = spar: SPAR/Surface Irradiance
# name 11 = timeS: Time, Elapsed [seconds]
# name 12 = timeJ: Julian Days
# name 13 = sbeox0ML/L: Oxygen, SBE 43 [ml/l], WS = 2
# name 14 = sal00: Salinity, Practical [PSU]
# name 15 = sal11: Salinity, Practical, 2 [PSU]
# name 16 = sigma-t00: Density [sigma-t, Kg/m^3 ]
# name 17 = svCM: Sound Velocity [Chen-Millero, m/s]
# name 18 = avgsvCM: Average Sound Velocity [Chen-Millero, m/s], minP = 1, minS = 5
# name 19 = flag: flag
# span 0 =        399,       5127       
# span 1 =      4.000,    225.000       
# span 2 =     8.0942,    14.6201       
# span 3 =     8.0935,    14.6183       
# span 4 =   3.207732,   3.896361       
# span 5 =   3.197826,   3.898712       
# span 6 =     1.6788,     2.2141       
# span 7 =       8.05,     100.17       
# span 8 =     0.0234,     0.2039       
# span 9 = 5.1225e-02, 3.9184e-01       
# span 10 = 1.9438e+00, 1.9438e+00      
# span 11 =     16.565,    213.604      
# span 12 = 287.250458, 287.252738      
# span 13 =    4.07572,    5.48863      
# span 14 =    26.2510,    34.9569      
# span 15 =    26.1687,    34.9801      
# span 16 =    19.5132,    27.2262      
# span 17 =    1484.96,    1501.49      
# span 18 =    1489.11,    1498.01      
# span 19 = 0.0000e+00, 0.0000e+00      
# interval = decibars: 1                
# start_time = Oct 14 2018 06:00:23 [System UTC, header]
# bad_flag = -9.990e-29
*END*
[from data line 145]
       3505    149.000     8.1137     8.1130   3.633719   3.635899     1.6989      97.32     0.0302 5.1253e-02 1.9438e+00    145.987 287.251956    4.18402    34.9504    34.9744    27.2181    1485.28    1490.76 0.0000e+00
       3526    150.000     8.1131     8.1124   3.633727   3.635911     1.6999      96.32     0.0319 5.1266e-02 -9.990e-29    146.864 287.251966    4.18629    34.9506    34.9747    27.2183    1485.30    1490.73 0.0000e+00
       3547    151.000     8.1126     8.1119   3.633753   3.635938     1.7007      96.15     0.0330 5.1273e-02 -9.990e-29    147.746 287.251976    4.18808    34.9509    34.9750    27.2186    1485.31    1490.69 0.0000e+00
       3568    152.000     8.1118     8.1112   3.633753   3.635944     1.7016      96.13     0.0304 5.1266e-02 -9.990e-29    148.623 287.251986    4.19234    34.9512    34.9752    27.2190    1485.33    1490.65 0.0000e+00
       3589    153.000     8.1115     8.1109   3.633783   3.635968     1.7022      95.79     0.0301 5.1252e-02 -9.990e-29    149.500 287.251997    4.18924    34.9513    34.9753    27.2191    1485.34    1490.62 0.0000e+00
       3610    154.000     8.1115     8.1109   3.633842   3.636010     1.7020      96.12     0.0287 5.1273e-02 1.9438e+00    150.382 287.252007    4.18521    34.9515    34.9753    27.2192    1485.36    1490.59 0.0000e+00
       3631    155.000     8.1116     8.1109   3.633884   3.636057     1.7020      95.86     0.0276 5.1252e-02 1.9438e+00    151.262 287.252017    4.18693    34.9513    34.9753    27.2191    1485.38    1490.55 0.0000e+00
       3652    156.000     8.1116     8.1109   3.633932   3.636100     1.7020      96.66     0.0268 5.1273e-02 1.9438e+00    152.141 287.252027    4.18934    34.9514    34.9753    27.2191    1485.39    1490.52 0.0000e+00
       3674    157.000     8.1111     8.1106   3.633946   3.636129     1.7022      96.13     0.0270 5.1273e-02 1.9438e+00    153.024 287.252037    4.19152    34.9515    34.9754    27.2194    1485.41    1490.49 0.0000e+00
       3695    158.000     8.1100     8.1092   3.633922   3.636095     1.7024      96.66     0.0237 5.1260e-02 1.9438e+00    153.900 287.252048    4.19516    34.9519    34.9759    27.2198    1485.42    1490.45 0.0000e+00
       3716    159.000     8.1100     8.1094   3.633975   3.636147     1.7032      97.02     0.0252 5.1266e-02 1.9438e+00    154.782 287.252058    4.19700    34.9520    34.9758    27.2199    1485.44    1490.42 0.0000e+00
       3737    160.000     8.1100     8.1093   3.634020   3.636195     1.7030      96.06     0.0259 5.1259e-02 1.9438e+00    155.660 287.252068    4.19155    34.9520    34.9760    27.2199    1485.45    1490.39 0.0000e+00
       3758    161.000     8.1100     8.1094   3.634074   3.636237     1.7029      96.61     0.0234 5.1273e-02 1.9438e+00    156.539 287.252078    4.19255    34.9521    34.9758    27.2199    1485.47    1490.36 0.0000e+00
       3779    162.000     8.1099     8.1093   3.634102   3.636276     1.7027      96.82     0.0259 5.1273e-02 1.9438e+00    157.416 287.252088    4.19008    34.9520    34.9758    27.2199    1485.48    1490.33 0.0000e+00
       3800    163.000     8.1099     8.1093   3.634149   3.636316     1.7021      96.23     0.0278 5.1273e-02 1.9438e+00    158.292 287.252098    4.18580    34.9520    34.9758    27.2199    1485.50    1490.30 0.0000e+00
       3821    164.000     8.1098     8.1092   3.634196   3.636356     1.7013      96.71     0.0288 5.1273e-02 -9.990e-29    159.175 287.252108    4.18000    34.9521    34.9758    27.2200    1485.52    1490.27 0.0000e+00
       3842    165.000     8.1098     8.1092   3.634243   3.636401     1.7001      96.41     0.0276 5.1273e-02 -9.990e-29    160.058 287.252119    4.17648    34.9521    34.9758    27.2200    1485.53    1490.24 0.0000e+00
       3863    166.000     8.1095     8.1089   3.634266   3.636424     1.6995      96.00     0.0284 5.1259e-02 -9.990e-29    160.933 287.252129    4.18049    34.9522    34.9759    27.2201    1485.55    1490.21 0.0000e+00
       3885    167.000     8.1085     8.1079   3.634246   3.636407     1.6991      91.57     0.0267 5.1273e-02 -9.990e-29    161.817 287.252139    4.18521    34.9525    34.9762    27.2205    1485.56    1490.19 0.0000e+00
       3906    168.000     8.1081     8.1075   3.634268   3.636421     1.6999      79.45     0.0266 5.1253e-02 1.9438e+00    162.702 287.252149    4.20183    34.9526    34.9763    27.2207    1485.58    1490.16 0.0000e+00
       3927    169.000     8.1070     8.1064   3.634244   3.636398     1.7017      96.32     0.0255 5.1273e-02 1.9438e+00    163.575 287.252159    4.20063    34.9530    34.9767    27.2211    1485.59    1490.13 0.0000e+00
       3948    170.000     8.1059     8.1053   3.634222   3.636373     1.7012      81.69     0.0285 5.1266e-02 1.9438e+00    164.463 287.252170    4.18763    34.9534    34.9770    27.2216    1485.60    1490.10 0.0000e+00
       3969    171.000     8.1055     8.1049   3.634240   3.636393     1.7011      87.45     0.0286 5.1245e-02 1.9438e+00    165.343 287.252180    4.19280    34.9535    34.9771    27.2217    1485.62    1490.08 0.0000e+00
       3990    172.000     8.1056     8.1050   3.634290   3.636446     1.7006      82.11     0.0279 5.1253e-02 1.9438e+00    166.222 287.252190    4.18858    34.9534    34.9771    27.2217    1485.63    1490.05 0.0000e+00
       4012    173.000     8.1054     8.1049   3.634324   3.636476     1.7010      84.81     0.0285 5.1260e-02 -9.990e-29    167.110 287.252200    4.20438    34.9535    34.9771    27.2218    1485.65    1490.03 0.0000e+00
       4033    174.000     8.1046     8.1040   3.634312   3.636461     1.7020      98.50     0.0297 5.1273e-02 -9.990e-29    167.982 287.252211    4.19864    34.9537    34.9773    27.2220    1485.66    1490.00 0.0000e+00
       4054    175.000     8.1025     8.1019   3.634206   3.636351     1.7011      72.11     0.0306 5.1259e-02 -9.990e-29    168.866 287.252221    4.19210    34.9542    34.9777    27.2227    1485.67    1489.98 0.0000e+00
       4075    176.000     8.1008     8.1002   3.634131   3.636283     1.7015      83.46     0.0300 5.1266e-02 -9.990e-29    169.748 287.252231    4.19537    34.9546    34.9782    27.2233    1485.68    1489.95 0.0000e+00
       4096    177.000     8.1007     8.1002   3.634171   3.636330     1.7008      62.91     0.0297 5.1246e-02 1.9438e+00    170.628 287.252241    4.19993    34.9546    34.9782    27.2234    1485.70    1489.93 0.0000e+00
       4117    178.000     8.1003     8.0999   3.634189   3.636354     1.7021      98.64     0.0295 5.1273e-02 1.9438e+00    171.513 287.252251    4.20690    34.9547    34.9783    27.2235    1485.72    1489.90 0.0000e+00
       4139    179.000     8.1002     8.0998   3.634233   3.636382     1.7021      97.75     0.0305 5.1266e-02 1.9438e+00    172.397 287.252262    4.19901    34.9548    34.9782    27.2236    1485.73    1489.88 0.0000e+00
       4160    180.000     8.1000     8.0995   3.634258   3.636405     1.7013      80.73     0.0285 5.1259e-02 1.9438e+00    173.274 287.252272    4.19648    34.9548    34.9783    27.2236    1485.75    1489.86 0.0000e+00
       4181    181.000     8.0996     8.0992   3.634282   3.636435     1.7020      86.98     0.0297 5.1266e-02 1.9438e+00    174.153 287.252282    4.20822    34.9550    34.9784    27.2238    1485.76    1489.84 0.0000e+00
       4202    182.000     8.0998     8.0991   3.634336   3.636475     1.7019      77.86     0.0317 5.1273e-02 1.9438e+00    175.031 287.252292    4.19220    34.9549    34.9785    27.2237    1485.78    1489.81 0.0000e+00
       4223    183.000     8.0997     8.0988   3.634367   3.636493     1.7003      51.91     0.0295 5.1266e-02 -9.990e-29    175.911 287.252302    4.18884    34.9548    34.9785    27.2237    1485.80    1489.79 0.0000e+00
       4244    184.000     8.0988     8.0981   3.634344   3.636482     1.7004      66.38     0.0264 5.1273e-02 -9.990e-29    176.790 287.252312    4.20950    34.9550    34.9786    27.2239    1485.81    1489.77 0.0000e+00
       4265    185.000     8.0980     8.0974   3.634319   3.636465     1.7021      97.65     0.0257 5.1280e-02 -9.990e-29    177.668 287.252323    4.20986    34.9550    34.9786    27.2241    1485.82    1489.75 0.0000e+00
       4286    186.000     8.0975     8.0969   3.634331   3.636460     1.7015      48.43     0.0294 5.1273e-02 -9.990e-29    178.553 287.252333    4.20429    34.9552    34.9786    27.2243    1485.84    1489.73 0.0000e+00
       4307    187.000     8.0975     8.0969   3.634371   3.636509     1.7020      48.12     0.0315 5.1273e-02 1.9438e+00    179.433 287.252343    4.20827    34.9551    34.9786    27.2242    1485.85    1489.71 0.0000e+00
       4328    188.000     8.0975     8.0970   3.634424   3.636569     1.7022      47.52     0.0313 5.1273e-02 1.9438e+00    180.309 287.252353    4.21407    34.9552    34.9787    27.2243    1485.87    1489.69 0.0000e+00
       4350    189.000     8.0976     8.0971   3.634482   3.636615     1.7034      45.39     0.0290 5.1273e-02 1.9438e+00    181.193 287.252363    4.22503    34.9552    34.9786    27.2243    1485.89    1489.67 0.0000e+00
       4371    190.000     8.0973     8.0967   3.634494   3.636630     1.7050      76.04     0.0271 5.1253e-02 1.9438e+00    182.071 287.252374    4.22497    34.9552    34.9786    27.2243    1485.90    1489.65 0.0000e+00
       4392    191.000     8.0960     8.0955   3.634445   3.636587     1.7044      42.97     0.0287 5.1273e-02 1.9438e+00    182.967 287.252384    4.21276    34.9555    34.9789    27.2247    1485.91    1489.63 0.0000e+00
       4414    192.000     8.0961     8.0955   3.634511   3.636640     1.7044      42.51     0.0287 5.1273e-02 1.9438e+00    183.859 287.252394    4.21524    34.9556    34.9790    27.2248    1485.93    1489.61 0.0000e+00
       4435    193.000     8.0958     8.0954   3.634517   3.636674     1.7039      41.00     0.0283 5.1273e-02 1.9438e+00    184.737 287.252404    4.21116    34.9555    34.9790    27.2248    1485.95    1489.59 0.0000e+00
       4456    194.000     8.0951     8.0945   3.634523   3.636664     1.7035      40.98     0.0303 5.1273e-02 1.9438e+00    185.626 287.252415    4.21514    34.9557    34.9793    27.2251    1485.96    1489.57 0.0000e+00
       4477    195.000     8.0953     8.0946   3.634584   3.636719     1.7038      40.61     0.0294 5.1273e-02 1.9438e+00    186.515 287.252425    4.22128    34.9557    34.9793    27.2250    1485.98    1489.55 0.0000e+00
       4499    196.000     8.0955     8.0949   3.634651   3.636785     1.7044      38.68     0.0301 5.1273e-02 1.9438e+00    187.400 287.252435    4.22178    34.9557    34.9792    27.2250    1485.99    1489.53 0.0000e+00
       4520    197.000     8.0957     8.0949   3.634706   3.636833     1.7043      36.84     0.0270 5.1273e-02 -9.990e-29    188.296 287.252446    4.21625    34.9557    34.9792    27.2249    1486.01    1489.51 0.0000e+00
       4541    198.000     8.0950     8.0945   3.634702   3.636846     1.7037      35.35     0.0281 5.1273e-02 -9.990e-29    189.176 287.252456    4.21771    34.9558    34.9793    27.2252    1486.03    1489.50 0.0000e+00
       4563    199.000     8.0950     8.0945   3.634748   3.636879     1.7043      33.77     0.0313 5.1273e-02 -9.990e-29    190.065 287.252466    4.22452    34.9558    34.9792    27.2252    1486.04    1489.48 0.0000e+00
       4584    200.000     8.0953     8.0947   3.634828   3.636951     1.7043      32.80     0.0320 5.1273e-02 -9.990e-29    190.978 287.252477    4.21819    34.9559    34.9792    27.2252    1486.06    1489.46 0.0000e+00
       4606    201.000     8.0951     8.0944   3.634849   3.636971     1.7036      32.22     0.0297 5.1273e-02 1.9438e+00    191.868 287.252487    4.21331    34.9558    34.9793    27.2252    1486.08    1489.45 0.0000e+00
       4627    202.000     8.0947     8.0942   3.634879   3.637016     1.7032      31.12     0.0304 5.1273e-02 1.9438e+00    192.761 287.252497    4.21681    34.9561    34.9795    27.2254    1486.09    1489.43 0.0000e+00
       4649    203.000     8.0949     8.0944   3.634934   3.637070     1.7032      30.17     0.0303 5.1280e-02 1.9438e+00    193.648 287.252508    4.21884    34.9560    34.9794    27.2253    1486.11    1489.41 0.0000e+00
       4670    204.000     8.0954     8.0948   3.635017   3.637143     1.7031      29.02     0.0255 5.1266e-02 1.9438e+00    194.523 287.252518    4.21533    34.9559    34.9793    27.2252    1486.13    1489.40 0.0000e+00
       4691    205.000     8.0955     8.0949   3.635073   3.637207     1.7024      28.23     0.0248 5.1273e-02 1.9438e+00    195.433 287.252528    4.21013    34.9559    34.9794    27.2252    1486.14    1489.38 0.0000e+00
       4713    206.000     8.0957     8.0952   3.635143   3.637268     1.7018      27.27     0.0255 5.1273e-02 -9.990e-29    196.326 287.252539    4.20987    34.9560    34.9792    27.2252    1486.16    1489.36 0.0000e+00
       4734    207.000     8.0961     8.0956   3.635219   3.637344     1.7011      26.26     0.0259 5.1273e-02 -9.990e-29    197.216 287.252549    4.20991    34.9559    34.9792    27.2251    1486.18    1489.35 0.0000e+00
       4756    208.000     8.0962     8.0956   3.635264   3.637392     1.7011      24.94     0.0285 5.1280e-02 -9.990e-29    198.126 287.252559    4.21523    34.9558    34.9792    27.2250    1486.19    1489.33 0.0000e+00
       4777    209.000     8.0964     8.0959   3.635330   3.637462     1.7011      24.29     0.0307 5.1280e-02 -9.990e-29    199.011 287.252570    4.21158    34.9558    34.9792    27.2250    1486.21    1489.32 0.0000e+00
       4799    210.000     8.0959     8.0953   3.635344   3.637462     1.7006      22.68     0.0295 5.1280e-02 1.9438e+00    199.917 287.252580    4.21129    34.9560    34.9793    27.2252    1486.23    1489.30 0.0000e+00
       4821    211.000     8.0955     8.0952   3.635358   3.637501     1.7006      22.11     0.0290 5.1280e-02 1.9438e+00    200.825 287.252591    4.21293    34.9561    34.9793    27.2253    1486.24    1489.29 0.0000e+00
       4842    212.000     8.0956     8.0950   3.635408   3.637536     1.7005      21.09     0.0301 5.1280e-02 1.9438e+00    201.722 287.252601    4.21098    34.9560    34.9794    27.2252    1486.26    1489.28 0.0000e+00
       4865    213.000     8.0953     8.0947   3.635445   3.637571     1.6998      20.13     0.0284 5.1273e-02 1.9438e+00    202.652 287.252612    4.20808    34.9562    34.9796    27.2254    1486.27    1489.26 0.0000e+00
       4886    214.000     8.0950     8.0945   3.635466   3.637598     1.6997      20.03     0.0275 5.1286e-02 1.9438e+00    203.561 287.252622    4.21484    34.9563    34.9796    27.2255    1486.29    1489.25 0.0000e+00
       4908    215.000     8.0947     8.0941   3.635496   3.637608     1.7004      20.23     0.0274 5.1280e-02 1.9438e+00    204.466 287.252633    4.22303    34.9564    34.9796    27.2257    1486.31    1489.23 0.0000e+00
       4930    216.000     8.0944     8.0939   3.635536   3.637653     1.7011      19.61     0.0287 5.1287e-02 1.9438e+00    205.377 287.252643    4.22179    34.9567    34.9798    27.2259    1486.32    1489.22 0.0000e+00
       4951    217.000     8.0948     8.0940   3.635596   3.637710     1.7011      17.84     0.0304 5.1293e-02 1.9438e+00    206.266 287.252653    4.21627    34.9564    34.9799    27.2257    1486.34    1489.21 0.0000e+00
       4973    218.000     8.0947     8.0939   3.635640   3.637755     1.7004      15.06     0.0301 5.1299e-02 1.9438e+00    207.180 287.252664    4.20868    34.9565    34.9800    27.2257    1486.35    1489.19 0.0000e+00
       4995    219.000     8.0946     8.0941   3.635688   3.637803     1.6996      14.70     0.0269 5.1293e-02 1.9438e+00    208.100 287.252675    4.21175    34.9566    34.9798    27.2259    1486.37    1489.18 0.0000e+00
       5017    220.000     8.0944     8.0940   3.635711   3.637838     1.6996      14.10     0.0276 5.1299e-02 -9.990e-29    209.010 287.252685    4.21538    34.9566    34.9798    27.2259    1486.39    1489.17 0.0000e+00
