testdata/CTD/sta0419.cnv
* Sea-Bird SBE 9 Data File:
* FileName = C:\Seabird\CTDData\sta0419.hex
* Software Version Seasave V 7.21f
* Temperature SN = 4557
* Conductivity SN = 1337
* Number of Bytes Per Scan = 40
* Number of Voltage Words = 5
* Number of Scans Averaged by the Deck Unit = 1
* NMEA Latitude = 61 29.29 N
* NMEA Longitude = 005 16.10 E
* NMEA UTC (Time) = Oct 17 2018 11:27:05
* NMEA baud rate = 4800
** Ship: 10 F/F "G. O. Sars"
** Station: 0419
** Echodepth: 371
** Log: 5596.185
** Wind-Dir Force: 24 21
** Air-temp (dry): 11.2
** Weather Sky: 0 0
** Sea Ice: 0 0
# nquan = 20                                
# nvalues = 360                         
# units = specified
# name 0 = scan: Scan Count
# name 1 = prDM: Pressure, Digiquartz [db]
# name 2 = t068C: Temperature [ITS-68, deg C]
# name 3 = t168C: Temperature, 2 [ITS-68, deg C]
# name 4 = c0S/m: Conductivity [S/m]
# name 5 = c1S/m: Conductivity, 2 [S/m]
# name 6 = sbeox0V: Oxygen raw, SBE 43 [V]
# name 7 = altM: Altimeter [m]
# name 8 = flC: Fluorescence, Chelsea Aqua 3 Chl Con [ug/l]
# name 9 = par: PAR/Irradiance, Biospherical/Licor
# name 10 = spar: SPAR/Surface Irradiance
# name 11 = timeS: Time, Elapsed [seconds]
# name 12 = timeJ: Julian Days
# name 13 = sbeox0ML/L: Oxygen, SBE 43 [ml/l], WS = 2
# name 14 = sal00: Salinity, Practical [PSU]
# name 15 = sal11: Salinity, Practical, 2 [PSU]
# name 16 = sigma-t00: Density [sigma-t, Kg/m^3 ]
# name 17 = svCM: Sound Velocity [Chen-Millero, m/s]
# name 18 = avgsvCM: Average Sound Velocity [Chen-Millero, m/s], minP = 1, minS = 5
# name 19 = flag: flag
# span 0 =        -19,       8174       
# span 1 =      2.000,    361.000       
# span 2 =     7.6806,    13.2195       
# span 3 =     7.6803,    13.2221       
# span 4 =   3.149306,   3.879268       
# span 5 =   3.150560,   3.881161       
# span 6 =     1.8601,     2.2787       
# span 7 =       0.08,     102.02       
# span 8 =     0.0147,     0.2311       
# span 9 = 5.1211e-02, 3.5219e+01       
# span 10 = 2.7565e+02, 4.5290e+02      
# span 11 =     -0.826,    340.559      
# span 12 = 290.477155, 290.481106      
# span 13 =    4.64781,    5.88714      
# span 14 =    26.8891,    35.0625      
# span 15 =    26.9042,    35.0825      
# span 16 =    20.3113,    27.3708      
# span 17 =    1484.32,    1498.57      
# span 18 =    1486.94,    1495.08      
# span 19 = 0.0000e+00, 0.0000e+00      
# interval = decibars: 1                
# start_time = Oct 17 2018 11:27:07 [System UTC, header]
# bad_flag = -9.990e-29
*END*
        -19      2.000    11.9326    11.9281   3.149387   3.150560     2.2787     102.02     0.2311 3.5219e+01 2.9205e+02     -0.826 290.477155    5.88706    26.8898    26.9042    20.3118    1486.94    1486.94 0.0000e+00
         48      3.000    11.9321    11.9302   3.149306   3.150844     2.2778      91.23     0.2270 3.4242e+01 2.9065e+02      1.938 290.477187    5.88714    26.8891    26.9050    20.3113    1486.95    1486.94 0.0000e+00
        581      4.000    11.9442    11.9412   3.153259   3.154521     2.2767       0.08     0.2215 2.8336e+01 2.8001e+02     24.175 290.477444    5.88585    26.9173    26.9314    20.3311    1487.05    1486.97 0.0000e+00
        563      5.000    12.0184    12.0189   3.200406   3.202307     2.2761       8.50     0.2177 2.0320e+01 2.8145e+02     23.424 290.477435    5.84095    27.3079    27.3255    20.6205    1487.79    1487.13 0.0000e+00
        584      6.000    12.0223    12.0218   3.219507   3.221399     2.2737       8.38     0.2142 1.4879e+01 2.8185e+02     24.293 290.477446    5.83342    27.4849    27.5032    20.7570    1488.03    1487.28 0.0000e+00
        606      7.000    12.0150    12.0148   3.222451   3.224005     2.2743      34.35     0.2090 1.0663e+01 2.8185e+02     25.193 290.477456    5.84479    27.5178    27.5326    20.7837    1488.06    1487.39 0.0000e+00
        627      8.000    11.9726    11.9729   3.227444   3.229089     2.2738      98.94     0.2026 7.8646e+00 2.8185e+02     26.093 290.477466    5.83126    27.5959    27.6112    20.8516    1488.02    1487.47 0.0000e+00
        649      9.000    11.9423    11.9428   3.227016   3.228821     2.2707      98.24     0.2018 5.9565e+00 2.8185e+02     26.983 290.477477    5.80849    27.6138    27.6306    20.8709    1487.95    1487.52 0.0000e+00
        670     10.000    11.9356    11.9350   3.228315   3.230054     2.2659      98.20     0.2046 4.5207e+00 2.8185e+02     27.895 290.477487    5.80601    27.6307    27.6476    20.8851    1487.96    1487.57 0.0000e+00
        692     11.000    11.9936    11.9917   3.250980   3.252626     2.2663      97.94     0.2048 3.4536e+00 2.8185e+02     28.806 290.477498    5.82510    27.8018    27.8188    21.0074    1488.39    1487.64 0.0000e+00
        715     12.000    12.1104    12.1076   3.305236   3.304979     2.2691      96.71     0.1964 2.6372e+00 2.8079e+02     29.732 290.477509    5.81210    28.2271    28.2268    21.3161    1489.31    1487.78 0.0000e+00
        736     13.000    12.1504    12.1517   3.315602   3.318016     2.2726      96.55     0.1847 2.0500e+00 2.8043e+02     30.633 290.477519    5.82161    28.2945    28.3163    21.3611    1489.55    1487.92 0.0000e+00
        758     14.000    12.2680    12.2665   3.371182   3.372883     2.2757      96.57     0.1814 1.6253e+00 2.7990e+02     31.534 290.477529    5.78189    28.7296    28.7468    21.6768    1490.49    1488.10 0.0000e+00
        780     15.000    12.3829    12.3581   3.405534   3.398163     2.2748      96.55     0.1835 1.3062e+00 2.7565e+02     32.473 290.477540    5.74540    28.9650    28.9146    21.8382    1491.18    1488.31 0.0000e+00
        802     16.000    12.5352    12.5344   3.465870   3.468516     2.2739      96.58     0.1785 1.0691e+00 2.7903e+02     33.392 290.477551    5.70697    29.4148    29.4403    22.1582    1492.26    1488.55 0.0000e+00
        824     17.000    12.5315    12.5314   3.513963   3.516206     2.2733      96.59     0.1543 8.9090e-01 -9.990e-29     34.283 290.477561    5.68524    29.8705    29.8917    22.5116    1492.80    1488.80 0.0000e+00
        845     18.000    12.6726    12.6720   3.543228   3.545016     2.2698      96.64     0.1313 7.5775e-01 -9.990e-29     35.183 290.477572    5.62614    30.0337    30.0510    22.6115    1493.49    1489.06 0.0000e+00
        867     19.000    12.6601    12.6610   3.601033   3.602959     2.2635      96.67     0.1144 6.3824e-01 -9.990e-29     36.088 290.477582    5.58723    30.5879    30.6054    23.0428    1494.12    1489.33 0.0000e+00
        889     20.000    12.6362    12.6401   3.620192   3.622855     2.2586      96.65     0.1015 5.5347e-01 -9.990e-29     36.989 290.477592    5.55765    30.7879    30.8099    23.2021    1494.30    1489.57 0.0000e+00
        910     21.000    12.7528    12.7698   3.638655   3.643428     2.2491      96.63     0.0944 4.8060e-01 2.8167e+02     37.886 290.477603    5.49817    30.8665    30.8976    23.2409    1494.80    1489.82 0.0000e+00
        931     22.000    12.8718    12.8724   3.658738   3.660931     2.2422      96.61     0.0875 4.2296e-01 2.8185e+02     38.768 290.477613    5.49363    30.9579    30.9780    23.2888    1495.33    1490.07 0.0000e+00
        953     23.000    13.2195    13.2221   3.716993   3.719691     2.2411      96.55     0.0807 3.7607e-01 2.8185e+02     39.667 290.477623    5.46421    31.2186    31.2416    23.4231    1496.82    1490.36 0.0000e+00
        975     24.000    13.2128    13.2143   3.725883   3.728339     2.2407      94.10     0.0733 3.3393e-01 2.8185e+02     40.569 290.477634    5.45853    31.3067    31.3285    23.4926    1496.92    1490.64 0.0000e+00
        996     25.000    13.0319    13.0321   3.723724   3.725732     2.2393      76.90     0.0644 2.9896e-01 2.8185e+02     41.455 290.477644    5.44086    31.4355    31.4542    23.6275    1496.48    1490.87 0.0000e+00
       1017     26.000    13.1858    13.1868   3.758922   3.761475     2.2288      96.33     0.0628 2.7394e-01 2.8185e+02     42.351 290.477654    5.33274    31.6374    31.6605    23.7535    1497.25    1491.11 0.0000e+00
       1039     27.000    13.2141    13.2120   3.772053   3.773637     2.2138      96.30     0.0590 2.4600e-01 2.8184e+02     43.251 290.477665    5.29936    31.7364    31.7529    23.8245    1497.48    1491.35 0.0000e+00
       1061     28.000    12.8728    12.8713   3.740286   3.741939     2.2085      73.09     0.0590 2.1914e-01 2.7716e+02     44.147 290.477675    5.35525    31.7229    31.7397    23.8807    1496.34    1491.53 0.0000e+00
       1082     29.000    12.6763    12.6754   3.724907   3.726661     2.2022      95.76     0.0575 2.0476e-01 2.8308e+02     45.052 290.477686    5.32894    31.7421    31.7595    23.9333    1495.71    1491.67 0.0000e+00
       1104     30.000    12.6570    12.6564   3.727435   3.729246     2.1906      96.10     0.0595 1.8650e-01 2.8378e+02     45.946 290.477696    5.29914    31.7819    31.7996    23.9679    1495.71    1491.80 0.0000e+00
       1125     31.000    12.6871    12.6866   3.734127   3.735991     2.1858      87.04     0.0572 1.7027e-01 2.8379e+02     46.843 290.477706    5.34530    31.8196    31.8377    23.9913    1495.87    1491.93 0.0000e+00
       1147     32.000    12.7437    12.7449   3.743957   3.745993     2.1929      87.55     0.0567 1.5505e-01 2.8415e+02     47.736 290.477717    5.42111    31.8646    31.8829    24.0153    1496.13    1492.07 0.0000e+00
       1168     33.000    12.7805    12.7802   3.751616   3.753561     2.2048      97.45     0.0534 1.4399e-01 2.8546e+02     48.622 290.477727    5.45704    31.9056    31.9243    24.0399    1496.32    1492.19 0.0000e+00
       1190     34.000    12.8267    12.8271   3.761860   3.764049     2.2134      97.95     0.0549 1.3414e-01 2.8574e+02     49.528 290.477738    5.44170    31.9631    31.9835    24.0755    1496.56    1492.32 0.0000e+00
       1211     35.000    12.9884    12.9896   3.787032   3.789161     2.2152      80.07     0.0529 1.2142e-01 2.8577e+02     50.433 290.477748    5.40176    32.0636    32.0826    24.1219    1497.24    1492.46 0.0000e+00
       1233     36.000    12.9814    12.9807   3.792139   3.794120     2.2168      98.54     0.0512 1.1447e-01 2.8754e+02     51.324 290.477758    5.39911    32.1172    32.1365    24.1648    1497.30    1492.60 0.0000e+00
       1254     37.000    12.9379    12.9373   3.793110   3.795063     2.2156      98.75     0.0496 1.0449e-01 2.8768e+02     52.211 290.477769    5.36262    32.1629    32.1818    24.2086    1497.22    1492.72 0.0000e+00
       1275     38.000    12.9546    12.9547   3.798546   3.800556     2.2069      84.52     0.0475 9.4449e-02 2.8450e+02     53.098 290.477779    5.31169    32.1996    32.2185    24.2338    1497.34    1492.84 0.0000e+00
       1297     39.000    12.9661    12.9662   3.801708   3.803679     2.2001      98.06     0.0489 8.8261e-02 2.8886e+02     53.995 290.477789    5.30506    32.2193    32.2378    24.2467    1497.42    1492.96 0.0000e+00
       1319     40.000    12.9440    12.9429   3.801867   3.803716     2.1951      98.78     0.0520 8.2203e-02 2.8963e+02     54.904 290.477800    5.30815    32.2392    32.2576    24.2665    1497.38    1493.07 0.0000e+00
       1340     41.000    12.9418    12.9421   3.806940   3.808982     2.1933      90.70     0.0512 7.2310e-02 2.8962e+02     55.812 290.477810    5.31050    32.2886    32.3076    24.3051    1497.45    1493.18 0.0000e+00
       1362     42.000    12.9455    12.9449   3.810129   3.811963     2.1913      90.14     0.0490 6.6132e-02 2.9074e+02     56.710 290.477821    5.30424    32.3151    32.3329    24.3249    1497.51    1493.28 0.0000e+00
       1383     43.000    12.8955    12.8958   3.807377   3.809375     2.1896      98.78     0.0457 6.1976e-02 2.9157e+02     57.603 290.477831    5.30500    32.3314    32.3500    24.3473    1497.38    1493.37 0.0000e+00
       1405     44.000    12.9139    12.9136   3.815240   3.817183     2.1876      98.79     0.0425 5.4996e-02 2.9158e+02     58.492 290.477841    5.28687    32.3896    32.4082    24.3888    1497.53    1493.47 0.0000e+00
       1426     45.000    12.9308    12.9315   3.821339   3.823472     2.1839      83.89     0.0453 5.2375e-02 2.9315e+02     59.394 290.477852    5.27733    32.4324    32.4520    24.4186    1497.65    1493.56 0.0000e+00
       1448     46.000    12.9170    12.9175   3.823931   3.825978     2.1827      98.81     0.0465 5.1272e-02 2.9351e+02     60.292 290.477862    5.27898    32.4683    32.4873    24.4491    1497.66    1493.65 0.0000e+00
       1470     47.000    12.9223    12.9227   3.831972   3.834096     2.1808      98.80     0.0462 5.1266e-02 2.9448e+02     61.188 290.477873    5.26472    32.5394    32.5592    24.5031    1497.78    1493.74 0.0000e+00
       1491     48.000    12.9268    12.9266   3.835747   3.837695     2.1772      82.28     0.0431 5.1247e-02 2.8767e+02     62.093 290.477883    5.24465    32.5708    32.5894    24.5266    1497.85    1493.82 0.0000e+00
       1513     49.000    12.9902    12.9904   3.846599   3.848626     2.1739      97.78     0.0427 5.1273e-02 2.8860e+02     62.987 290.477893    5.22938    32.6185    32.6374    24.5510    1498.14    1493.91 0.0000e+00
       1534     50.000    12.8404    12.8358   3.834430   3.835839     2.1706      98.79     0.0440 5.1273e-02 2.9726e+02     63.882 290.477904    5.23692    32.6320    32.6494    24.5908    1497.67    1493.99 0.0000e+00
       1556     51.000    12.9393    12.9355   3.851386   3.852922     2.1677      91.57     0.0461 5.1259e-02 2.9761e+02     64.779 290.477914    5.20530    32.7068    32.7246    24.6294    1498.10    1494.07 0.0000e+00
       1577     52.000    12.9893    12.9886   3.861849   3.863499     2.1621      88.83     0.0412 5.1252e-02 2.9923e+02     65.673 290.477924    5.18945    32.7621    32.7783    24.6624    1498.35    1494.15 0.0000e+00
       1599     53.000    12.9966    12.9964   3.868978   3.870813     2.1612      97.86     0.0406 5.1260e-02 2.9952e+02     66.572 290.477935    5.19451    32.8228    32.8403    24.7079    1498.47    1494.23 0.0000e+00
       1620     54.000    12.9953    12.9950   3.876448   3.878385     2.1582      98.75     0.0373 5.1266e-02 3.0127e+02     67.471 290.477945    5.16029    32.8941    32.9127    24.7634    1498.56    1494.31 0.0000e+00
       1642     55.000    12.9821    12.9813   3.878333   3.880262     2.1510      98.80     0.0381 5.1273e-02 3.0129e+02     68.366 290.477956    5.12159    32.9230    32.9420    24.7884    1498.57    1494.39 0.0000e+00
       1663     56.000    12.9384    12.9381   3.879268   3.881161     2.1428      98.80     0.0365 5.1273e-02 3.0296e+02     69.267 290.477966    5.08850    32.9695    32.9877    24.8329    1498.50    1494.46 0.0000e+00
       1685     57.000    12.8899    12.8913   3.878372   3.880309     2.1323      98.80     0.0358 5.1273e-02 3.0335e+02     70.168 290.477976    5.05347    33.0029    33.0200    24.8683    1498.39    1494.53 0.0000e+00
       1707     58.000    12.8539    12.8528   3.877137   3.878913     2.1224      98.79     0.0387 5.1273e-02 3.0516e+02     71.070 290.477987    5.02908    33.0222    33.0400    24.8903    1498.31    1494.59 0.0000e+00
       1728     59.000    12.7862    12.7868   3.873055   3.874919     2.1122      98.76     0.0359 5.1273e-02 3.0517e+02     71.977 290.477997    4.99739    33.0422    33.0593    24.9190    1498.12    1494.65 0.0000e+00
       1750     60.000    12.7497    12.7499   3.873918   3.875844     2.1012      98.78     0.0337 5.1273e-02 2.9896e+02     72.875 290.478008    4.96819    33.0819    33.1001    24.9569    1498.06    1494.71 0.0000e+00
       1772     61.000    12.7525    12.7517   3.877415   3.879249     2.0911      98.78     0.0351 5.1266e-02 3.0747e+02     73.780 290.478018    4.93417    33.1123    33.1305    24.9799    1498.12    1494.77 0.0000e+00
       1793     62.000    12.6560    12.6548   3.869889   3.871544     2.0802      98.80     0.0330 5.1273e-02 3.0905e+02     74.680 290.478029    4.91638    33.1249    33.1418    25.0085    1497.83    1494.82 0.0000e+00
       1815     63.000    12.6545    12.6574   3.872021   3.874414     2.0725      98.81     0.0342 5.1266e-02 3.0998e+02     75.577 290.478039    4.91582    33.1462    33.1665    25.0252    1497.87    1494.86 0.0000e+00
       1837     64.000    12.6830    12.6833   3.878724   3.880614     2.0677      98.82     0.0321 5.1266e-02 3.1102e+02     76.488 290.478050    4.90064    33.1846    33.2024    25.0495    1498.02    1494.91 0.0000e+00
       1858     65.000    12.4639    12.4609   3.863477   3.864913     2.0614      98.81     0.0305 5.1266e-02 3.1223e+02     77.389 290.478060    4.89936    33.2317    33.2482    25.1283    1497.36    1494.95 0.0000e+00
       1880     66.000    12.3972    12.3953   3.858689   3.860335     2.0560      98.82     0.0283 5.1246e-02 3.1321e+02     78.276 290.478070    4.88438    33.2444    33.2619    25.1510    1497.16    1494.98 0.0000e+00
       1901     67.000    12.3278    12.3269   3.856195   3.858062     2.0482      98.82     0.0258 5.1259e-02 3.1489e+02     79.168 290.478081    4.85808    33.2816    33.3003    25.1931    1496.99    1495.01 0.0000e+00
       1923     68.000    12.2875    12.2858   3.857449   3.859062     2.0407      90.38     0.0277 5.1253e-02 3.1622e+02     80.063 290.478091    4.84632    33.3290    33.3461    25.2376    1496.92    1495.04 0.0000e+00
       1944     69.000    12.0982    12.0952   3.845036   3.846257     2.0356      97.53     0.0300 5.1266e-02 3.1692e+02     80.966 290.478101    4.85560    33.3775    33.3920    25.3112    1496.35    1495.06 0.0000e+00
       1966     70.000    11.8572    11.8552   3.825177   3.826661     2.0295      98.81     0.0314 5.1273e-02 3.1876e+02     81.870 290.478112    4.85944    33.4002    33.4165    25.3740    1495.57    1495.07 0.0000e+00
       1987     71.000    11.7948    11.7942   3.822194   3.823923     2.0242      93.78     0.0319 5.1260e-02 3.1411e+02     82.767 290.478122    4.84170    33.4268    33.4442    25.4063    1495.40    1495.07 0.0000e+00
       2009     72.000    11.8063    11.8054   3.827277   3.829192     2.0163      91.23     0.0311 5.1252e-02 3.2071e+02     83.670 290.478133    4.80334    33.4656    33.4851    25.4343    1495.50    1495.08 0.0000e+00
       2031     73.000    11.6513    11.6529   3.820679   3.822415     2.0081      98.84     0.0327 5.1266e-02 3.2161e+02     84.563 290.478143    4.79180    33.5405    33.5561    25.5213    1495.08    1495.08 0.0000e+00
