testdata/CTD/sta0407.cnv
* Sea-Bird SBE 9 Data File:
* FileName = C:\Seabird\CTDData\sta0407.hex
* Software Version Seasave V 7.21f
* Temperature SN = 4557
* Conductivity SN = 1337
* Number of Bytes Per Scan = 40
* Number of Voltage Words = 5
* Number of Scans Averaged by the Deck Unit = 1
* NMEA Latitude = 60 49.57 N
* NMEA Longitude = 005 21.01 E
* NMEA UTC (Time) = Oct 14 2018 06:59:51
* NMEA baud rate = 4800
** Ship: 10 F/F "G. O. Sars"
** Station: 0407
** Echodepth: 286
** Log: 5340.14
** Wind-Dir Force: 18 18
** Air-temp (dry): 18.1
** Weather Sky: 2 8
** Sea Ice: 1 0
# nquan = 20                                
# nvalues = 277                         
# units = specified
# name 0 = scan: Scan Count
# name 1 = prDM: Pressure, Digiquartz [db]
# name 2 = t068C: Temperature [ITS-68, deg C]
# name 3 = t168C: Temperature, 2 [ITS-68, deg C]
# name 4 = c0S/m: Conductivity [S/m]
# name 5 = c1S/m: Conductivity, 2 [S/m]
# name 6 = sbeox0V: Oxygen raw, SBE 43 [V]
# name 7 = altM: Altimeter [m]
# name 8 = flC: Fluorescence, Chelsea Aqua 3 Chl Con [ug/l]
# name 9 = par: PAR/Irradiance, Biospherical/Licor
# name 10 = spar: SPAR/Surface Irradiance
# name 11 = timeS: Time, Elapsed [seconds]
# name 12 = timeJ: Julian Days
# name 13 = sbeox0ML/L: Oxygen, SBE 43 [ml/l], WS = 2
# name 14 = sal00: Salinity, Practical [PSU]
# name 15 = sal11: Salinity, Practical, 2 [PSU]
# name 16 = sigma-t00: Density [sigma-t, Kg/m^3 ]
# name 17 = svCM: Sound Velocity [Chen-Millero, m/s]
# name 18 = avgsvCM: Average Sound Velocity [Chen-Millero, m/s], minP = 1, minS = 5
# name 19 = flag: flag
# span 0 =        276,       6196       
# span 1 =      4.000,    280.000       
# span 2 =     8.0806,    15.0462       
# span 3 =     8.0803,    15.0523       
# span 4 =   3.032551,   3.924656       
# span 5 =   3.030495,   3.928181       
# span 6 =     1.6481,     2.2528       
# span 7 =      13.02,      98.79       
# span 8 =     0.0218,     0.2477       
# span 9 = 5.1246e-02, 6.7968e-01       
# span 10 = 5.3854e+00, 9.7257e+00      
# span 11 =     11.468,    258.140      
# span 12 = 287.291730, 287.294585      
# span 13 =    3.95363,    5.68105      
# span 14 =    24.8961,    34.9605      
# span 15 =    24.8827,    34.9826      
# span 16 =    18.5331,    27.2310      
# span 17 =    1485.00,    1503.09      
# span 18 =    1488.78,    1499.03      
# span 19 = 0.0000e+00, 0.0000e+00      
# interval = decibars: 1                
# start_time = Oct 14 2018 06:59:54 [System UTC, header]
# bad_flag = -9.990e-29
*END*
        276      4.000    13.2642    13.2561   3.032551   3.030495     2.2389      98.70     0.2477 6.7968e-01 9.7189e+00     11.468 287.291730    5.68105    24.8961    24.8827    18.5331    1489.21    1489.21 0.0000e+00
        307      5.000    14.0614    14.0676   3.469342   3.477005     2.2457      98.68     0.2272 4.0581e-01 9.7189e+00     12.758 287.291745    5.50813    28.2958    28.3605    21.0014    1495.89    1490.54 0.0000e+00
        328      6.000    14.6872    14.6869   3.734117   3.738632     2.2507      98.68     0.1801 2.5861e-01 9.7189e+00     13.641 287.291755    5.37516    30.2106    30.2514    22.3491    1500.18    1492.14 0.0000e+00
        350      7.000    14.7583    14.7592   3.796169   3.799561     2.2528      98.69     0.1363 1.7144e-01 9.7189e+00     14.523 287.291765    5.31920    30.7128    30.7426    22.7210    1501.01    1493.40 0.0000e+00
        371      8.000    14.8021    14.8026   3.818772   3.821987     2.2438      98.70     0.1121 1.2900e-01 9.7189e+00     15.415 287.291776    5.19063    30.8812    30.9098    22.8415    1501.37    1494.39 0.0000e+00
        392      9.000    14.8210    14.8210   3.829672   3.832944     2.2169      98.72     0.0932 1.0666e-01 9.7189e+00     16.297 287.291786    5.04060    30.9640    30.9934    22.9012    1501.54    1495.18 0.0000e+00
        413     10.000    14.8816    14.9027   3.862494   3.865720     2.1877      98.74     0.0857 8.5183e-02 9.1738e+00     17.187 287.291796    4.96041    31.2106    31.2227    23.0783    1502.04    1495.87 0.0000e+00
        435     11.000    14.7524    14.7706   3.878769   3.882893     2.1662      98.75     0.0799 7.1034e-02 9.2202e+00     18.087 287.291807    4.94454    31.4607    31.4833    23.2983    1501.93    1496.42 0.0000e+00
        457     12.000    15.0462    15.0523   3.924656   3.928181     2.1512      98.77     0.0702 5.5529e-02 9.7257e+00     18.991 287.291817    4.88603    31.6361    31.6628    23.3709    1503.09    1496.97 0.0000e+00
        478     13.000    15.0038    15.0020   3.923180   3.925323     2.1379      98.78     0.0638 5.1312e-02 9.7189e+00     19.885 287.291827    4.88149    31.6568    31.6775    23.3959    1503.00    1497.43 0.0000e+00
        500     14.000    14.9040    14.9048   3.914481   3.916962     2.1331      98.78     0.0605 5.1273e-02 9.7189e+00     20.771 287.291838    4.89431    31.6590    31.6807    23.4189    1502.70    1497.81 0.0000e+00
        521     15.000    14.7279    14.7280   3.915209   3.917597     2.1257      98.78     0.0575 5.1273e-02 9.7189e+00     21.678 287.291848    4.87588    31.8086    31.8301    23.5714    1502.33    1498.11 0.0000e+00
        543     16.000    14.5217    14.5212   3.907908   3.909915     2.1186      98.78     0.0548 5.1273e-02 9.7189e+00     22.584 287.291859    4.87404    31.9110    31.9297    23.6938    1501.80    1498.34 0.0000e+00
        565     17.000    14.4587    14.4608   3.902391   3.904646     2.1112      98.78     0.0550 5.1266e-02 9.7189e+00     23.480 287.291869    4.86054    31.9122    31.9310    23.7079    1501.61    1498.53 0.0000e+00
        586     18.000    14.2465    14.2448   3.889729   3.891759     2.1058      98.78     0.0558 5.1273e-02 9.7189e+00     24.384 287.291879    4.88581    31.9714    31.9914    23.7976    1501.01    1498.67 0.0000e+00
        608     19.000    14.0986    14.0994   3.887826   3.890009     2.1047      98.78     0.0564 5.1273e-02 9.7189e+00     25.285 287.291890    4.89993    32.0763    32.0957    23.9091    1500.67    1498.77 0.0000e+00
        630     20.000    14.0324    14.0357   3.885883   3.888155     2.1013      98.78     0.0583 5.1273e-02 9.7170e+00     26.192 287.291900    4.89919    32.1132    32.1313    23.9512    1500.51    1498.86 0.0000e+00
        651     21.000    13.9535    13.9477   3.879972   3.881427     2.1023      98.78     0.0600 5.1273e-02 9.2900e+00     27.102 287.291911    4.93969    32.1242    32.1424    23.9758    1500.28    1498.93 0.0000e+00
        673     22.000    13.8474    13.8469   3.879811   3.882155     2.1068      98.78     0.0590 5.1259e-02 9.7168e+00     27.996 287.291921    4.97045    32.2111    32.2332    24.0646    1500.05    1498.98 0.0000e+00
        695     23.000    13.7244    13.7234   3.880180   3.882146     2.1109      98.78     0.0552 5.1280e-02 9.7189e+00     28.898 287.291932    4.99028    32.3176    32.3367    24.1719    1499.79    1499.01 0.0000e+00
        716     24.000    13.5561    13.5568   3.873261   3.875274     2.1145      98.78     0.0544 5.1260e-02 9.7189e+00     29.804 287.291942    5.01291    32.3952    32.4133    24.2658    1499.34    1499.03 0.0000e+00
        738     25.000    13.4211    13.4203   3.872392   3.874348     2.1170      98.78     0.0547 5.1266e-02 9.7189e+00     30.700 287.291953    5.02047    32.5014    32.5204    24.3750    1499.04    1499.03 0.0000e+00
        759     26.000    13.3703    13.3704   3.870462   3.872453     2.1171      98.78     0.0530 5.1266e-02 9.7189e+00     31.594 287.291963    5.02550    32.5263    32.5448    24.4044    1498.92    1499.02 0.0000e+00
        781     27.000    13.2464    13.2486   3.858647   3.860570     2.1196      98.78     0.0544 5.1266e-02 9.7189e+00     32.492 287.291973    5.06700    32.5209    32.5371    24.4250    1498.51    1499.00 0.0000e+00
        802     28.000    13.1357    13.1356   3.849080   3.851091     2.1249      98.78     0.0554 5.1260e-02 9.7189e+00     33.391 287.291984    5.09365    32.5253    32.5443    24.4503    1498.17    1498.97 0.0000e+00
        824     29.000    13.1338    13.1355   3.852537   3.854842     2.1269      98.78     0.0567 5.1273e-02 9.7189e+00     34.298 287.291994    5.08810    32.5591    32.5793    24.4768    1498.22    1498.95 0.0000e+00
        846     30.000    13.1735    13.1695   3.861229   3.862880     2.1295      98.78     0.0574 5.1273e-02 9.7189e+00     35.199 287.292005    5.10648    32.6064    32.6254    24.5056    1498.42    1498.93 0.0000e+00
        867     31.000    13.1589    13.1586   3.861445   3.863440     2.1353      98.78     0.0575 5.1273e-02 9.7189e+00     36.096 287.292015    5.13787    32.6206    32.6396    24.5194    1498.41    1498.91 0.0000e+00
        889     32.000    13.1136    13.1144   3.857760   3.859929     2.1413      98.78     0.0565 5.1273e-02 9.7189e+00     36.997 287.292025    5.15131    32.6244    32.6442    24.5313    1498.28    1498.89 0.0000e+00
        910     33.000    13.1168    13.1177   3.862300   3.864599     2.1439      98.78     0.0561 5.1273e-02 9.2077e+00     37.895 287.292036    5.13828    32.6640    32.6849    24.5614    1498.35    1498.88 0.0000e+00
        932     34.000    13.1200    13.1185   3.865694   3.867704     2.1441      98.78     0.0594 5.1266e-02 9.7185e+00     38.791 287.292046    5.13177    32.6929    32.7131    24.5830    1498.41    1498.86 0.0000e+00
        954     35.000    13.1325    13.1325   3.868335   3.870569     2.1447      98.78     0.0580 5.1273e-02 9.7189e+00     39.691 287.292057    5.13678    32.7066    32.7276    24.5912    1498.49    1498.85 0.0000e+00
        975     36.000    13.1100    13.1122   3.870435   3.872675     2.1458      98.78     0.0551 5.1266e-02 9.7189e+00     40.581 287.292067    5.13821    32.7454    32.7646    24.6256    1498.47    1498.84 0.0000e+00
        996     37.000    13.0112    13.0111   3.864518   3.866633     2.1453      98.78     0.0570 5.1273e-02 9.7189e+00     41.475 287.292077    5.13930    32.7745    32.7945    24.6676    1498.19    1498.83 0.0000e+00
       1018     38.000    13.0024    13.0033   3.864295   3.866532     2.1441      98.78     0.0622 5.1266e-02 9.7189e+00     42.368 287.292088    5.12567    32.7796    32.7999    24.6733    1498.19    1498.81 0.0000e+00
       1039     39.000    12.9777    12.9768   3.867592   3.869695     2.1403      98.78     0.0623 5.1273e-02 9.7189e+00     43.262 287.292098    5.11070    32.8317    32.8524    24.7185    1498.18    1498.79 0.0000e+00
       1061     40.000    12.9519    12.9510   3.870409   3.872541     2.1380      98.78     0.0599 5.1253e-02 9.7189e+00     44.161 287.292108    5.12119    32.8804    32.9013    24.7613    1498.17    1498.78 0.0000e+00
       1082     41.000    12.9266    12.9275   3.869427   3.871672     2.1384      98.78     0.0615 5.1273e-02 9.7189e+00     45.059 287.292119    5.13618    32.8926    32.9131    24.7757    1498.12    1498.76 0.0000e+00
       1104     42.000    12.9031    12.9077   3.867320   3.869852     2.1393      98.78     0.0625 5.1266e-02 9.7189e+00     45.962 287.292129    5.13668    32.8927    32.9127    24.7804    1498.05    1498.74 0.0000e+00
       1126     43.000    12.9060    12.9059   3.868580   3.870749     2.1381      98.78     0.0640 5.1273e-02 9.7189e+00     46.857 287.292140    5.11837    32.9017    32.9223    24.7868    1498.09    1498.73 0.0000e+00
       1147     44.000    12.8751    12.8742   3.869387   3.871440     2.1352      98.78     0.0624 5.1273e-02 9.5242e+00     47.750 287.292150    5.11395    32.9358    32.9561    24.8193    1498.05    1498.71 0.0000e+00
       1169     45.000    12.8034    12.8032   3.867630   3.869727     2.1343      98.78     0.0594 5.1273e-02 8.9766e+00     48.649 287.292160    5.12497    32.9813    33.0014    24.8685    1497.87    1498.69 0.0000e+00
       1190     46.000    12.8021    12.8023   3.869567   3.871800     2.1329      98.78     0.0591 5.1273e-02 9.7255e+00     49.550 287.292171    5.11466    33.0004    33.0215    24.8836    1497.91    1498.68 0.0000e+00
       1212     47.000    12.7711    12.7696   3.872736   3.874768     2.1309      98.78     0.0567 5.1273e-02 9.7189e+00     50.441 287.292181    5.11763    33.0572    33.0779    24.9336    1497.89    1498.66 0.0000e+00
       1233     48.000    12.6727    12.6714   3.867519   3.869471     2.1314      98.78     0.0547 5.1267e-02 9.7189e+00     51.347 287.292192    5.13318    33.0934    33.1132    24.9808    1497.62    1498.64 0.0000e+00
       1255     49.000    12.5938    12.5938   3.863297   3.865427     2.1298      98.78     0.0563 5.1273e-02 9.7189e+00     52.245 287.292202    5.11628    33.1221    33.1424    25.0183    1497.40    1498.61 0.0000e+00
       1276     50.000    12.5885    12.5895   3.863097   3.865287     2.1253      98.78     0.0572 5.1266e-02 9.7189e+00     53.143 287.292212    5.10169    33.1244    33.1444    25.0211    1497.40    1498.59 0.0000e+00
       1298     51.000    12.5892    12.5891   3.864818   3.866965     2.1234      98.78     0.0614 5.1273e-02 9.7189e+00     54.043 287.292223    5.11340    33.1398    33.1604    25.0329    1497.44    1498.57 0.0000e+00
       1319     52.000    12.5130    12.5115   3.859648   3.861525     2.1232      98.78     0.0630 5.1273e-02 9.7189e+00     54.932 287.292233    5.12263    33.1571    33.1764    25.0610    1497.22    1498.54 0.0000e+00
       1341     53.000    12.3888    12.3881   3.850306   3.852399     2.1222      98.78     0.0632 5.1273e-02 9.7189e+00     55.830 287.292243    5.12824    33.1768    33.1975    25.1001    1496.84    1498.51 0.0000e+00
       1363     54.000    12.3567    12.3562   3.853987   3.856278     2.1204      98.78     0.0603 5.1273e-02 9.4302e+00     56.729 287.292254    5.12442    33.2401    33.2626    25.1554    1496.82    1498.48 0.0000e+00
       1384     55.000    12.2564    12.2547   3.851049   3.853014     2.1199      98.78     0.0570 5.1266e-02 8.9564e+00     57.618 287.292264    5.14520    33.3005    33.3209    25.2213    1496.57    1498.44 0.0000e+00
       1405     56.000    12.1172    12.1161   3.845946   3.847988     2.1208      98.78     0.0599 5.1273e-02 9.7180e+00     58.520 287.292274    5.15383    33.3748    33.3956    25.3055    1496.20    1498.40 0.0000e+00
       1427     57.000    11.9882    11.9769   3.839285   3.840579     2.1183      98.78     0.0600 5.1266e-02 9.7189e+00     59.423 287.292285    5.14121    33.4253    33.4480    25.3690    1495.83    1498.36 0.0000e+00
       1449     58.000    11.7518    11.7508   3.827295   3.829198     2.1147      98.78     0.0556 5.1273e-02 9.7189e+00     60.318 287.292295    5.14524    33.5208    33.5403    25.4873    1495.15    1498.30 0.0000e+00
       1470     59.000    11.6846    11.6836   3.823686   3.825537     2.1090      98.78     0.0547 5.1266e-02 9.7189e+00     61.215 287.292306    5.11741    33.5458    33.5648    25.5192    1494.97    1498.25 0.0000e+00
       1492     60.000    11.4156    11.4133   3.808787   3.810421     2.1022      98.79     0.0529 5.1273e-02 9.7189e+00     62.108 287.292316    5.12883    33.6433    33.6614    25.6445    1494.17    1498.18 0.0000e+00
       1513     61.000    11.1906    11.1872   3.795673   3.797375     2.0970      98.79     0.0506 5.1280e-02 9.7189e+00     63.016 287.292327    5.13151    33.7188    33.7388    25.7441    1493.49    1498.10 0.0000e+00
       1535     62.000    11.0416    11.0397   3.786839   3.788578     2.0894      98.78     0.0501 5.1273e-02 9.7189e+00     63.920 287.292337    5.11396    33.7675    33.7865    25.8088    1493.04    1498.02 0.0000e+00
       1557     63.000    10.7802    10.7756   3.770928   3.772319     2.0823      98.78     0.0472 5.1273e-02 9.7189e+00     64.816 287.292347    5.12393    33.8495    33.8677    25.9192    1492.24    1497.93 0.0000e+00
       1579     64.000    10.6144    10.6116   3.760876   3.762595     2.0759      98.79     0.0390 5.1266e-02 9.7189e+00     65.729 287.292358    5.11899    33.9021    33.9220    25.9894    1491.73    1497.83 0.0000e+00
       1600     65.000    10.5936    10.5930   3.759803   3.761683     2.0683      98.79     0.0386 5.1273e-02 8.3588e+00     66.637 287.292368    5.09866    33.9102    33.9297    25.9993    1491.69    1497.73 0.0000e+00
       1622     66.000    10.5349    10.5343   3.756456   3.758307     2.0632      98.79     0.0390 5.1273e-02 8.7971e+00     67.532 287.292379    5.10995    33.9307    33.9499    26.0256    1491.52    1497.64 0.0000e+00
       1643     67.000    10.3585    10.3546   3.745757   3.747248     2.0603      98.78     0.0423 5.1273e-02 9.7154e+00     68.434 287.292389    5.11979    33.9870    34.0057    26.1001    1490.98    1497.54 0.0000e+00
       1665     68.000    10.0339    10.0284   3.726076   3.727472     2.0557      98.78     0.0432 5.1273e-02 9.7189e+00     69.331 287.292400    5.12424    34.0917    34.1111    26.2373    1489.96    1497.43 0.0000e+00
       1687     69.000     9.7668     9.7605   3.710905   3.712339     2.0490      98.79     0.0411 5.1266e-02 9.6306e+00     70.230 287.292410    5.10764    34.1889    34.2096    26.3582    1489.13    1497.31 0.0000e+00
       1708     70.000     9.6415     9.6407   3.703549   3.705262     2.0391      98.79     0.0416 5.1266e-02 9.6271e+00     71.125 287.292420    5.07167    34.2320    34.2504    26.4128    1488.74    1497.18 0.0000e+00
       1729     71.000     9.3940     9.3945   3.689965   3.691774     2.0291      98.79     0.0466 5.1260e-02 9.4275e+00     72.017 287.292431    5.06570    34.3279    34.3462    26.5286    1487.98    1497.05 0.0000e+00
       1751     72.000     9.2961     9.2957   3.684966   3.686777     2.0188      98.79     0.0437 5.1273e-02 8.6659e+00     72.913 287.292441    5.02018    34.3697    34.3889    26.5772    1487.69    1496.92 0.0000e+00
       1773     73.000     9.2055     9.2018   3.680369   3.682011     2.0046      98.78     0.0416 5.1273e-02 8.8712e+00     73.815 287.292452    4.96178    34.4087    34.4294    26.6224    1487.42    1496.79 0.0000e+00
       1794     74.000     9.1498     9.1480   3.677645   3.679445     1.9893      98.78     0.0412 5.1280e-02 8.1708e+00     74.713 287.292462    4.90188    34.4336    34.4541    26.6509    1487.26    1496.66 0.0000e+00
       1816     75.000     9.1014     9.0992   3.675363   3.677141     1.9724      98.79     0.0375 5.1273e-02 7.8594e+00     75.613 287.292472    4.84498    34.4561    34.4768    26.6763    1487.13    1496.53 0.0000e+00
