testdata/CTD/sta0408.cnv
* Sea-Bird SBE 9 Data File:
* FileName = C:\Seabird\CTDData\sta0408.hex
* Software Version Seasave V 7.21f
* Temperature SN = 4557
* Conductivity SN = 1337
* Number of Bytes Per Scan = 40
* Number of Voltage Words = 5
* Number of Scans Averaged by the Deck Unit = 1
* NMEA Latitude = 60 50.58 N
* NMEA Longitude = 005 20.87 E
* NMEA UTC (Time) = Oct 14 2018 07:33:37
* NMEA baud rate = 4800
** Ship: 10 F/F "G. O. Sars"
** Station: 0408
** Echodepth: 367
** Log: 5341.18
** Wind-Dir Force: 19 15
** Air-temp (dry): 18.1
** Weather Sky: 2 8
** Sea Ice: 1 0
# nquan = 20                                
# nvalues = 357                         
# units = specified
# name 0 = scan: Scan Count
# name 1 = prDM: Pressure, Digiquartz [db]
# name 2 = t068C: Temperature [ITS-68, deg C]
# name 3 = t168C: Temperature, 2 [ITS-68, deg C]
# name 4 = c0S/m: Conductivity [S/m]
# name 5 = c1S/m: Conductivity, 2 [S/m]
# name 6 = sbeox0V: Oxygen raw, SBE 43 [V]
# name 7 = altM: Altimeter [m]
# name 8 = flC: Fluorescence, Chelsea Aqua 3 Chl Con [ug/l]
# name 9 = par: PAR/Irradiance, Biospherical/Licor
# name 10 = spar: SPAR/Surface Irradiance
# name 11 = timeS: Time, Elapsed [seconds]
# name 12 = timeJ: Julian Days
# name 13 = sbeox0ML/L: Oxygen, SBE 43 [ml/l], WS = 2
# name 14 = sal00: Salinity, Practical [PSU]
# name 15 = sal11: Salinity, Practical, 2 [PSU]
# name 16 = sigma-t00: Density [sigma-t, Kg/m^3 ]
# name 17 = svCM: Sound Velocity [Chen-Millero, m/s]
# name 18 = avgsvCM: Average Sound Velocity [Chen-Millero, m/s], minP = 1, minS = 5
# name 19 = flag: flag
# span 0 =        418,       8044       
# span 1 =      4.000,    360.000       
# span 2 =     8.0844,    15.2023       
# span 3 =     8.0841,    15.1998       
# span 4 =   2.801268,   3.952034       
# span 5 =   2.783852,   3.954317       
# span 6 =     1.0510,     2.2331       
# span 7 =      14.28,      99.94       
# span 8 =     0.0222,     0.1977       
# span 9 = 5.1194e-02, 1.1968e+00       
# span 10 = 7.0359e+00, 1.9465e+01      
# span 11 =     17.377,    335.117      
# span 12 = 287.315247, 287.318925      
# span 13 =    1.89903,    5.67094      
# span 14 =    22.6276,    35.0110      
# span 15 =    22.4910,    35.0337      
# span 16 =    16.7283,    27.2566      
# span 17 =    1485.01,    1503.66      
# span 18 =    1487.93,    1498.75      
# span 19 = 0.0000e+00, 0.0000e+00      
# interval = decibars: 1                
# start_time = Oct 14 2018 07:33:40 [System UTC, header]
# bad_flag = -9.990e-29
*END*
[from data line 73]
       2009     77.000     8.9277     8.9256   3.666849   3.668769     1.9489      98.79     0.0468 5.1273e-02 1.3606e+01     83.671 287.316015    4.79517    34.5346    34.5568    26.7656    1486.62    1496.04 0.0000e+00
       2031     78.000     8.8965     8.8963   3.665425   3.667472     1.9331      98.79     0.0426 5.1266e-02 1.3606e+01     84.572 287.316025    4.73250    34.5495    34.5712    26.7822    1486.54    1495.92 0.0000e+00
       2052     79.000     8.8841     8.8830   3.664878   3.666914     1.9162      98.79     0.0414 5.1266e-02 1.3606e+01     85.461 287.316035    4.66635    34.5554    34.5779    26.7888    1486.52    1495.80 0.0000e+00
       2073     80.000     8.8814     8.8803   3.664854   3.666916     1.8987      98.79     0.0400 5.1280e-02 1.3606e+01     86.353 287.316046    4.61045    34.5573    34.5800    26.7907    1486.52    1495.69 0.0000e+00
       2095     81.000     8.8678     8.8663   3.664277   3.666327     1.8824      98.79     0.0412 5.1273e-02 1.3606e+01     87.241 287.316056    4.57829    34.5640    34.5870    26.7981    1486.50    1495.57 0.0000e+00
       2116     82.000     8.8548     8.8536   3.663791   3.665874     1.8701      98.79     0.0382 5.1260e-02 1.3606e+01     88.133 287.316066    4.56639    34.5711    34.5942    26.8057    1486.48    1495.46 0.0000e+00
       2138     83.000     8.7956     8.7944   3.661035   3.663114     1.8599      98.78     0.0371 5.1253e-02 1.3606e+01     89.031 287.316077    4.55135    34.5994    34.6225    26.8373    1486.31    1495.35 0.0000e+00
       2159     84.000     8.7358     8.7348   3.658378   3.660464     1.8508      98.79     0.0335 5.1273e-02 1.3606e+01     89.920 287.316087    4.53048    34.6294    34.6524    26.8702    1486.14    1495.24 0.0000e+00
       2180     85.000     8.6921     8.6911   3.656551   3.658630     1.8418      98.79     0.0308 5.1273e-02 1.2638e+01     90.809 287.316097    4.50436    34.6524    34.6753    26.8951    1486.02    1495.13 0.0000e+00
       2202     86.000     8.6639     8.6628   3.655374   3.657470     1.8327      98.79     0.0341 5.1273e-02 1.3598e+01     91.701 287.316108    4.46480    34.6671    34.6904    26.9111    1485.95    1495.02 0.0000e+00
       2223     87.000     8.6612     8.6605   3.655312   3.657429     1.8216      98.79     0.0387 5.1273e-02 1.3606e+01     92.580 287.316118    4.41720    34.6687    34.6917    26.9127    1485.96    1494.92 0.0000e+00
       2244     88.000     8.6591     8.6584   3.655285   3.657410     1.8106      98.79     0.0422 5.1273e-02 1.3606e+01     93.460 287.316128    4.38335    34.6700    34.6931    26.9140    1485.97    1494.81 0.0000e+00
       2265     89.000     8.6357     8.6341   3.654264   3.656348     1.8002      98.78     0.0413 5.1273e-02 1.3606e+01     94.344 287.316138    4.36105    34.6816    34.7052    26.9269    1485.92    1494.71 0.0000e+00
       2286     90.000     8.5920     8.5914   3.652562   3.654692     1.7916      98.79     0.0400 5.1267e-02 1.3606e+01     95.222 287.316148    4.35321    34.7061    34.7292    26.9528    1485.80    1494.61 0.0000e+00
       2308     91.000     8.5614     8.5605   3.651367   3.653504     1.7850      98.78     0.0407 5.1280e-02 1.3606e+01     96.111 287.316159    4.34890    34.7230    34.7465    26.9709    1485.72    1494.52 0.0000e+00
       2329     92.000     8.5357     8.5346   3.650368   3.652488     1.7796      98.78     0.0379 5.1266e-02 1.3606e+01     96.993 287.316169    4.32696    34.7373    34.7608    26.9861    1485.66    1494.42 0.0000e+00
       2350     93.000     8.5140     8.5132   3.649588   3.651728     1.7717      98.78     0.0345 5.1266e-02 1.3606e+01     97.874 287.316179    4.27665    34.7499    34.7734    26.9993    1485.61    1494.32 0.0000e+00
       2371     94.000     8.4740     8.4723   3.648300   3.650413     1.7611      98.78     0.0321 5.1280e-02 1.3606e+01     98.757 287.316189    4.22795    34.7752    34.7993    27.0254    1485.51    1494.23 0.0000e+00
       2392     95.000     8.4473     8.4463   3.647335   3.649467     1.7501      98.75     0.0350 5.1273e-02 1.3606e+01     99.633 287.316199    4.19005    34.7908    34.8144    27.0417    1485.45    1494.14 0.0000e+00
       2413     96.000     8.4288     8.4283   3.646751   3.648913     1.7389      98.51     0.0371 5.1273e-02 1.3606e+01    100.518 287.316210    4.15309    34.8024    34.8258    27.0537    1485.41    1494.05 0.0000e+00
       2435     97.000     8.4091     8.4088   3.646158   3.648320     1.7276      98.74     0.0382 5.1259e-02 1.2634e+01    101.405 287.316220    4.10709    34.8150    34.8383    27.0667    1485.37    1493.96 0.0000e+00
       2456     98.000     8.3922     8.3918   3.645610   3.647772     1.7147      98.78     0.0349 5.1273e-02 1.3560e+01    102.280 287.316230    4.05254    34.8254    34.8488    27.0774    1485.33    1493.87 0.0000e+00
       2477     99.000     8.3783     8.3776   3.645074   3.647224     1.7013      98.78     0.0321 5.1273e-02 1.3606e+01    103.157 287.316240    4.00492    34.8330    34.8566    27.0855    1485.31    1493.78 0.0000e+00
       2498    100.000     8.3498     8.3487   3.644050   3.646188     1.6877      98.78     0.0328 5.1273e-02 1.3606e+01    104.038 287.316250    3.95972    34.8498    34.8737    27.1031    1485.24    1493.69 0.0000e+00
       2519    101.000     8.3328     8.3321   3.643392   3.645542     1.6745      98.79     0.0329 5.1273e-02 1.3606e+01    104.916 287.316261    3.92679    34.8592    34.8828    27.1131    1485.20    1493.61 0.0000e+00
       2540    102.000     8.3139     8.3130   3.642487   3.644618     1.6632      98.79     0.0317 5.1273e-02 1.3606e+01    105.799 287.316271    3.90688    34.8678    34.8914    27.1227    1485.16    1493.53 0.0000e+00
       2561    103.000     8.3014     8.3007   3.641937   3.644106     1.6535      98.79     0.0340 5.1259e-02 1.3606e+01    106.680 287.316281    3.88586    34.8739    34.8977    27.1294    1485.14    1493.44 0.0000e+00
       2582    104.000     8.2941     8.2934   3.641811   3.643976     1.6450      98.78     0.0351 5.1266e-02 1.3606e+01    107.562 287.316291    3.87814    34.8793    34.9031    27.1348    1485.13    1493.36 0.0000e+00
       2604    105.000     8.2912     8.2906   3.641776   3.643926     1.6396      98.78     0.0354 5.1273e-02 1.3606e+01    108.446 287.316301    3.89103    34.8813    34.9048    27.1368    1485.14    1493.29 0.0000e+00
       2625    106.000     8.2840     8.2832   3.641600   3.643749     1.6376      98.79     0.0351 5.1273e-02 1.3606e+01    109.329 287.316312    3.90185    34.8861    34.9098    27.1416    1485.14    1493.21 0.0000e+00
       2646    107.000     8.2739     8.2734   3.641300   3.643482     1.6356      98.78     0.0330 5.1273e-02 1.3606e+01    110.214 287.316322    3.88757    34.8924    34.9162    27.1482    1485.12    1493.13 0.0000e+00
       2667    108.000     8.2540     8.2535   3.639924   3.642101     1.6320      98.79     0.0349 5.1273e-02 1.3429e+01    111.095 287.316332    3.86303    34.8970    34.9207    27.1548    1485.07    1493.06 0.0000e+00
       2688    109.000     8.2460     8.2463   3.639321   3.641577     1.6272      25.04     0.0327 5.1315e-02 1.3019e+01    111.968 287.316342    3.85659    34.8980    34.9218    27.1568    1485.06    1492.98 0.0000e+00
       2709    110.000     8.2364     8.2358   3.638732   3.640912     1.6255      97.94     0.0277 5.1266e-02 1.3606e+01    112.854 287.316352    3.87574    34.9008    34.9247    27.1605    1485.04    1492.91 0.0000e+00
       2731    111.000     8.2264     8.2257   3.638307   3.640479     1.6258      98.77     0.0245 5.1259e-02 1.3606e+01    113.734 287.316363    3.90498    34.9057    34.9296    27.1659    1485.03    1492.84 0.0000e+00
       2752    112.000     8.2212     8.2203   3.638123   3.640281     1.6293      60.01     0.0263 5.1286e-02 1.3606e+01    114.611 287.316373    3.94738    34.9084    34.9324    27.1688    1485.03    1492.77 0.0000e+00
       2773    113.000     8.2182     8.2182   3.638057   3.640237     1.6363      64.21     0.0281 5.1301e-02 1.3606e+01    115.499 287.316383    3.99534    34.9102    34.9335    27.1706    1485.03    1492.70 0.0000e+00
       2794    114.000     8.2097     8.2095   3.637816   3.640001     1.6435      98.80     0.0281 5.1273e-02 1.3606e+01    116.375 287.316393    4.00586    34.9156    34.9392    27.1762    1485.03    1492.63 0.0000e+00
       2815    115.000     8.2081     8.2076   3.637828   3.640018     1.6479      98.79     0.0292 5.1273e-02 1.3606e+01    117.252 287.316403    4.00556    34.9168    34.9407    27.1774    1485.04    1492.57 0.0000e+00
       2836    116.000     8.2086     8.2079   3.637915   3.640086     1.6516      98.79     0.0296 5.1273e-02 1.3606e+01    118.131 287.316414    4.00829    34.9168    34.9407    27.1773    1485.06    1492.50 0.0000e+00
       2857    117.000     8.2093     8.2087   3.638029   3.640218     1.6537      98.79     0.0306 5.1259e-02 1.3606e+01    119.004 287.316424    4.00314    34.9168    34.9408    27.1772    1485.07    1492.44 0.0000e+00
       2878    118.000     8.2116     8.2113   3.638628   3.640844     1.6547      98.79     0.0315 5.1266e-02 1.3606e+01    119.893 287.316434    4.00067    34.9205    34.9444    27.1797    1485.10    1492.38 0.0000e+00
       2900    119.000     8.2060     8.2076   3.638754   3.641121     1.6555      98.79     0.0283 5.1266e-02 1.3606e+01    120.788 287.316444    4.00338    34.9269    34.9506    27.1856    1485.11    1492.31 0.0000e+00
       2921    120.000     8.1996     8.1990   3.638186   3.640321     1.6565      98.79     0.0288 5.1266e-02 1.3496e+01    121.665 287.316454    3.99885    34.9267    34.9501    27.1864    1485.10    1492.25 0.0000e+00
       2942    121.000     8.1810     8.1774   3.636599   3.638520     1.6549      98.79     0.0289 5.1273e-02 1.2199e+01    122.548 287.316465    3.96960    34.9278    34.9519    27.1901    1485.05    1492.19 0.0000e+00
       2963    122.000     8.1740     8.1741   3.636162   3.638347     1.6508      82.43     0.0314 5.1280e-02 1.4030e+01    123.429 287.316475    3.94031    34.9296    34.9528    27.1926    1485.04    1492.14 0.0000e+00
       2985    123.000     8.1695     8.1686   3.635935   3.638077     1.6466      48.15     0.0311 5.1286e-02 1.4311e+01    124.313 287.316485    3.95515    34.9311    34.9549    27.1945    1485.04    1492.08 0.0000e+00
       3006    124.000     8.1566     8.1558   3.635243   3.637383     1.6474      98.47     0.0310 5.1266e-02 1.5181e+01    125.203 287.316495    3.99502    34.9361    34.9598    27.2003    1485.02    1492.02 0.0000e+00
       3027    125.000     8.1512     8.1505   3.634970   3.637116     1.6510      98.78     0.0302 5.1266e-02 1.5551e+01    126.085 287.316506    4.02252    34.9381    34.9617    27.2027    1485.01    1491.96 0.0000e+00
       3048    126.000     8.1493     8.1485   3.634899   3.637045     1.6543      28.83     0.0294 5.1294e-02 1.5550e+01    126.967 287.316516    4.04229    34.9387    34.9625    27.2035    1485.02    1491.91 0.0000e+00
       3069    127.000     8.1480     8.1474   3.634884   3.637035     1.6599      98.32     0.0306 5.1266e-02 1.5550e+01    127.848 287.316526    4.07160    34.9393    34.9630    27.2042    1485.04    1491.85 0.0000e+00
       3090    128.000     8.1478     8.1473   3.634918   3.637071     1.6648      98.81     0.0302 5.1273e-02 1.5550e+01    128.724 287.316536    4.07972    34.9394    34.9630    27.2043    1485.05    1491.80 0.0000e+00
       3112    129.000     8.1481     8.1475   3.634995   3.637155     1.6685      98.78     0.0312 5.1266e-02 1.5550e+01    129.605 287.316546    4.08374    34.9395    34.9632    27.2043    1485.07    1491.75 0.0000e+00
       3133    130.000     8.1477     8.1473   3.635032   3.637197     1.6713      98.78     0.0303 5.1253e-02 1.5550e+01    130.482 287.316557    4.08538    34.9398    34.9633    27.2046    1485.09    1491.70 0.0000e+00
       3154    131.000     8.1464     8.1458   3.634989   3.637141     1.6733      98.78     0.0251 5.1259e-02 1.3740e+01    131.358 287.316567    4.09019    34.9401    34.9638    27.2051    1485.10    1491.65 0.0000e+00
       3175    132.000     8.1442     8.1436   3.634901   3.637052     1.6756      97.85     0.0252 5.1273e-02 1.5526e+01    132.239 287.316577    4.09232    34.9409    34.9645    27.2060    1485.11    1491.60 0.0000e+00
       3196    133.000     8.1427     8.1420   3.634850   3.636995     1.6761      26.35     0.0281 5.1280e-02 1.5550e+01    133.118 287.316587    4.09607    34.9414    34.9650    27.2066    1485.12    1491.55 0.0000e+00
       3217    134.000     8.1398     8.1392   3.634735   3.636866     1.6785      98.37     0.0296 5.1246e-02 1.5550e+01    133.995 287.316597    4.10274    34.9425    34.9659    27.2079    1485.13    1491.50 0.0000e+00
       3238    135.000     8.1379     8.1373   3.634653   3.636801     1.6789      98.78     0.0303 5.1273e-02 1.5550e+01    134.880 287.316607    4.09526    34.9431    34.9666    27.2086    1485.14    1491.45 0.0000e+00
       3259    136.000     8.1350     8.1342   3.634502   3.636629     1.6786      52.49     0.0306 5.1287e-02 1.5550e+01    135.758 287.316618    4.08805    34.9438    34.9674    27.2097    1485.14    1491.41 0.0000e+00
       3281    137.000     8.1335     8.1330   3.634456   3.636595     1.6787      79.43     0.0301 5.1273e-02 1.5550e+01    136.646 287.316628    4.10314    34.9444    34.9678    27.2103    1485.15    1491.36 0.0000e+00
       3302    138.000     8.1333     8.1326   3.634484   3.636609     1.6800      98.60     0.0291 5.1266e-02 1.5550e+01    137.534 287.316638    4.10573    34.9444    34.9678    27.2104    1485.17    1491.31 0.0000e+00
       3323    139.000     8.1318     8.1312   3.634432   3.636567     1.6805      83.57     0.0273 5.1273e-02 1.5550e+01    138.415 287.316648    4.10209    34.9448    34.9683    27.2110    1485.18    1491.27 0.0000e+00
       3344    140.000     8.1301     8.1296   3.634370   3.636504     1.6804      46.93     0.0272 5.1287e-02 1.5550e+01    139.298 287.316659    4.10719    34.9454    34.9687    27.2116    1485.19    1491.23 0.0000e+00
       3365    141.000     8.1287     8.1285   3.634327   3.636479     1.6815      99.59     0.0284 5.1280e-02 1.5550e+01    140.181 287.316669    4.11547    34.9458    34.9691    27.2122    1485.20    1491.18 0.0000e+00
       3387    142.000     8.1285     8.1280   3.634358   3.636491     1.6825      98.76     0.0297 5.1273e-02 1.5253e+01    141.065 287.316679    4.11675    34.9459    34.9692    27.2123    1485.22    1491.14 0.0000e+00
       3408    143.000     8.1281     8.1274   3.634388   3.636504     1.6828      29.48     0.0282 5.1300e-02 1.5447e+01    141.953 287.316689    4.12076    34.9461    34.9695    27.2125    1485.23    1491.10 0.0000e+00
       3429    144.000     8.1277     8.1272   3.634410   3.636534     1.6846      97.38     0.0270 5.1266e-02 1.5647e+01    142.831 287.316699    4.12629    34.9463    34.9695    27.2127    1485.25    1491.06 0.0000e+00
       3450    145.000     8.1261     8.1256   3.634374   3.636506     1.6843      98.78     0.0257 5.1266e-02 1.6190e+01    143.710 287.316710    4.11772    34.9470    34.9703    27.2135    1485.26    1491.02 0.0000e+00
       3471    146.000     8.1251     8.1246   3.634375   3.636517     1.6842      66.57     0.0268 5.1280e-02 1.6940e+01    144.586 287.316720    4.11560    34.9475    34.9709    27.2141    1485.27    1490.98 0.0000e+00
       3492    147.000     8.1240     8.1234   3.634351   3.636481     1.6842      61.05     0.0254 5.1280e-02 1.7221e+01    145.458 287.316730    4.12549    34.9479    34.9713    27.2145    1485.29    1490.94 0.0000e+00
