testdata/CTD/sta0419.cnv
* Sea-Bird SBE 9 Data File:
* FileName = C:\Seabird\CTDData\sta0419.hex
* Software Version Seasave V 7.21f
* Temperature SN = 4557
* Conductivity SN = 1337
* Number of Bytes Per Scan = 40
* Number of Voltage Words = 5
* Number of Scans Averaged by the Deck Unit = 1
* NMEA Latitude = 61 29.29 N
* NMEA Longitude = 005 16.10 E
* NMEA UTC (Time) = Oct 17 2018 11:27:05
* NMEA baud rate = 4800
** Ship: 10 F/F "G. O. Sars"
** Station: 0419
** Echodepth: 371
** Log: 5596.185
** Wind-Dir Force: 24 21
** Air-temp (dry): 11.2
** Weather Sky: 0 0
** Sea Ice: 0 0
# nquan = 20                                
# nvalues = 360                         
# units = specified
# name 0 = scan: Scan Count
# name 1 = prDM: Pressure, Digiquartz [db]
# name 2 = t068C: Temperature [ITS-68, deg C]
# name 3 = t168C: Temperature, 2 [ITS-68, deg C]
# name 4 = c0S/m: Conductivity [S/m]
# name 5 = c1S/m: Conductivity, 2 [S/m]
# name 6 = sbeox0V: Oxygen raw, SBE 43 [V]
# name 7 = altM: Altimeter [m]
# name 8 = flC: Fluorescence, Chelsea Aqua 3 Chl Con [ug/l]
# name 9 = par: PAR/Irradiance, Biospherical/Licor
# name 10 = spar: SPAR/Surface Irradiance
# name 11 = timeS: Time, Elapsed [seconds]
# name 12 = timeJ: Julian Days
# name 13 = sbeox0ML/L: Oxygen, SBE 43 [ml/l], WS = 2
# name 14 = sal00: Salinity, Practical [PSU]
# name 15 = sal11: Salinity, Practical, 2 [PSU]
# name 16 = sigma-t00: Density [sigma-t, Kg/m^3 ]
# name 17 = svCM: Sound Velocity [Chen-Millero, m/s]
# name 18 = avgsvCM: Average Sound Velocity [Chen-Millero, m/s], minP = 1, minS = 5
# name 19 = flag: flag
# span 0 =        -19,       8174       
# span 1 =      2.000,    361.000       
# span 2 =     7.6806,    13.2195       
# span 3 =     7.6803,    13.2221       
# span 4 =   3.149306,   3.879268       
# span 5 =   3.150560,   3.881161       
# span 6 =     1.8601,     2.2787       
# span 7 =       0.08,     102.02       
# span 8 =     0.0147,     0.2311       
# span 9 = 5.1211e-02, 3.5219e+01       
# span 10 = 2.7565e+02, 4.5290e+02      
# span 11 =     -0.826,    340.559      
# span 12 = 290.477155, 290.481106      
# span 13 =    4.64781,    5.88714      
# span 14 =    26.8891,    35.0625      
# span 15 =    26.9042,    35.0825      
# span 16 =    20.3113,    27.3708      
# span 17 =    1484.32,    1498.57      
# span 18 =    1486.94,    1495.08      
# span 19 = 0.0000e+00, 0.0000e+00      
# interval = decibars: 1                
# start_time = Oct 17 2018 11:27:07 [System UTC, header]
# bad_flag = -9.990e-29
*END*
[from data line 218]
       5160    220.000     7.7332     7.7327   3.609919   3.611746     1.9838      98.79     0.0225 5.1273e-02 4.3543e+02    214.978 290.479652    5.28626    35.0404    35.0607    27.3457    1485.12    1489.19 0.0000e+00
       5182    221.000     7.7322     7.7322   3.609903   3.611748     1.9850      98.78     0.0249 5.1273e-02 4.3729e+02    215.884 290.479663    5.29409    35.0408    35.0607    27.3461    1485.14    1489.17 0.0000e+00
       5204    222.000     7.7305     7.7301   3.609830   3.611657     1.9866      98.78     0.0253 5.1266e-02 4.3735e+02    216.775 290.479673    5.30228    35.0412    35.0614    27.3467    1485.15    1489.15 0.0000e+00
       5225    223.000     7.7287     7.7282   3.609752   3.611560     1.9884      98.76     0.0235 5.1266e-02 4.3770e+02    217.685 290.479684    5.30762    35.0417    35.0617    27.3474    1485.16    1489.14 0.0000e+00
       5248    224.000     7.7279     7.7275   3.609742   3.611569     1.9892      98.75     0.0249 5.1273e-02 4.3930e+02    218.612 290.479695    5.30312    35.0419    35.0621    27.3476    1485.17    1489.12 0.0000e+00
       5269    225.000     7.7278     7.7274   3.609785   3.611609     1.9899      98.74     0.0219 5.1273e-02 4.3929e+02    219.518 290.479705    5.31036    35.0420    35.0621    27.3477    1485.19    1489.10 0.0000e+00
       5291    226.000     7.7274     7.7267   3.609813   3.611620     1.9911      98.72     0.0199 5.1273e-02 4.4062e+02    220.437 290.479716    5.31986    35.0422    35.0624    27.3479    1485.20    1489.08 0.0000e+00
       5313    227.000     7.7263     7.7262   3.609807   3.611660     1.9927      98.69     0.0208 5.1273e-02 4.4124e+02    221.347 290.479726    5.32292    35.0427    35.0629    27.3485    1485.22    1489.07 0.0000e+00
       5335    228.000     7.7231     7.7224   3.609617   3.611425     1.9935      98.62     0.0200 5.1273e-02 4.4207e+02    222.246 290.479737    5.32376    35.0434    35.0637    27.3495    1485.22    1489.05 0.0000e+00
       5357    229.000     7.7164     7.7165   3.609211   3.611053     1.9940      98.46     0.0188 5.1260e-02 4.4318e+02    223.169 290.479747    5.32196    35.0453    35.0651    27.3520    1485.22    1489.03 0.0000e+00
       5379    230.000     7.7151     7.7147   3.609202   3.611030     1.9941      98.64     0.0171 5.1273e-02 4.3846e+02    224.087 290.479758    5.32073    35.0460    35.0662    27.3527    1485.23    1489.02 0.0000e+00
       5401    231.000     7.7148     7.7144   3.609269   3.611092     1.9941      98.75     0.0164 5.1273e-02 4.4501e+02    225.018 290.479769    5.32156    35.0465    35.0666    27.3532    1485.24    1489.00 0.0000e+00
       5424    232.000     7.7151     7.7147   3.609347   3.611180     1.9942      98.75     0.0149 5.1273e-02 4.4513e+02    225.940 290.479779    5.32201    35.0466    35.0668    27.3532    1485.26    1488.98 0.0000e+00
       5445    233.000     7.7136     7.7134   3.609305   3.611138     1.9941      98.76     0.0152 5.1273e-02 4.4513e+02    226.834 290.479790    5.32308    35.0471    35.0672    27.3539    1485.27    1488.97 0.0000e+00
       5467    234.000     7.7128     7.7123   3.609319   3.611152     1.9943      98.79     0.0198 5.1266e-02 4.4557e+02    227.735 290.479800    5.32939    35.0476    35.0679    27.3544    1485.29    1488.95 0.0000e+00
       5488    235.000     7.7133     7.7124   3.609414   3.611215     1.9949      98.80     0.0189 5.1259e-02 4.4708e+02    228.634 290.479811    5.32892    35.0477    35.0680    27.3543    1485.30    1488.94 0.0000e+00
       5510    236.000     7.7129     7.7117   3.609440   3.611248     1.9949      98.80     0.0188 5.1267e-02 4.4707e+02    229.531 290.479821    5.33063    35.0478    35.0686    27.3545    1485.32    1488.92 0.0000e+00
       5532    237.000     7.7113     7.7107   3.609451   3.611286     1.9953      98.80     0.0223 5.1273e-02 4.4707e+02    230.447 290.479832    5.32937    35.0491    35.0695    27.3557    1485.33    1488.91 0.0000e+00
       5553    238.000     7.7105     7.7100   3.609514   3.611332     1.9948      98.80     0.0237 5.1273e-02 4.4768e+02    231.348 290.479842    5.32453    35.0501    35.0702    27.3566    1485.35    1488.89 0.0000e+00
       5575    239.000     7.7100     7.7095   3.609570   3.611393     1.9947      98.80     0.0198 5.1273e-02 4.4899e+02    232.259 290.479853    5.33124    35.0507    35.0709    27.3572    1485.36    1488.88 0.0000e+00
       5597    240.000     7.7101     7.7096   3.609618   3.611444     1.9950      98.80     0.0186 5.1273e-02 4.4512e+02    233.168 290.479863    5.33039    35.0506    35.0709    27.3571    1485.38    1488.86 0.0000e+00
       5618    241.000     7.7100     7.7091   3.609663   3.611459     1.9945      98.80     0.0182 5.1266e-02 4.4971e+02    234.061 290.479873    5.33126    35.0507    35.0711    27.3572    1485.40    1488.85 0.0000e+00
       5640    242.000     7.7093     7.7080   3.609688   3.611475     1.9953      98.78     0.0201 5.1273e-02 4.5096e+02    234.960 290.479884    5.34102    35.0512    35.0718    27.3577    1485.41    1488.83 0.0000e+00
       5661    243.000     7.7082     7.7070   3.609682   3.611454     1.9960      98.78     0.0200 5.1273e-02 4.5096e+02    235.850 290.479894    5.34240    35.0518    35.0721    27.3583    1485.42    1488.82 0.0000e+00
       5683    244.000     7.7064     7.7059   3.609588   3.611400     1.9962      98.78     0.0200 5.1266e-02 4.5106e+02    236.738 290.479904    5.34117    35.0521    35.0722    27.3588    1485.43    1488.80 0.0000e+00
       5704    245.000     7.7060     7.7051   3.609587   3.611364     1.9965      98.80     0.0186 5.1273e-02 4.5272e+02    237.630 290.479915    5.34216    35.0520    35.0721    27.3588    1485.45    1488.79 0.0000e+00
       5725    246.000     7.7046     7.7043   3.609500   3.611266     1.9966      98.80     0.0191 5.1267e-02 4.5290e+02    238.521 290.479925    5.34261    35.0520    35.0714    27.3590    1485.46    1488.78 0.0000e+00
       5747    247.000     7.7023     7.7016   3.609336   3.611130     1.9966      98.80     0.0196 5.1273e-02 4.5290e+02    239.419 290.479935    5.34241    35.0520    35.0721    27.3594    1485.47    1488.76 0.0000e+00
       5769    248.000     7.6993     7.6988   3.609116   3.610928     1.9966      98.80     0.0196 5.1266e-02 4.5290e+02    240.317 290.479946    5.34289    35.0522    35.0723    27.3599    1485.47    1488.75 0.0000e+00
       5790    249.000     7.6986     7.6981   3.609097   3.610908     1.9965      98.80     0.0223 5.1273e-02 4.5290e+02    241.203 290.479956    5.34112    35.0522    35.0723    27.3600    1485.49    1488.74 0.0000e+00
       5811    250.000     7.6976     7.6970   3.609082   3.610903     1.9960      98.80     0.0197 5.1273e-02 4.5290e+02    242.095 290.479966    5.33794    35.0525    35.0728    27.3604    1485.50    1488.72 0.0000e+00
       5833    251.000     7.6971     7.6963   3.609118   3.610933     1.9952      98.78     0.0180 5.1266e-02 4.4907e+02    242.990 290.479977    5.32851    35.0529    35.0734    27.3608    1485.51    1488.71 0.0000e+00
       5854    252.000     7.6963     7.6962   3.609142   3.610970     1.9937      98.55     0.0195 5.1260e-02 4.5286e+02    243.887 290.479987    5.32904    35.0535    35.0734    27.3614    1485.53    1488.70 0.0000e+00
       5876    253.000     7.6972     7.6967   3.609230   3.611062     1.9939      98.23     0.0186 5.1259e-02 4.5290e+02    244.791 290.479998    5.34285    35.0531    35.0734    27.3609    1485.55    1488.69 0.0000e+00
       5897    254.000     7.6972     7.6967   3.609312   3.611140     1.9947      98.58     0.0193 5.1266e-02 4.5290e+02    245.686 290.480008    5.34923    35.0535    35.0737    27.3612    1485.56    1488.67 0.0000e+00
       5919    255.000     7.6958     7.6952   3.609249   3.611059     1.9953      98.72     0.0226 5.1273e-02 4.5290e+02    246.576 290.480018    5.34753    35.0537    35.0739    27.3616    1485.58    1488.66 0.0000e+00
       5940    256.000     7.6958     7.6953   3.609384   3.611202     1.9954      98.74     0.0232 5.1260e-02 4.5290e+02    247.475 290.480029    5.34486    35.0547    35.0748    27.3624    1485.59    1488.65 0.0000e+00
       5962    257.000     7.6953     7.6949   3.609442   3.611262     1.9952      98.72     0.0237 5.1273e-02 4.5290e+02    248.368 290.480039    5.34173    35.0553    35.0754    27.3630    1485.61    1488.64 0.0000e+00
       5983    258.000     7.6942     7.6937   3.609398   3.611215     1.9948      98.73     0.0219 5.1259e-02 4.5290e+02    249.261 290.480049    5.34044    35.0555    35.0756    27.3633    1485.62    1488.63 0.0000e+00
       6005    259.000     7.6925     7.6921   3.609309   3.611117     1.9944      98.75     0.0208 5.1273e-02 4.5290e+02    250.152 290.480060    5.33933    35.0557    35.0757    27.3637    1485.63    1488.62 0.0000e+00
       6026    260.000     7.6916     7.6912   3.609270   3.611102     1.9939      98.77     0.0187 5.1273e-02 4.5290e+02    251.045 290.480070    5.33545    35.0557    35.0759    27.3638    1485.64    1488.60 0.0000e+00
       6048    261.000     7.6907     7.6901   3.609255   3.611080     1.9929      98.78     0.0173 5.1266e-02 4.5290e+02    251.943 290.480080    5.33500    35.0560    35.0763    27.3642    1485.66    1488.59 0.0000e+00
       6069    262.000     7.6898     7.6894   3.609239   3.611061     1.9928      98.76     0.0182 5.1273e-02 4.4731e+02    252.826 290.480091    5.34093    35.0562    35.0763    27.3645    1485.67    1488.58 0.0000e+00
       6090    263.000     7.6896     7.6891   3.609271   3.611095     1.9929      98.71     0.0203 5.1266e-02 4.5287e+02    253.724 290.480101    5.34273    35.0563    35.0765    27.3646    1485.69    1488.57 0.0000e+00
       6112    264.000     7.6894     7.6890   3.609315   3.611132     1.9931      98.65     0.0216 5.1266e-02 4.5290e+02    254.632 290.480111    5.34398    35.0565    35.0765    27.3647    1485.70    1488.56 0.0000e+00
       6134    265.000     7.6890     7.6886   3.609334   3.611147     1.9930      98.07     0.0235 5.1273e-02 4.5290e+02    255.525 290.480122    5.34219    35.0566    35.0766    27.3649    1485.72    1488.55 0.0000e+00
       6155    266.000     7.6879     7.6875   3.609314   3.611125     1.9929      97.99     0.0227 5.1266e-02 4.5262e+02    256.420 290.480132    5.34368    35.0570    35.0770    27.3654    1485.73    1488.54 0.0000e+00
       6176    267.000     7.6873     7.6868   3.609304   3.611128     1.9929      98.17     0.0217 5.1266e-02 4.5114e+02    257.312 290.480142    5.34475    35.0570    35.0772    27.3655    1485.74    1488.53 0.0000e+00
       6198    268.000     7.6873     7.6868   3.609370   3.611193     1.9929      98.55     0.0193 5.1273e-02 4.5096e+02    258.200 290.480153    5.34542    35.0572    35.0774    27.3657    1485.76    1488.52 0.0000e+00
       6219    269.000     7.6873     7.6869   3.609445   3.611264     1.9929      98.66     0.0218 5.1266e-02 4.5096e+02    259.098 290.480163    5.34575    35.0575    35.0776    27.3659    1485.78    1488.51 0.0000e+00
       6241    270.000     7.6860     7.6856   3.609373   3.611196     1.9928      98.65     0.0230 5.1273e-02 4.5096e+02    259.988 290.480174    5.34121    35.0576    35.0777    27.3661    1485.79    1488.50 0.0000e+00
       6262    271.000     7.6856     7.6852   3.609383   3.611208     1.9918      98.68     0.0218 5.1259e-02 4.4965e+02    260.881 290.480184    5.33746    35.0576    35.0777    27.3662    1485.80    1488.49 0.0000e+00
       6284    272.000     7.6852     7.6848   3.609415   3.611239     1.9916      98.74     0.0185 5.1260e-02 4.4900e+02    261.783 290.480194    5.34313    35.0579    35.0780    27.3665    1485.82    1488.48 0.0000e+00
       6305    273.000     7.6851     7.6847   3.609454   3.611267     1.9918      98.75     0.0188 5.1260e-02 4.4367e+02    262.683 290.480205    5.34549    35.0579    35.0779    27.3665    1485.84    1488.47 0.0000e+00
       6327    274.000     7.6848     7.6843   3.609485   3.611297     1.9917      98.66     0.0213 5.1252e-02 4.4884e+02    263.587 290.480215    5.34525    35.0580    35.0781    27.3667    1485.85    1488.46 0.0000e+00
       6349    275.000     7.6842     7.6837   3.609501   3.611295     1.9917      98.62     0.0242 5.1273e-02 4.4732e+02    264.490 290.480226    5.34978    35.0583    35.0782    27.3670    1485.87    1488.45 0.0000e+00
       6370    276.000     7.6837     7.6833   3.609513   3.611329     1.9925      98.41     0.0242 5.1266e-02 4.4707e+02    265.383 290.480236    5.35738    35.0585    35.0785    27.3672    1485.88    1488.44 0.0000e+00
       6392    277.000     7.6837     7.6833   3.609557   3.611379     1.9929      98.79     0.0229 5.1273e-02 4.4707e+02    266.272 290.480246    5.35164    35.0585    35.0786    27.3672    1485.90    1488.43 0.0000e+00
       6413    278.000     7.6838     7.6834   3.609614   3.611436     1.9924      98.80     0.0208 5.1266e-02 4.4707e+02    267.157 290.480256    5.34158    35.0585    35.0786    27.3672    1485.91    1488.42 0.0000e+00
       6434    279.000     7.6839     7.6835   3.609666   3.611476     1.9911      98.46     0.0223 5.1253e-02 4.4689e+02    268.054 290.480267    5.33604    35.0585    35.0784    27.3671    1485.93    1488.41 0.0000e+00
       6456    280.000     7.6836     7.6832   3.609694   3.611516     1.9905      98.40     0.0246 5.1266e-02 4.4515e+02    268.950 290.480277    5.34141    35.0586    35.0787    27.3673    1485.95    1488.40 0.0000e+00
       6477    281.000     7.6837     7.6833   3.609754   3.611571     1.9901      98.77     0.0216 5.1260e-02 4.4513e+02    269.848 290.480288    5.34026    35.0586    35.0787    27.3673    1485.96    1488.39 0.0000e+00
       6499    282.000     7.6838     7.6834   3.609822   3.611639     1.9898      98.63     0.0190 5.1253e-02 4.4512e+02    270.745 290.480298    5.34189    35.0588    35.0789    27.3674    1485.98    1488.39 0.0000e+00
       6520    283.000     7.6839     7.6835   3.609887   3.611709     1.9896      98.78     0.0190 5.1259e-02 4.4335e+02    271.636 290.480308    5.34209    35.0589    35.0790    27.3675    1486.00    1488.38 0.0000e+00
       6541    284.000     7.6841     7.6837   3.609975   3.611789     1.9895      98.78     0.0212 5.1260e-02 4.4318e+02    272.515 290.480318    5.34333    35.0592    35.0792    27.3677    1486.01    1488.37 0.0000e+00
       6563    285.000     7.6840     7.6837   3.610019   3.611837     1.9893      97.98     0.0208 5.1273e-02 4.3680e+02    273.408 290.480329    5.34302    35.0593    35.0792    27.3678    1486.03    1488.36 0.0000e+00
       6584    286.000     7.6839     7.6835   3.610061   3.611878     1.9893      98.49     0.0177 5.1266e-02 4.3943e+02    274.310 290.480339    5.34097    35.0593    35.0794    27.3678    1486.05    1488.35 0.0000e+00
       6606    287.000     7.6838     7.6834   3.610105   3.611921     1.9884      98.14     0.0147 5.1266e-02 4.4122e+02    275.217 290.480350    5.33480    35.0594    35.0795    27.3679    1486.06    1488.34 0.0000e+00
       6628    288.000     7.6837     7.6833   3.610148   3.611962     1.9880      97.84     0.0152 5.1253e-02 4.4032e+02    276.120 290.480360    5.34543    35.0595    35.0795    27.3680    1486.08    1488.34 0.0000e+00
       6649    289.000     7.6838     7.6834   3.610219   3.612028     1.9890      97.11     0.0209 5.1273e-02 4.3928e+02    277.010 290.480370    5.35253    35.0597    35.0796    27.3681    1486.10    1488.33 0.0000e+00
       6671    290.000     7.6838     7.6834   3.610272   3.612084     1.9891      98.40     0.0216 5.1273e-02 4.3929e+02    277.901 290.480381    5.34048    35.0598    35.0798    27.3682    1486.11    1488.32 0.0000e+00
