testdata/CTD/sta0401.cnv
* Sea-Bird SBE 9 Data File:
* FileName = C:\Seabird\CTDData\sta0401.hex
* Software Version Seasave V 7.21f
* Temperature SN = 4557
* Conductivity SN = 1337
* Number of Bytes Per Scan = 40
* Number of Voltage Words = 5
* Number of Scans Averaged by the Deck Unit = 1
* NMEA Latitude = 60 46.35 N
* NMEA Longitude = 005 13.17 E
* NMEA UTC (Time) = Oct 14 2018 03:26:05
* NMEA baud rate = 4800
** Ship: 10 F/F "G. O. Sars"
** Station: 0401
** Echodepth: 365
** Log: 5333.27
** Wind-Dir Force: 17 14
** Air-temp (dry): 19.2
** Weather Sky: 0 6
** Sea Ice: 3 0
# nquan = 20                                
# nvalues = 370                         
# units = specified
# name 0 = scan: Scan Count
# name 1 = prDM: Pressure, Digiquartz [db]
# name 2 = t068C: Temperature [ITS-68, deg C]
# name 3 = t168C: Temperature, 2 [ITS-68, deg C]
# name 4 = c0S/m: Conductivity [S/m]
# name 5 = c1S/m: Conductivity, 2 [S/m]
# name 6 = sbeox0V: Oxygen raw, SBE 43 [V]
# name 7 = altM: Altimeter [m]
# name 8 = flC: Fluorescence, Chelsea Aqua 3 Chl Con [ug/l]
# name 9 = par: PAR/Irradiance, Biospherical/Licor
# name 10 = spar: SPAR/Surface Irradiance
# name 11 = timeS: Time, Elapsed [seconds]
# name 12 = timeJ: Julian Days
# name 13 = sbeox0ML/L: Oxygen, SBE 43 [ml/l], WS = 2
# name 14 = sal00: Salinity, Practical [PSU]
# name 15 = sal11: Salinity, Practical, 2 [PSU]
# name 16 = sigma-t00: Density [sigma-t, Kg/m^3 ]
# name 17 = svCM: Sound Velocity [Chen-Millero, m/s]
# name 18 = avgsvCM: Average Sound Velocity [Chen-Millero, m/s], minP = 1, minS = 5
# name 19 = flag: flag
# span 0 =        323,       8462       
# span 1 =      4.000,    373.000       
# span 2 =     7.4764,    13.7908       
# span 3 =     7.4759,    13.7710       
# span 4 =   3.599594,   3.830712       
# span 5 =   3.601763,   3.832994       
# span 6 =     1.8122,     2.2392       
# span 7 =       6.22,      98.86       
# span 8 =     0.0121,     0.1304       
# span 9 = 5.1227e-02, 6.4196e-01       
# span 10 = 6.6039e-01, 1.9446e+00      
# span 11 =     13.432,    352.548      
# span 12 = 287.143292, 287.147217      
# span 13 =    4.54565,    5.70821      
# span 14 =    30.9737,    35.1148      
# span 15 =    31.0231,    35.1389      
# span 16 =    23.1207,    27.4417      
# span 17 =    1485.49,    1498.12      
# span 18 =    1488.43,    1498.12      
# span 19 = 0.0000e+00, 0.0000e+00      
# interval = decibars: 1                
# start_time = Oct 14 2018 03:26:07 [System UTC, header]
# bad_flag = -9.990e-29
*END*
[from data line 290]
       6536    294.000     7.5784     7.5777   3.603959   3.606108     2.0443      96.28     0.0189 5.1246e-02 -9.990e-29    272.290 287.146288    5.56953    35.0955    35.1195    27.4117    1485.82    1489.00 0.0000e+00
       6558    295.000     7.5776     7.5768   3.603956   3.606095     2.0449      96.26     0.0185 5.1266e-02 -9.990e-29    273.188 287.146299    5.57412    35.0958    35.1198    27.4121    1485.84    1488.99 0.0000e+00
       6579    296.000     7.5749     7.5743   3.603801   3.605959     2.0455      96.15     0.0196 5.1266e-02 -9.990e-29    274.085 287.146309    5.57229    35.0964    35.1204    27.4129    1485.84    1488.98 0.0000e+00
       6601    297.000     7.5731     7.5727   3.603717   3.605892     2.0452      96.47     0.0203 5.1266e-02 -9.990e-29    274.982 287.146319    5.56912    35.0968    35.1208    27.4135    1485.85    1488.97 0.0000e+00
       6622    298.000     7.5706     7.5702   3.603590   3.605744     2.0455      98.08     0.0183 5.1252e-02 -9.990e-29    275.880 287.146330    5.57711    35.0974    35.1212    27.4144    1485.86    1488.96 0.0000e+00
       6644    299.000     7.5692     7.5686   3.603531   3.605684     2.0460      98.48     0.0165 5.1267e-02 -9.990e-29    276.774 287.146340    5.58150    35.0977    35.1217    27.4148    1485.87    1488.95 0.0000e+00
       6665    300.000     7.5680     7.5673   3.603515   3.605654     2.0467      98.57     0.0190 5.1273e-02 -9.990e-29    277.660 287.146350    5.58786    35.0983    35.1222    27.4154    1485.88    1488.94 0.0000e+00
       6686    301.000     7.5682     7.5678   3.603619   3.605777     2.0479      98.61     0.0188 5.1260e-02 -9.990e-29    278.557 287.146361    5.59520    35.0987    35.1225    27.4157    1485.90    1488.93 0.0000e+00
       6708    302.000     7.5680     7.5674   3.603662   3.605805     2.0490      98.65     0.0182 5.1266e-02 -9.990e-29    279.447 287.146371    5.59433    35.0989    35.1227    27.4159    1485.92    1488.92 0.0000e+00
       6729    303.000     7.5680     7.5674   3.603698   3.605864     2.0491      98.72     0.0176 5.1259e-02 -9.990e-29    280.335 287.146381    5.59418    35.0988    35.1229    27.4158    1485.93    1488.91 0.0000e+00
       6750    304.000     7.5681     7.5676   3.603776   3.605931     2.0500      98.75     0.0173 5.1266e-02 -9.990e-29    281.213 287.146391    5.59957    35.0990    35.1229    27.4160    1485.95    1488.90 0.0000e+00
       6771    305.000     7.5682     7.5678   3.603847   3.606005     2.0500      98.75     0.0164 5.1273e-02 -9.990e-29    282.086 287.146401    5.59039    35.0992    35.1230    27.4161    1485.97    1488.89 0.0000e+00
       6792    306.000     7.5683     7.5678   3.603905   3.606070     2.0497      98.75     0.0163 5.1266e-02 -9.990e-29    282.976 287.146412    5.59376    35.0993    35.1232    27.4162    1485.99    1488.88 0.0000e+00
       6814    307.000     7.5680     7.5674   3.603957   3.606115     2.0500      98.74     0.0181 5.1266e-02 -9.990e-29    283.864 287.146422    5.60046    35.0996    35.1236    27.4165    1486.00    1488.87 0.0000e+00
       6835    308.000     7.5675     7.5670   3.603993   3.606147     2.0505      98.71     0.0180 5.1273e-02 -9.990e-29    284.745 287.146432    5.60443    35.1000    35.1239    27.4169    1486.02    1488.86 0.0000e+00
       6856    309.000     7.5671     7.5666   3.604021   3.606177     2.0514      98.67     0.0178 5.1273e-02 -9.990e-29    285.632 287.146442    5.61024    35.1003    35.1241    27.4171    1486.03    1488.85 0.0000e+00
       6877    310.000     7.5665     7.5659   3.604052   3.606211     2.0519      98.65     0.0183 5.1266e-02 -9.990e-29    286.511 287.146453    5.60515    35.1007    35.1247    27.4176    1486.05    1488.84 0.0000e+00
       6898    311.000     7.5664     7.5659   3.604101   3.606260     2.0515      98.45     0.0183 5.1245e-02 -9.990e-29    287.388 287.146463    5.60067    35.1009    35.1248    27.4177    1486.06    1488.83 0.0000e+00
       6919    312.000     7.5658     7.5653   3.604136   3.606303     2.0513      98.01     0.0202 5.1273e-02 -9.990e-29    288.264 287.146473    5.60315    35.1014    35.1254    27.4182    1486.08    1488.82 0.0000e+00
       6940    313.000     7.5656     7.5651   3.604199   3.606353     2.0514      97.50     0.0215 5.1273e-02 -9.990e-29    289.138 287.146483    5.60414    35.1017    35.1256    27.4185    1486.09    1488.82 0.0000e+00
       6961    314.000     7.5656     7.5651   3.604244   3.606421     2.0513      98.86     0.0215 5.1273e-02 -9.990e-29    290.018 287.146493    5.60955    35.1017    35.1259    27.4185    1486.11    1488.81 0.0000e+00
       6982    315.000     7.5660     7.5655   3.604356   3.606513     2.0521      98.82     0.0198 5.1273e-02 -9.990e-29    290.894 287.146503    5.61443    35.1021    35.1260    27.4187    1486.13    1488.80 0.0000e+00
       7003    316.000     7.5654     7.5651   3.604409   3.606573     2.0522      98.82     0.0197 5.1260e-02 1.8060e+00    291.771 287.146513    5.61458    35.1028    35.1265    27.4193    1486.14    1488.79 0.0000e+00
       7025    317.000     7.5618     7.5615   3.604269   3.606441     2.0529      98.80     0.0191 5.1266e-02 1.2100e+00    292.656 287.146524    5.61868    35.1044    35.1283    27.4211    1486.15    1488.78 0.0000e+00
       7046    318.000     7.5572     7.5548   3.603858   3.605804     2.0533      98.78     0.0190 5.1273e-02 1.1115e+00    293.535 287.146534    5.62562    35.1041    35.1276    27.4216    1486.15    1488.77 0.0000e+00
       7067    319.000     7.5524     7.5517   3.603403   3.605533     2.0544      98.73     0.0197 5.1280e-02 1.6658e+00    294.415 287.146544    5.63040    35.1035    35.1273    27.4218    1486.14    1488.77 0.0000e+00
       7088    320.000     7.5486     7.5488   3.603040   3.605258     2.0550      98.62     0.0185 5.1273e-02 1.7589e+00    295.302 287.146554    5.63424    35.1029    35.1268    27.4219    1486.15    1488.76 0.0000e+00
       7109    321.000     7.5483     7.5491   3.603039   3.605338     2.0559      98.37     0.0157 5.1259e-02 1.6566e+00    296.170 287.146564    5.63911    35.1027    35.1268    27.4218    1486.16    1488.75 0.0000e+00
       7130    322.000     7.5512     7.5507   3.603384   3.605522     2.0567      98.11     0.0136 5.1273e-02 -9.990e-29    297.051 287.146575    5.63593    35.1030    35.1267    27.4216    1486.19    1488.74 0.0000e+00
       7152    323.000     7.5332     7.5337   3.601521   3.603745     2.0566      98.71     0.0154 5.1273e-02 -9.990e-29    297.941 287.146585    5.63497    35.1005    35.1241    27.4222    1486.13    1488.73 0.0000e+00
       7173    324.000     7.5327     7.5320   3.601580   3.603720     2.0564      98.70     0.0173 5.1273e-02 -9.990e-29    298.818 287.146595    5.63117    35.1011    35.1251    27.4228    1486.15    1488.72 0.0000e+00
       7194    325.000     7.5344     7.5335   3.601855   3.603959     2.0557      98.70     0.0184 5.1273e-02 -9.990e-29    299.701 287.146605    5.62912    35.1019    35.1257    27.4232    1486.17    1488.72 0.0000e+00
       7215    326.000     7.5396     7.5395   3.602572   3.604793     2.0556      98.69     0.0174 5.1266e-02 -9.990e-29    300.582 287.146616    5.63314    35.1040    35.1282    27.4240    1486.21    1488.71 0.0000e+00
       7236    327.000     7.5421     7.5414   3.602935   3.605085     2.0558      98.68     0.0179 5.1259e-02 -9.990e-29    301.460 287.146626    5.63453    35.1049    35.1289    27.4244    1486.24    1488.70 0.0000e+00
       7257    328.000     7.5356     7.5353   3.602544   3.604729     2.0555      98.66     0.0168 5.1266e-02 -9.990e-29    302.343 287.146636    5.63746    35.1067    35.1307    27.4268    1486.23    1488.69 0.0000e+00
       7278    329.000     7.5352     7.5349   3.602617   3.604802     2.0564      98.63     0.0193 5.1259e-02 -9.990e-29    303.212 287.146646    5.64532    35.1074    35.1314    27.4274    1486.25    1488.69 0.0000e+00
       7299    330.000     7.5343     7.5337   3.602616   3.604776     2.0566      98.61     0.0139 5.1259e-02 -9.990e-29    304.085 287.146656    5.63715    35.1078    35.1319    27.4279    1486.26    1488.68 0.0000e+00
       7320    331.000     7.5340     7.5334   3.602649   3.604806     2.0557      59.96     0.0122 5.1252e-02 -9.990e-29    304.968 287.146666    5.64052    35.1080    35.1320    27.4280    1486.28    1488.67 0.0000e+00
       7341    332.000     7.5326     7.5323   3.602603   3.604775     2.0572      78.28     0.0129 5.1259e-02 -9.990e-29    305.845 287.146676    5.66021    35.1084    35.1323    27.4286    1486.29    1488.67 0.0000e+00
       7362    333.000     7.5306     7.5302   3.602483   3.604661     2.0587      78.12     0.0121 5.1273e-02 -9.990e-29    306.719 287.146687    5.66944    35.1087    35.1327    27.4290    1486.30    1488.66 0.0000e+00
       7383    334.000     7.5303     7.5298   3.602501   3.604668     2.0603      98.43     0.0135 5.1273e-02 -9.990e-29    307.604 287.146697    5.66949    35.1087    35.1327    27.4291    1486.31    1488.65 0.0000e+00
       7405    335.000     7.5300     7.5295   3.602519   3.604691     2.0613      98.41     0.0163 5.1266e-02 -9.990e-29    308.487 287.146707    5.66478    35.1087    35.1328    27.4291    1486.33    1488.64 0.0000e+00
       7426    336.000     7.5290     7.5286   3.602497   3.604652     2.0606      98.38     0.0154 5.1280e-02 -9.990e-29    309.372 287.146717    5.65406    35.1090    35.1328    27.4295    1486.34    1488.64 0.0000e+00
       7447    337.000     7.5269     7.5263   3.602347   3.604510     2.0603      98.34     0.0188 5.1252e-02 -9.990e-29    310.252 287.146727    5.66072    35.1090    35.1330    27.4298    1486.35    1488.63 0.0000e+00
       7468    338.000     7.5210     7.5209   3.601931   3.604108     2.0607      98.26     0.0149 5.1266e-02 -9.990e-29    311.129 287.146738    5.66409    35.1099    35.1336    27.4314    1486.35    1488.62 0.0000e+00
       7489    339.000     7.5170     7.5169   3.601657   3.603840     2.0604      98.20     0.0143 5.1273e-02 -9.990e-29    312.006 287.146748    5.64983    35.1105    35.1343    27.4325    1486.35    1488.62 0.0000e+00
       7510    340.000     7.5161     7.5159   3.601630   3.603807     2.0583      45.58     0.0146 5.1266e-02 1.2919e+00    312.872 287.146758    5.64317    35.1106    35.1344    27.4327    1486.36    1488.61 0.0000e+00
       7531    341.000     7.5154     7.5148   3.601610   3.603757     2.0580      38.47     0.0148 5.1273e-02 9.2825e-01    313.744 287.146768    5.66047    35.1106    35.1345    27.4328    1486.37    1488.60 0.0000e+00
       7552    342.000     7.5146     7.5141   3.601582   3.603743     2.0592      68.67     0.0156 5.1273e-02 1.8448e+00    314.619 287.146778    5.67620    35.1106    35.1346    27.4329    1486.39    1488.60 0.0000e+00
       7573    343.000     7.5143     7.5137   3.601602   3.603762     2.0604      98.34     0.0188 5.1266e-02 1.6672e+00    315.495 287.146788    5.67050    35.1107    35.1347    27.4330    1486.40    1488.59 0.0000e+00
       7594    344.000     7.5144     7.5138   3.601675   3.603815     2.0600      63.28     0.0182 5.1273e-02 1.8295e+00    316.377 287.146798    5.66150    35.1109    35.1347    27.4331    1486.42    1488.58 0.0000e+00
       7615    345.000     7.5133     7.5126   3.601662   3.603816     2.0598      34.07     0.0183 5.1273e-02 -9.990e-29    317.253 287.146808    5.66589    35.1113    35.1354    27.4337    1486.43    1488.58 0.0000e+00
       7636    346.000     7.5127     7.5123   3.601678   3.603848     2.0600      33.55     0.0188 5.1273e-02 -9.990e-29    318.141 287.146819    5.67077    35.1116    35.1356    27.4340    1486.45    1488.57 0.0000e+00
       7657    347.000     7.5134     7.5127   3.601766   3.603927     2.0602      32.39     0.0176 5.1273e-02 -9.990e-29    319.019 287.146829    5.66892    35.1114    35.1356    27.4337    1486.47    1488.57 0.0000e+00
       7678    348.000     7.5068     7.5074   3.601266   3.603508     2.0601      31.34     0.0160 5.1273e-02 -9.990e-29    319.888 287.146839    5.67113    35.1121    35.1359    27.4352    1486.46    1488.56 0.0000e+00
       7700    349.000     7.5041     7.5038   3.601101   3.603252     2.0603      30.27     0.0155 5.1273e-02 1.4184e+00    320.775 287.146849    5.67267    35.1126    35.1362    27.4360    1486.47    1488.55 0.0000e+00
       7721    350.000     7.5053     7.5053   3.601247   3.603443     2.0604      29.35     0.0165 5.1273e-02 1.7275e+00    321.656 287.146859    5.67637    35.1125    35.1363    27.4357    1486.49    1488.55 0.0000e+00
       7742    351.000     7.5021     7.5013   3.601014   3.603151     2.0610      28.43     0.0143 5.1280e-02 1.8230e+00    322.533 287.146870    5.68273    35.1127    35.1367    27.4363    1486.49    1488.54 0.0000e+00
       7763    352.000     7.5019     7.5015   3.601040   3.603214     2.0614      27.35     0.0148 5.1280e-02 6.9979e-01    323.419 287.146880    5.67778    35.1127    35.1367    27.4364    1486.51    1488.54 0.0000e+00
       7784    353.000     7.5009     7.5007   3.601011   3.603192     2.0611      26.36     0.0132 5.1273e-02 1.4637e+00    324.298 287.146890    5.68104    35.1129    35.1368    27.4367    1486.52    1488.53 0.0000e+00
       7805    354.000     7.4989     7.4987   3.600874   3.603066     2.0618      25.33     0.0141 5.1280e-02 1.9336e+00    325.181 287.146900    5.69004    35.1129    35.1369    27.4370    1486.53    1488.52 0.0000e+00
       7826    355.000     7.4973     7.4960   3.600784   3.602877     2.0626      24.33     0.0165 5.1273e-02 -9.990e-29    326.058 287.146910    5.68755    35.1131    35.1371    27.4374    1486.54    1488.52 0.0000e+00
       7847    356.000     7.4957     7.4953   3.600698   3.602872     2.0620      23.29     0.0185 5.1280e-02 -9.990e-29    326.928 287.146920    5.67694    35.1133    35.1373    27.4377    1486.55    1488.51 0.0000e+00
       7868    357.000     7.4951     7.4949   3.600695   3.602885     2.0615      22.28     0.0175 5.1273e-02 -9.990e-29    327.808 287.146931    5.68073    35.1134    35.1373    27.4379    1486.56    1488.51 0.0000e+00
       7889    358.000     7.4949     7.4946   3.600735   3.602901     2.0614      21.31     0.0165 5.1266e-02 -9.990e-29    328.684 287.146941    5.68498    35.1135    35.1373    27.4380    1486.58    1488.50 0.0000e+00
       7910    359.000     7.4928     7.4924   3.600600   3.602779     2.0616      20.35     0.0161 5.1287e-02 1.8181e+00    329.556 287.146951    5.69096    35.1137    35.1377    27.4385    1486.59    1488.50 0.0000e+00
       7932    360.000     7.4918     7.4913   3.600575   3.602733     2.0625      19.36     0.0164 5.1280e-02 1.7097e+00    330.441 287.146961    5.70162    35.1139    35.1379    27.4388    1486.60    1488.49 0.0000e+00
       8031    361.000     7.4936     7.4930   3.600762   3.602924     2.0629      18.01     0.0143 5.1281e-02 1.5256e+00    334.591 287.147009    5.69523    35.1136    35.1377    27.4383    1486.62    1488.49 0.0000e+00
       8198    362.000     7.4970     7.4969   3.601077   3.603288     2.0632      16.80     0.0142 5.1282e-02 1.1522e+00    341.539 287.147090    5.69652    35.1131    35.1373    27.4375    1486.65    1488.48 0.0000e+00
       8216    363.000     7.4861     7.4876   3.600217   3.602517     2.0629      16.10     0.0123 5.1286e-02 1.7134e+00    342.292 287.147098    5.67735    35.1143    35.1378    27.4400    1486.63    1488.48 0.0000e+00
       8236    364.000     7.4811     7.4810   3.599839   3.602037     2.0606      15.25     0.0145 5.1280e-02 6.6039e-01    343.139 287.147108    5.66081    35.1148    35.1388    27.4410    1486.63    1488.47 0.0000e+00
