testdata/CTD/sta0415.cnv
* Sea-Bird SBE 9 Data File:
* FileName = C:\Seabird\CTDData\sta0415.hex
* Software Version Seasave V 7.21f
* Temperature SN = 4557
* Conductivity SN = 1337
* Number of Bytes Per Scan = 40
* Number of Voltage Words = 5
* Number of Scans Averaged by the Deck Unit = 1
* NMEA Latitude = 60 52.30 N
* NMEA Longitude = 005 24.73 E
* NMEA UTC (Time) = Oct 15 2018 23:30:07
* NMEA baud rate = 4800
** Ship: 10 F/F "G. O. Sars"
** Station: 0415
** Echodepth: 479
** Log: 5416.262
** Wind-Dir Force: 08 04
** Air-temp (dry): 5.7
** Weather Sky: 0 0
** Sea Ice: 0 0
# nquan = 20                                
# nvalues = 470                         
# units = specified
# name 0 = scan: Scan Count
# name 1 = prDM: Pressure, Digiquartz [db]
# name 2 = t068C: Temperature [ITS-68, deg C]
# name 3 = t168C: Temperature, 2 [ITS-68, deg C]
# name 4 = c0S/m: Conductivity [S/m]
# name 5 = c1S/m: Conductivity, 2 [S/m]
# name 6 = sbeox0V: Oxygen raw, SBE 43 [V]
# name 7 = altM: Altimeter [m]
# name 8 = flC: Fluorescence, Chelsea Aqua 3 Chl Con [ug/l]
# name 9 = par: PAR/Irradiance, Biospherical/Licor
# name 10 = spar: SPAR/Surface Irradiance
# name 11 = timeS: Time, Elapsed [seconds]
# name 12 = timeJ: Julian Days
# name 13 = sbeox0ML/L: Oxygen, SBE 43 [ml/l], WS = 2
# name 14 = sal00: Salinity, Practical [PSU]
# name 15 = sal11: Salinity, Practical, 2 [PSU]
# name 16 = sigma-t00: Density [sigma-t, Kg/m^3 ]
# name 17 = svCM: Sound Velocity [Chen-Millero, m/s]
# name 18 = avgsvCM: Average Sound Velocity [Chen-Millero, m/s], minP = 1, minS = 5
# name 19 = flag: flag
# span 0 =        309,      10432       
# span 1 =      2.000,    471.000       
# span 2 =     8.0887,    15.5770       
# span 3 =     8.0883,    15.5834       
# span 4 =   2.568185,   3.976426       
# span 5 =   2.548126,   3.978928       
# span 6 =     0.8812,     2.2436       
# span 7 =     -34.65,      99.68       
# span 8 =     0.0223,     0.1712       
# span 9 = 5.1232e-02, 1.0762e+00       
# span 10 = 1.8866e+00, 3.9755e+00      
# span 11 =     12.842,    434.637      
# span 12 = 288.979420, 288.984302      
# span 13 =    1.32249,    5.67007      
# span 14 =    20.6445,    35.0222      
# span 15 =    20.5643,    35.0447      
# span 16 =    15.2271,    27.2603      
# span 17 =    1484.77,    1504.38      
# span 18 =    1484.77,    1500.47      
# span 19 = 0.0000e+00, 0.0000e+00      
# interval = decibars: 1                
# start_time = Oct 15 2018 23:30:09 [System UTC, header]
# bad_flag = -9.990e-29
*END*
[from data line 73]
       1900     75.000     9.2811     9.2801   3.681175   3.683117     2.0295      98.76     0.0454 5.1273e-02 3.8876e+00     79.124 288.980187    5.03619    34.3433    34.3645    26.5590    1487.65    1497.22 0.0000e+00
       1921     76.000     9.2103     9.2093   3.679783   3.681666     2.0139      98.76     0.0492 5.1273e-02 3.8876e+00     80.014 288.980197    4.98035    34.3966    34.4171    26.6121    1487.47    1497.09 0.0000e+00
       1943     77.000     9.0963     9.0938   3.674353   3.676177     1.9969      89.44     0.0435 5.1232e-02 3.8876e+00     80.915 288.980207    4.92417    34.4496    34.4711    26.6720    1487.14    1496.96 0.0000e+00
       1965     78.000     8.9782     8.9767   3.668606   3.670505     1.9788      98.83     0.0425 5.1273e-02 3.8876e+00     81.820 288.980218    4.85800    34.5035    34.5248    26.7331    1486.78    1496.83 0.0000e+00
       1986     79.000     8.9522     8.9513   3.667758   3.669717     1.9584      98.75     0.0416 5.1273e-02 2.4028e+00     82.711 288.980228    4.77836    34.5194    34.5408    26.7497    1486.72    1496.70 0.0000e+00
       2008     80.000     8.9051     8.9038   3.665468   3.667411     1.9380      98.76     0.0366 5.1273e-02 3.8914e+00     83.606 288.980239    4.71171    34.5407    34.5623    26.7739    1486.59    1496.57 0.0000e+00
       2029     81.000     8.8652     8.8640   3.663714   3.665709     1.9170      98.75     0.0358 5.1273e-02 3.8876e+00     84.502 288.980249    4.63998    34.5606    34.5828    26.7959    1486.49    1496.44 0.0000e+00
       2051     82.000     8.8166     8.8147   3.661265   3.663214     1.8961      98.76     0.0357 5.1260e-02 3.8876e+00     85.404 288.980259    4.59399    34.5818    34.6042    26.8202    1486.35    1496.32 0.0000e+00
       2072     83.000     8.7598     8.7580   3.658547   3.660537     1.8795      97.67     0.0390 5.1273e-02 3.8876e+00     86.301 288.980270    4.56727    34.6082    34.6309    26.8498    1486.19    1496.20 0.0000e+00
       2094     84.000     8.7089     8.7080   3.656760   3.658804     1.8644      95.33     0.0415 5.1260e-02 3.8876e+00     87.193 288.980280    4.52093    34.6386    34.6611    26.8817    1486.05    1496.08 0.0000e+00
       2115     85.000     8.6748     8.6738   3.655518   3.657545     1.8482      98.78     0.0395 5.1280e-02 3.8876e+00     88.088 288.980290    4.45236    34.6585    34.6808    26.9026    1485.97    1495.96 0.0000e+00
       2137     86.000     8.6306     8.6296   3.653695   3.655735     1.8294      98.75     0.0374 5.1273e-02 3.8876e+00     88.985 288.980301    4.37823    34.6821    34.7046    26.9280    1485.85    1495.84 0.0000e+00
       2158     87.000     8.6196     8.6189   3.653241   3.655316     1.8109      98.75     0.0341 5.1273e-02 3.8876e+00     89.878 288.980311    4.33228    34.6876    34.7102    26.9340    1485.83    1495.72 0.0000e+00
       2179     88.000     8.6020     8.6012   3.652748   3.654829     1.7954      98.08     0.0343 5.1266e-02 3.8876e+00     90.764 288.980321    4.29896    34.6992    34.7220    26.9459    1485.80    1495.61 0.0000e+00
       2200     89.000     8.5813     8.5803   3.652091   3.654196     1.7811      98.72     0.0368 5.1266e-02 3.8876e+00     91.645 288.980331    4.25902    34.7121    34.7353    26.9592    1485.75    1495.50 0.0000e+00
       2222     90.000     8.5584     8.5570   3.651361   3.653452     1.7679      98.52     0.0381 5.1273e-02 2.5900e+00     92.524 288.980342    4.22815    34.7264    34.7499    26.9740    1485.70    1495.39 0.0000e+00
       2243     91.000     8.5310     8.5303   3.650522   3.652640     1.7561      98.58     0.0358 5.1266e-02 3.8474e+00     93.412 288.980352    4.20016    34.7440    34.7671    26.9921    1485.64    1495.28 0.0000e+00
       2264     92.000     8.5168     8.5158   3.650136   3.652252     1.7449      98.73     0.0381 5.1273e-02 3.8878e+00     94.296 288.980362    4.16074    34.7534    34.7768    27.0017    1485.61    1495.17 0.0000e+00
       2285     93.000     8.4857     8.4845   3.649300   3.651426     1.7329      98.63     0.0393 5.1273e-02 3.8876e+00     95.174 288.980372    4.11385    34.7747    34.7985    27.0232    1485.54    1495.07 0.0000e+00
       2306     94.000     8.4493     8.4475   3.648344   3.650452     1.7200      98.75     0.0359 5.1273e-02 3.8876e+00     96.058 288.980383    4.06870    34.8000    34.8242    27.0487    1485.45    1494.97 0.0000e+00
       2327     95.000     8.4256     8.4249   3.647835   3.649977     1.7073      96.03     0.0357 5.1266e-02 3.8876e+00     96.935 288.980393    4.01996    34.8175    34.8410    27.0661    1485.40    1494.87 0.0000e+00
       2349     96.000     8.4094     8.4089   3.647371   3.649514     1.6929      91.04     0.0344 5.1247e-02 3.8876e+00     97.814 288.980403    3.94758    34.8281    34.8514    27.0769    1485.37    1494.77 0.0000e+00
       2370     97.000     8.3949     8.3945   3.647048   3.649201     1.6752      92.06     0.0365 5.1252e-02 3.8876e+00     98.696 288.980413    3.85968    34.8386    34.8619    27.0873    1485.34    1494.67 0.0000e+00
       2391     98.000     8.3743     8.3739   3.646632   3.648793     1.6550      91.01     0.0348 5.1259e-02 3.8876e+00     99.573 288.980423    3.77112    34.8540    34.8774    27.1026    1485.30    1494.57 0.0000e+00
       2412     99.000     8.3644     8.3638   3.646500   3.648673     1.6333      93.69     0.0322 5.1273e-02 3.8876e+00    100.456 288.980434    3.69492    34.8620    34.8857    27.1104    1485.29    1494.48 0.0000e+00
       2433    100.000     8.3570     8.3566   3.646773   3.648952     1.6124      98.64     0.0289 5.1273e-02 2.7744e+00    101.336 288.980444    3.63419    34.8717    34.8953    27.1192    1485.29    1494.39 0.0000e+00
       2454    101.000     8.3436     8.3431   3.646675   3.648831     1.5933      98.76     0.0281 5.1273e-02 3.6181e+00    102.218 288.980454    3.58266    34.8835    34.9069    27.1305    1485.27    1494.30 0.0000e+00
       2475    102.000     8.3323     8.3317   3.646246   3.648426     1.5752      98.76     0.0268 5.1273e-02 3.8873e+00    103.103 288.980464    3.51959    34.8896    34.9134    27.1370    1485.26    1494.21 0.0000e+00
       2497    103.000     8.3263     8.3256   3.646135   3.648310     1.5560      98.76     0.0273 5.1273e-02 3.8876e+00    103.984 288.980474    3.44386    34.8939    34.9178    27.1413    1485.25    1494.12 0.0000e+00
       2518    104.000     8.3180     8.3174   3.645965   3.648141     1.5361      98.76     0.0300 5.1259e-02 3.8876e+00    104.866 288.980485    3.37706    34.8998    34.9236    27.1472    1485.25    1494.03 0.0000e+00
       2539    105.000     8.3097     8.3091   3.645884   3.648050     1.5173      98.76     0.0292 5.1259e-02 3.8876e+00    105.752 288.980495    3.33607    34.9067    34.9304    27.1539    1485.24    1493.95 0.0000e+00
       2560    106.000     8.2970     8.2967   3.645306   3.647491     1.5023      98.76     0.0272 5.1273e-02 3.8876e+00    106.630 288.980505    3.31510    34.9127    34.9363    27.1605    1485.22    1493.87 0.0000e+00
       2581    107.000     8.2842     8.2836   3.644561   3.646727     1.4901      98.76     0.0279 5.1273e-02 3.8876e+00    107.515 288.980515    3.29630    34.9170    34.9407    27.1659    1485.19    1493.78 0.0000e+00
       2603    108.000     8.2775     8.2770   3.644263   3.646447     1.4798      98.76     0.0268 5.1273e-02 3.8876e+00    108.396 288.980525    3.27868    34.9200    34.9438    27.1692    1485.19    1493.70 0.0000e+00
       2624    109.000     8.2716     8.2712   3.643933   3.646122     1.4717      98.75     0.0257 5.1273e-02 3.8876e+00    109.275 288.980536    3.28672    34.9218    34.9456    27.1716    1485.18    1493.63 0.0000e+00
       2645    110.000     8.2658     8.2647   3.643621   3.645757     1.4687      98.75     0.0276 5.1273e-02 3.8876e+00    110.157 288.980546    3.32639    34.9238    34.9477    27.1740    1485.18    1493.55 0.0000e+00
       2666    111.000     8.2588     8.2578   3.643244   3.645391     1.4708      98.40     0.0296 5.1266e-02 3.8876e+00    111.037 288.980556    3.37017    34.9262    34.9501    27.1770    1485.17    1493.47 0.0000e+00
       2687    112.000     8.2497     8.2483   3.642724   3.644848     1.4754      98.76     0.0264 5.1273e-02 3.8876e+00    111.921 288.980566    3.40437    34.9292    34.9533    27.1808    1485.16    1493.40 0.0000e+00
       2708    113.000     8.2396     8.2390   3.642092   3.644240     1.4811      98.76     0.0255 5.1267e-02 2.4792e+00    112.809 288.980576    3.43338    34.9320    34.9556    27.1845    1485.14    1493.32 0.0000e+00
       2730    114.000     8.2310     8.2304   3.641615   3.643776     1.4874      98.75     0.0279 5.1273e-02 3.8584e+00    113.690 288.980587    3.46382    34.9350    34.9587    27.1882    1485.13    1493.25 0.0000e+00
       2751    115.000     8.2225     8.2220   3.641059   3.643219     1.4947      98.76     0.0286 5.1273e-02 3.8876e+00    114.575 288.980597    3.51023    34.9370    34.9606    27.1911    1485.12    1493.18 0.0000e+00
       2772    116.000     8.2129     8.2123   3.640475   3.642640     1.5051      98.76     0.0303 5.1273e-02 3.8876e+00    115.462 288.980607    3.57177    34.9399    34.9636    27.1947    1485.10    1493.11 0.0000e+00
       2793    117.000     8.2080     8.2075   3.640180   3.642340     1.5172      98.76     0.0304 5.1273e-02 3.8876e+00    116.340 288.980617    3.62919    34.9411    34.9647    27.1965    1485.10    1493.04 0.0000e+00
       2814    118.000     8.2048     8.2042   3.639999   3.642160     1.5305      98.75     0.0306 5.1260e-02 3.8876e+00    117.225 288.980628    3.68134    34.9419    34.9656    27.1975    1485.11    1492.97 0.0000e+00
       2836    119.000     8.2004     8.1998   3.639757   3.641897     1.5437      98.76     0.0315 5.1273e-02 3.8876e+00    118.109 288.980638    3.72081    34.9432    34.9667    27.1992    1485.11    1492.91 0.0000e+00
       2857    120.000     8.1994     8.1990   3.639730   3.641888     1.5554      98.71     0.0304 5.1273e-02 3.8876e+00    118.987 288.980648    3.74781    34.9434    34.9669    27.1996    1485.12    1492.84 0.0000e+00
       2878    121.000     8.1952     8.1943   3.639475   3.641605     1.5654      98.76     0.0299 5.1273e-02 3.8876e+00    119.874 288.980658    3.76593    34.9444    34.9680    27.2010    1485.12    1492.78 0.0000e+00
       2899    122.000     8.1903     8.1898   3.639163   3.641331     1.5734      98.76     0.0297 5.1273e-02 3.8876e+00    120.752 288.980668    3.77863    34.9454    34.9691    27.2025    1485.12    1492.72 0.0000e+00
       2920    123.000     8.1888     8.1883   3.639110   3.641265     1.5799      98.76     0.0305 5.1266e-02 3.8876e+00    121.633 288.980679    3.78547    34.9459    34.9694    27.2031    1485.13    1492.65 0.0000e+00
       2941    124.000     8.1855     8.1848   3.638884   3.641040     1.5846      98.76     0.0336 5.1273e-02 2.4765e+00    122.520 288.980689    3.79272    34.9463    34.9700    27.2039    1485.14    1492.59 0.0000e+00
       2963    125.000     8.1829     8.1826   3.638738   3.640910     1.5888      98.76     0.0329 5.1273e-02 3.8604e+00    123.400 288.980699    3.80844    34.9468    34.9703    27.2047    1485.14    1492.53 0.0000e+00
       2984    126.000     8.1808     8.1809   3.638595   3.640799     1.5935      98.76     0.0309 5.1273e-02 3.8876e+00    124.283 288.980709    3.82792    34.9469    34.9704    27.2051    1485.15    1492.47 0.0000e+00
       3005    127.000     8.1721     8.1715   3.637986   3.640122     1.5983      98.76     0.0269 5.1273e-02 3.8876e+00    125.169 288.980720    3.84574    34.9485    34.9720    27.2078    1485.14    1492.42 0.0000e+00
       3026    128.000     8.1663     8.1657   3.637602   3.639750     1.6030      98.76     0.0253 5.1266e-02 3.8876e+00    126.050 288.980730    3.85697    34.9497    34.9733    27.2096    1485.14    1492.36 0.0000e+00
       3048    129.000     8.1653     8.1648   3.637571   3.639718     1.6063      98.76     0.0250 5.1273e-02 3.8876e+00    126.938 288.980740    3.86423    34.9499    34.9734    27.2099    1485.15    1492.30 0.0000e+00
       3069    130.000     8.1610     8.1605   3.637285   3.639431     1.6101      98.76     0.0263 5.1273e-02 3.8876e+00    127.820 288.980750    3.88532    34.9506    34.9741    27.2111    1485.15    1492.25 0.0000e+00
       3090    131.000     8.1596     8.1594   3.637224   3.639394     1.6145      98.76     0.0264 5.1273e-02 3.8876e+00    128.701 288.980760    3.89724    34.9509    34.9743    27.2115    1485.16    1492.19 0.0000e+00
       3111    132.000     8.1578     8.1573   3.637149   3.639286     1.6177      98.76     0.0289 5.1273e-02 3.8876e+00    129.587 288.980771    3.90506    34.9514    34.9748    27.2122    1485.17    1492.14 0.0000e+00
       3132    133.000     8.1544     8.1540   3.636926   3.639062     1.6213      98.75     0.0323 5.1259e-02 3.8876e+00    130.467 288.980781    3.91489    34.9519    34.9752    27.2131    1485.18    1492.09 0.0000e+00
       3153    134.000     8.1530     8.1526   3.636863   3.639011     1.6235      98.76     0.0310 5.1273e-02 3.8876e+00    131.352 288.980791    3.90695    34.9522    34.9755    27.2135    1485.19    1492.04 0.0000e+00
       3175    135.000     8.1514     8.1511   3.636827   3.638964     1.6239      98.76     0.0318 5.1273e-02 3.8875e+00    132.234 288.980801    3.90444    34.9529    34.9760    27.2143    1485.20    1491.98 0.0000e+00
       3196    136.000     8.1509     8.1505   3.636827   3.638969     1.6251      98.76     0.0295 5.1273e-02 2.3363e+00    133.113 288.980812    3.91450    34.9529    34.9762    27.2144    1485.21    1491.93 0.0000e+00
       3217    137.000     8.1506     8.1502   3.636857   3.638992     1.6265      98.76     0.0309 5.1273e-02 3.8850e+00    133.999 288.980822    3.91912    34.9530    34.9763    27.2145    1485.23    1491.89 0.0000e+00
       3238    138.000     8.1501     8.1496   3.636867   3.638998     1.6274      98.76     0.0317 5.1273e-02 3.8876e+00    134.888 288.980832    3.91484    34.9531    34.9765    27.2147    1485.24    1491.84 0.0000e+00
       3259    139.000     8.1492     8.1488   3.636831   3.638971     1.6275      98.76     0.0316 5.1273e-02 3.8876e+00    135.767 288.980842    3.90912    34.9532    34.9765    27.2149    1485.26    1491.79 0.0000e+00
       3281    140.000     8.1484     8.1480   3.636808   3.638957     1.6268      98.76     0.0307 5.1260e-02 3.8876e+00    136.647 288.980852    3.90203    34.9532    34.9766    27.2150    1485.27    1491.74 0.0000e+00
       3302    141.000     8.1479     8.1476   3.636803   3.638958     1.6259      98.76     0.0299 5.1280e-02 3.8876e+00    137.531 288.980863    3.89918    34.9532    34.9766    27.2151    1485.28    1491.70 0.0000e+00
       3323    142.000     8.1477     8.1467   3.636827   3.638932     1.6252      98.76     0.0272 5.1273e-02 3.8876e+00    138.415 288.980873    3.90323    34.9532    34.9767    27.2151    1485.30    1491.65 0.0000e+00
       3344    143.000     8.1476     8.1473   3.636883   3.639013     1.6254      98.77     0.0265 5.1273e-02 3.8876e+00    139.303 288.980883    3.90945    34.9534    34.9765    27.2153    1485.32    1491.61 0.0000e+00
       3365    144.000     8.1470     8.1465   3.636860   3.639000     1.6255      98.76     0.0282 5.1273e-02 3.8876e+00    140.185 288.980893    3.90442    34.9533    34.9767    27.2153    1485.33    1491.56 0.0000e+00
       3387    145.000     8.1463     8.1460   3.636864   3.638999     1.6250      98.76     0.0281 5.1273e-02 3.8876e+00    141.066 288.980904    3.90421    34.9535    34.9767    27.2156    1485.34    1491.52 0.0000e+00
