testdata/CTD/sta0400.cnv
* Sea-Bird SBE 9 Data File:
* FileName = C:\Seabird\CTDData\sta0400.hex
* Software Version Seasave V 7.21f
* Temperature SN = 4557
* Conductivity SN = 1337
* Number of Bytes Per Scan = 40
* Number of Voltage Words = 5
* Number of Scans Averaged by the Deck Unit = 1
* NMEA Latitude = 61 24.88 N
* NMEA Longitude = 002 03.11 W
* NMEA UTC (Time) = Oct 10 2018 04:47:22
* NMEA baud rate = 4800
** Ship: 10 F/F "G. O. Sars"
** Station: 0400
** Echodepth: 916
** Log: 4949.23
** Wind-Dir Force: 15 06
** Air-temp (dry): 9.8
** Weather Sky: 0 6
** Sea Ice: 3 0
# nquan = 20                                
# nvalues = 920                         
# units = specified
# name 0 = scan: Scan Count
# name 1 = prDM: Pressure, Digiquartz [db]
# name 2 = t068C: Temperature [ITS-68, deg C]
# name 3 = t168C: Temperature, 2 [ITS-68, deg C]
# name 4 = c0S/m: Conductivity [S/m]
# name 5 = c1S/m: Conductivity, 2 [S/m]
# name 6 = sbeox0V: Oxygen raw, SBE 43 [V]
# name 7 = altM: Altimeter [m]
# name 8 = flC: Fluorescence, Chelsea Aqua 3 Chl Con [ug/l]
# name 9 = par: PAR/Irradiance, Biospherical/Licor
# name 10 = spar: SPAR/Surface Irradiance
# name 11 = timeS: Time, Elapsed [seconds]
# name 12 = timeJ: Julian Days
# name 13 = sbeox0ML/L: Oxygen, SBE 43 [ml/l], WS = 2
# name 14 = sal00: Salinity, Practical [PSU]
# name 15 = sal11: Salinity, Practical, 2 [PSU]
# name 16 = sigma-t00: Density [sigma-t, Kg/m^3 ]
# name 17 = svCM: Sound Velocity [Chen-Millero, m/s]
# name 18 = avgsvCM: Average Sound Velocity [Chen-Millero, m/s], minP = 1, minS = 5
# name 19 = flag: flag
# span 0 =        -95,      24552       
# span 1 =      5.000,    924.000       
# span 2 =    -0.7071,    10.1253       
# span 3 =    -0.7070,    10.1257       
# span 4 =   2.875320,   3.841004       
# span 5 =   2.876902,   3.842937       
# span 6 =     1.8006,     2.3013       
# span 7 =       7.88,     100.43       
# span 8 =     0.0044,     0.2119       
# span 9 = 5.1225e-02, 6.9651e-01       
# span 10 = 1.9438e+00, 1.9438e+00      
# span 11 =     -4.016,   1022.973      
# span 12 = 283.199537, 283.211423      
# span 13 =    5.60984,    6.50471      
# span 14 =    34.9187,    35.2831      
# span 15 =    34.9368,    35.3028      
# span 16 =    27.0632,    28.0770      
# span 17 =    1458.97,    1491.84      
# span 18 =    1478.10,    1491.19      
# span 19 = 0.0000e+00, 0.0000e+00      
# interval = decibars: 1                
# start_time = Oct 10 2018 04:47:24 [System UTC, header]
# bad_flag = -9.990e-29
*END*
[from data line 145]
       4334    150.000     9.2032     9.2032   3.763570   3.765431     2.1640      98.78     0.0144 5.1265e-02 1.9438e+00    180.541 283.201673    5.64965    35.2421    35.2616    27.2752    1489.70    1490.66 0.0000e+00
       4353    151.000     9.2269     9.2263   3.766746   3.768582     2.1628      98.77     0.0184 5.1265e-02 1.9438e+00    181.316 283.201682    5.64155    35.2514    35.2712    27.2786    1489.82    1490.66 0.0000e+00
       4371    152.000     9.2430     9.2430   3.768822   3.770710     2.1618      98.77     0.0185 5.1273e-02 1.9438e+00    182.094 283.201691    5.64277    35.2567    35.2764    27.2801    1489.90    1490.65 0.0000e+00
       4391    153.000     9.2491     9.2495   3.769654   3.771545     2.1620      98.78     0.0190 5.1266e-02 1.9438e+00    182.917 283.201700    5.65184    35.2589    35.2782    27.2808    1489.94    1490.65 0.0000e+00
       4413    154.000     9.2553     9.2568   3.770409   3.772467     2.1622      98.77     0.0161 5.1273e-02 -9.990e-29    183.822 283.201711    5.64380    35.2602    35.2801    27.2808    1489.98    1490.64 0.0000e+00
       4438    155.000     9.2721     9.2715   3.772461   3.774267     2.1611      98.77     0.0153 5.1273e-02 -9.990e-29    184.886 283.201723    5.63885    35.2645    35.2839    27.2814    1490.06    1490.64 0.0000e+00
       4466    156.000     9.2786     9.2782   3.773329   3.775168     2.1609      98.78     0.0185 5.1273e-02 -9.990e-29    186.042 283.201737    5.64169    35.2667    35.2862    27.2820    1490.11    1490.64 0.0000e+00
       4492    157.000     9.2797     9.2802   3.773579   3.775519     2.1605      98.78     0.0214 5.1267e-02 1.9438e+00    187.139 283.201749    5.63069    35.2677    35.2874    27.2827    1490.13    1490.63 0.0000e+00
       4516    158.000     9.2676     9.2690   3.772278   3.774314     2.1584      98.77     0.0187 5.1267e-02 1.9438e+00    188.117 283.201761    5.62140    35.2656    35.2855    27.2830    1490.10    1490.63 0.0000e+00
       4539    159.000     9.2510     9.2524   3.770473   3.772499     2.1568      98.77     0.0196 5.1266e-02 1.9438e+00    189.064 283.201772    5.62300    35.2627    35.2825    27.2835    1490.05    1490.63 0.0000e+00
       4561    160.000     9.2418     9.2419   3.769564   3.771447     2.1557      98.77     0.0194 5.1260e-02 1.9438e+00    190.010 283.201783    5.62462    35.2618    35.2814    27.2843    1490.03    1490.62 0.0000e+00
       4582    161.000     9.2476     9.2483   3.770362   3.772313     2.1552      98.77     0.0182 5.1273e-02 1.9438e+00    190.889 283.201793    5.62868    35.2640    35.2836    27.2850    1490.07    1490.62 0.0000e+00
       4601    162.000     9.2567     9.2572   3.771477   3.773412     2.1551      98.77     0.0188 5.1273e-02 1.9438e+00    191.655 283.201802    5.62946    35.2661    35.2858    27.2852    1490.12    1490.62 0.0000e+00
       4618    163.000     9.2436     9.2442   3.770183   3.772114     2.1551      98.77     0.0173 5.1273e-02 -9.990e-29    192.357 283.201810    5.63237    35.2651    35.2847    27.2866    1490.09    1490.61 0.0000e+00
       4633    164.000     9.2410     9.2412   3.770018   3.771925     2.1551      98.76     0.0207 5.1264e-02 -9.990e-29    193.015 283.201817    5.63783    35.2655    35.2852    27.2873    1490.10    1490.61 0.0000e+00
       4649    165.000     9.2274     9.2276   3.768701   3.770581     2.1559      98.75     0.0219 5.1273e-02 -9.990e-29    193.679 283.201825    5.64300    35.2647    35.2841    27.2889    1490.07    1490.61 0.0000e+00
       4667    166.000     9.2072     9.2067   3.766721   3.768494     2.1559      98.75     0.0203 5.1273e-02 -9.990e-29    194.429 283.201834    5.63567    35.2635    35.2825    27.2913    1490.01    1490.60 0.0000e+00
       4689    167.000     9.2345     9.2331   3.770157   3.771841     2.1545      98.75     0.0205 5.1273e-02 -9.990e-29    195.316 283.201844    5.62249    35.2719    35.2909    27.2934    1490.13    1490.60 0.0000e+00
       4713    168.000     9.2416     9.2410   3.771017   3.772815     2.1536      98.75     0.0194 5.1264e-02 1.9438e+00    196.319 283.201856    5.62614    35.2734    35.2928    27.2934    1490.18    1490.60 0.0000e+00
       4791    169.000     9.2537     9.2530   3.772520   3.774313     2.1533      98.75     0.0189 5.1270e-02 1.9438e+00    199.585 283.201893    5.62907    35.2767    35.2961    27.2939    1490.24    1490.60 0.0000e+00
       4848    170.000     9.2522     9.2540   3.772426   3.774487     2.1537      98.75     0.0171 5.1273e-02 1.9438e+00    201.953 283.201921    5.62868    35.2767    35.2964    27.2942    1490.25    1490.59 0.0000e+00
       4864    171.000     9.2239     9.2227   3.769267   3.770948     2.1532      98.77     0.0177 5.1273e-02 1.9438e+00    202.635 283.201929    5.62638    35.2712    35.2899    27.2946    1490.16    1490.59 0.0000e+00
       4880    172.000     9.2040     9.2041   3.767158   3.769008     2.1527      98.78     0.0187 5.1273e-02 1.9438e+00    203.276 283.201936    5.62487    35.2684    35.2876    27.2956    1490.10    1490.59 0.0000e+00
       4895    173.000     9.2027     9.2026   3.767025   3.768882     2.1514      98.78     0.0196 5.1273e-02 1.9438e+00    203.926 283.201944    5.61850    35.2678    35.2873    27.2954    1490.11    1490.59 0.0000e+00
       4916    174.000     9.2110     9.2068   3.768060   3.769418     2.1499      98.76     0.0177 5.1267e-02 -9.990e-29    204.800 283.201954    5.61482    35.2700    35.2883    27.2957    1490.16    1490.58 0.0000e+00
       4943    175.000     9.2248     9.2240   3.769685   3.771461     2.1491      98.75     0.0162 5.1263e-02 -9.990e-29    205.937 283.201967    5.62118    35.2728    35.2921    27.2957    1490.23    1490.58 0.0000e+00
       4977    176.000     9.2233     9.2236   3.769594   3.771498     2.1497      98.75     0.0152 5.1273e-02 -9.990e-29    207.345 283.201983    5.63105    35.2729    35.2924    27.2960    1490.24    1490.58 0.0000e+00
       5017    177.000     9.2102     9.2105   3.768161   3.770049     2.1506      98.75     0.0154 5.1273e-02 1.9438e+00    209.004 283.202002    5.62682    35.2704    35.2898    27.2962    1490.21    1490.58 0.0000e+00
       5043    178.000     9.2073     9.2072   3.767979   3.769819     2.1492      98.76     0.0132 5.1273e-02 1.9438e+00    210.078 283.202015    5.62036    35.2709    35.2902    27.2970    1490.21    1490.58 0.0000e+00
       5061    179.000     9.2326     9.2312   3.771054   3.772811     2.1490      98.77     0.0127 5.1273e-02 1.9438e+00    210.815 283.202023    5.62380    35.2775    35.2972    27.2981    1490.33    1490.57 0.0000e+00
       5077    180.000     9.2337     9.2339   3.771345   3.773244     2.1491      98.76     0.0158 5.1273e-02 1.9438e+00    211.481 283.202031    5.63028    35.2790    35.2986    27.2990    1490.35    1490.57 0.0000e+00
       5093    181.000     9.2441     9.2438   3.772756   3.774628     2.1502      98.76     0.0177 5.1265e-02 1.9438e+00    212.187 283.202039    5.62980    35.2829    35.3028    27.3004    1490.41    1490.57 0.0000e+00
       5114    182.000     9.2428     9.2434   3.772692   3.774621     2.1496      98.76     0.0141 5.1267e-02 -9.990e-29    213.047 283.202049    5.62313    35.2831    35.3026    27.3008    1490.42    1490.57 0.0000e+00
       5140    183.000     9.2415     9.2417   3.772594   3.774482     2.1493      98.75     0.0159 5.1273e-02 -9.990e-29    214.116 283.202062    5.62369    35.2829    35.3024    27.3008    1490.44    1490.57 0.0000e+00
       5166    184.000     9.2414     9.2414   3.772611   3.774502     2.1490      98.76     0.0199 5.1273e-02 -9.990e-29    215.211 283.202074    5.62346    35.2827    35.3024    27.3007    1490.45    1490.57 0.0000e+00
       5190    185.000     9.2144     9.2165   3.769650   3.771745     2.1487      98.75     0.0187 5.1273e-02 1.9438e+00    216.215 283.202086    5.62863    35.2780    35.2978    27.3014    1490.36    1490.57 0.0000e+00
       5214    186.000     9.1876     9.1890   3.766878   3.768887     2.1487      98.75     0.0185 5.1273e-02 1.9438e+00    217.226 283.202097    5.63220    35.2751    35.2947    27.3035    1490.28    1490.57 0.0000e+00
       5239    187.000     9.1782     9.1785   3.765926   3.767820     2.1480      98.76     0.0176 5.1267e-02 1.9438e+00    218.256 283.202109    5.62261    35.2739    35.2934    27.3042    1490.26    1490.57 0.0000e+00
       5262    188.000     9.1756     9.1761   3.765724   3.767612     2.1465      98.77     0.0151 5.1273e-02 1.9438e+00    219.211 283.202121    5.62349    35.2739    35.2931    27.3046    1490.27    1490.56 0.0000e+00
       5281    189.000     9.1754     9.1757   3.765744   3.767639     2.1465      98.78     0.0151 5.1249e-02 1.9438e+00    219.996 283.202130    5.63043    35.2739    35.2934    27.3046    1490.28    1490.56 0.0000e+00
       5298    190.000     9.1740     9.1741   3.765666   3.767538     2.1466      98.78     0.0115 5.1273e-02 1.9438e+00    220.689 283.202138    5.62825    35.2740    35.2934    27.3049    1490.29    1490.56 0.0000e+00
       5313    191.000     9.1697     9.1702   3.765235   3.767144     2.1462      98.78     0.0137 5.1273e-02 1.9438e+00    221.341 283.202145    5.62432    35.2732    35.2927    27.3050    1490.29    1490.56 0.0000e+00
       5329    192.000     9.1717     9.1719   3.765602   3.767482     2.1454      98.78     0.0158 5.1265e-02 1.9438e+00    222.014 283.202153    5.62340    35.2746    35.2941    27.3058    1490.32    1490.56 0.0000e+00
       5351    193.000     9.1719     9.1728   3.765684   3.767658     2.1450      98.78     0.0158 5.1267e-02 1.9438e+00    222.915 283.202163    5.62177    35.2748    35.2945    27.3059    1490.34    1490.56 0.0000e+00
       5382    194.000     9.1575     9.1584   3.764201   3.766178     2.1442      98.78     0.0170 5.1273e-02 1.9438e+00    224.213 283.202178    5.62713    35.2731    35.2928    27.3069    1490.30    1490.56 0.0000e+00
       5419    195.000     9.1525     9.1538   3.763750   3.765747     2.1449      98.78     0.0152 5.1268e-02 -9.990e-29    225.770 283.202196    5.63777    35.2728    35.2924    27.3075    1490.30    1490.55 0.0000e+00
       5446    196.000     9.1336     9.1397   3.761673   3.764150     2.1454      98.77     0.0148 5.1273e-02 -9.990e-29    226.887 283.202209    5.64043    35.2693    35.2892    27.3078    1490.24    1490.55 0.0000e+00
       5465    197.000     9.0814     9.0897   3.756308   3.759049     2.1461      98.72     0.0148 5.1273e-02 -9.990e-29    227.671 283.202218    5.65081    35.2644    35.2848    27.3125    1490.06    1490.55 0.0000e+00
       5484    198.000     9.1345     9.1321   3.762609   3.764185     2.1460      98.78     0.0143 5.1281e-02 -9.990e-29    228.469 283.202228    5.63110    35.2773    35.2961    27.3139    1490.28    1490.55 0.0000e+00
       5504    199.000     9.1409     9.1424   3.763317   3.765339     2.1444      98.78     0.0145 5.1273e-02 1.9438e+00    229.291 283.202237    5.62550    35.2779    35.2975    27.3134    1490.32    1490.55 0.0000e+00
       5526    200.000     9.1406     9.1406   3.763388   3.765223     2.1442      98.75     0.0155 5.1273e-02 1.9438e+00    230.205 283.202248    5.63355    35.2784    35.2976    27.3138    1490.34    1490.55 0.0000e+00
       5550    201.000     9.1438     9.1447   3.763812   3.765748     2.1442      98.76     0.0161 5.1267e-02 1.9438e+00    231.217 283.202259    5.63546    35.2792    35.2986    27.3139    1490.37    1490.55 0.0000e+00
       5573    202.000     9.1447     9.1467   3.763953   3.766047     2.1445      98.78     0.0165 5.1260e-02 1.9438e+00    232.184 283.202271    5.63953    35.2793    35.2993    27.3139    1490.39    1490.54 0.0000e+00
       5594    203.000     9.1430     9.1450   3.763768   3.765895     2.1450      98.78     0.0145 5.1273e-02 1.9438e+00    233.051 283.202281    5.63524    35.2786    35.2989    27.3136    1490.40    1490.54 0.0000e+00
       5613    204.000     9.1484     9.1489   3.764477   3.766398     2.1438      98.77     0.0130 5.1273e-02 -9.990e-29    233.827 283.202290    5.61938    35.2802    35.2998    27.3140    1490.44    1490.54 0.0000e+00
       5631    205.000     9.1476     9.1479   3.764445   3.766355     2.1421      98.77     0.0135 5.1273e-02 -9.990e-29    234.575 283.202298    5.61298    35.2802    35.2999    27.3141    1490.45    1490.54 0.0000e+00
       5652    206.000     9.1520     9.1525   3.764998   3.766910     2.1407      98.76     0.0153 5.1273e-02 -9.990e-29    235.457 283.202309    5.62305    35.2812    35.3006    27.3141    1490.48    1490.54 0.0000e+00
       5680    207.000     9.1514     9.1521   3.764958   3.766919     2.1421      98.77     0.0115 5.1273e-02 -9.990e-29    236.620 283.202322    5.64322    35.2809    35.3007    27.3140    1490.50    1490.54 0.0000e+00
       5714    208.000     9.1328     9.1347   3.763074   3.765115     2.1440      98.77     0.0119 5.1273e-02 1.9438e+00    238.038 283.202338    5.64137    35.2791    35.2985    27.3156    1490.44    1490.54 0.0000e+00
       5744    209.000     9.1281     9.1285   3.762675   3.764561     2.1427      98.78     0.0136 5.1273e-02 1.9438e+00    239.312 283.202353    5.62505    35.2791    35.2984    27.3164    1490.44    1490.54 0.0000e+00
       5765    210.000     9.1258     9.1263   3.762478   3.764396     2.1415      98.78     0.0133 5.1273e-02 1.9438e+00    240.186 283.202363    5.62398    35.2788    35.2984    27.3166    1490.45    1490.54 0.0000e+00
       5784    211.000     9.1219     9.1223   3.762163   3.764052     2.1406      98.78     0.0151 5.1273e-02 1.9438e+00    240.960 283.202372    5.62530    35.2789    35.2983    27.3173    1490.45    1490.54 0.0000e+00
       5802    212.000     9.1197     9.1199   3.762015   3.763902     2.1401      98.54     0.0157 5.1273e-02 1.9438e+00    241.708 283.202381    5.62413    35.2791    35.2986    27.3178    1490.46    1490.54 0.0000e+00
       5821    213.000     9.1184     9.1186   3.761933   3.763816     2.1393      98.61     0.0151 5.1273e-02 1.9438e+00    242.506 283.202390    5.63280    35.2790    35.2985    27.3179    1490.47    1490.54 0.0000e+00
       5842    214.000     9.1153     9.1156   3.761656   3.763550     2.1410      98.75     0.0183 5.1260e-02 1.9438e+00    243.378 283.202400    5.65199    35.2787    35.2982    27.3182    1490.48    1490.54 0.0000e+00
       5865    215.000     9.1078     9.1089   3.760924   3.762893     2.1425      98.78     0.0185 5.1261e-02 1.9438e+00    244.335 283.202411    5.64424    35.2780    35.2975    27.3189    1490.47    1490.54 0.0000e+00
       5891    216.000     9.1014     9.1018   3.760505   3.762395     2.1406      98.78     0.0171 5.1268e-02 1.9438e+00    245.427 283.202424    5.62007    35.2795    35.2989    27.3211    1490.46    1490.54 0.0000e+00
       5915    217.000     9.1028     9.1031   3.760759   3.762650     2.1385      98.77     0.0173 5.1266e-02 -9.990e-29    246.420 283.202435    5.61712    35.2803    35.2998    27.3215    1490.48    1490.54 0.0000e+00
       5935    218.000     9.1026     9.1029   3.760782   3.762694     2.1371      98.78     0.0170 5.1273e-02 -9.990e-29    247.260 283.202445    5.61950    35.2803    35.3000    27.3215    1490.50    1490.54 0.0000e+00
       5954    219.000     9.1022     9.1027   3.760792   3.762723     2.1368      98.78     0.0155 5.1273e-02 -9.990e-29    248.057 283.202454    5.61686    35.2803    35.3000    27.3215    1490.52    1490.54 0.0000e+00
       5975    220.000     9.1003     9.1009   3.760657   3.762587     2.1350      98.78     0.0124 5.1260e-02 -9.990e-29    248.905 283.202464    5.60984    35.2803    35.2999    27.3219    1490.52    1490.54 0.0000e+00
       6001    221.000     9.0974     9.0979   3.760392   3.762314     2.1342      98.78     0.0135 5.1273e-02 1.9438e+00    249.982 283.202477    5.61792    35.2799    35.2995    27.3220    1490.53    1490.54 0.0000e+00
