testdata/CTD/sta0420.cnv
* Sea-Bird SBE 9 Data File:
* FileName = C:\Seabird\CTDData\sta0420.hex
* Software Version Seasave V 7.21f
* Temperature SN = 4557
* Conductivity SN = 1337
* Number of Bytes Per Scan = 40
* Number of Voltage Words = 5
* Number of Scans Averaged by the Deck Unit = 1
* NMEA Latitude = 61 29.31 N
* NMEA Longitude = 005 16.09 E
* NMEA UTC (Time) = Oct 17 2018 23:26:31
* NMEA baud rate = 4800
** Ship: 10 F/F "G. O. Sars"
** Station: 0420
** Echodepth: 371
** Log: 5625.165
** Wind-Dir Force: 24 15
** Air-temp (dry): 10.1
** Weather Sky: 0 0
** Sea Ice: 0 0
# nquan = 20                                
# nvalues = 359                         
# units = specified
# name 0 = scan: Scan Count
# name 1 = prDM: Pressure, Digiquartz [db]
# name 2 = t068C: Temperature [ITS-68, deg C]
# name 3 = t168C: Temperature, 2 [ITS-68, deg C]
# name 4 = c0S/m: Conductivity [S/m]
# name 5 = c1S/m: Conductivity, 2 [S/m]
# name 6 = sbeox0V: Oxygen raw, SBE 43 [V]
# name 7 = altM: Altimeter [m]
# name 8 = flC: Fluorescence, Chelsea Aqua 3 Chl Con [ug/l]
# name 9 = par: PAR/Irradiance, Biospherical/Licor
# name 10 = spar: SPAR/Surface Irradiance
# name 11 = timeS: Time, Elapsed [seconds]
# name 12 = timeJ: Julian Days
# name 13 = sbeox0ML/L: Oxygen, SBE 43 [ml/l], WS = 2
# name 14 = sal00: Salinity, Practical [PSU]
# name 15 = sal11: Salinity, Practical, 2 [PSU]
# name 16 = sigma-t00: Density [sigma-t, Kg/m^3 ]
# name 17 = svCM: Sound Velocity [Chen-Millero, m/s]
# name 18 = avgsvCM: Average Sound Velocity [Chen-Millero, m/s], minP = 1, minS = 5
# name 19 = flag: flag
# span 0 =        431,       8126       
# span 1 =      2.000,    360.000       
# span 2 =     7.6822,    13.6500       
# span 3 =     7.6819,    13.6502       
# span 4 =   2.922083,   3.884228       
# span 5 =   2.935326,   3.885978       
# span 6 =     1.8624,     2.2933       
# span 7 =      13.83,     100.31       
# span 8 =     0.0165,     0.2777       
# span 9 = 5.1071e-02, 1.4099e+00       
# span 10 = 1.6964e+00, 3.8025e+00      
# span 11 =     17.916,    338.531      
# span 12 = 290.976967, 290.980678      
# span 13 =    4.67763,    6.02785      
# span 14 =    24.8415,    35.0620      
# span 15 =    24.9408,    35.0823      
# span 16 =    18.7478,    27.3702      
# span 17 =    1484.05,    1498.90      
# span 18 =    1484.05,    1494.97      
# span 19 = 0.0000e+00, 0.0000e+00      
# interval = decibars: 1                
# start_time = Oct 17 2018 23:26:32 [System UTC, header]
# bad_flag = -9.990e-29
*END*
[from data line 145]
       3552    147.000     7.9089     7.9081   3.603586   3.605503     1.8913      98.63     0.0310 5.1273e-02 -9.990e-29    147.949 290.978472    4.90104    34.8319    34.8534    27.1558    1484.33    1491.53 0.0000e+00
       3573    148.000     7.9043     7.9036   3.603453   3.605367     1.8932      98.37     0.0312 5.1273e-02 -9.990e-29    148.833 290.978482    4.90865    34.8346    34.8559    27.1586    1484.33    1491.48 0.0000e+00
       3594    149.000     7.8930     7.8922   3.603090   3.604987     1.8955      98.80     0.0302 5.1266e-02 1.9438e+00    149.709 290.978492    4.92270    34.8415    34.8627    27.1656    1484.32    1491.43 0.0000e+00
       3615    150.000     7.8888     7.8885   3.603130   3.605038     1.8981      98.67     0.0309 5.1252e-02 1.9438e+00    150.587 290.978502    4.93095    34.8456    34.8665    27.1695    1484.32    1491.39 0.0000e+00
       3636    151.000     7.8773     7.8765   3.602874   3.604768     1.8998      98.71     0.0316 5.1273e-02 1.9438e+00    151.468 290.978512    4.93467    34.8538    34.8750    27.1777    1484.30    1491.34 0.0000e+00
       3657    152.000     7.8710     7.8706   3.602666   3.604593     1.9018      98.77     0.0328 5.1266e-02 1.9438e+00    152.344 290.978522    4.95068    34.8574    34.8785    27.1814    1484.30    1491.29 0.0000e+00
       3678    153.000     7.8679     7.8671   3.602655   3.604564     1.9049      98.80     0.0295 5.1273e-02 1.9438e+00    153.221 290.978533    4.95876    34.8599    34.8812    27.1838    1484.31    1491.25 0.0000e+00
       3699    154.000     7.8645     7.8636   3.602659   3.604569     1.9063      40.90     0.0259 5.1266e-02 1.9438e+00    154.102 290.978543    4.96694    34.8628    34.8843    27.1867    1484.32    1491.20 0.0000e+00
       3721    155.000     7.8623     7.8615   3.602711   3.604628     1.9098      97.60     0.0241 5.1273e-02 1.9438e+00    154.985 290.978553    4.98142    34.8651    34.8866    27.1888    1484.33    1491.16 0.0000e+00
       3742    156.000     7.8575     7.8568   3.602800   3.604709     1.9114      98.80     0.0250 5.1273e-02 1.9438e+00    155.871 290.978563    4.97575    34.8704    34.8916    27.1936    1484.33    1491.11 0.0000e+00
       3763    157.000     7.8529     7.8520   3.602939   3.604861     1.9123      63.50     0.0268 5.1273e-02 1.9438e+00    156.753 290.978574    4.98258    34.8760    34.8976    27.1987    1484.34    1491.07 0.0000e+00
       3784    158.000     7.8472     7.8464   3.603145   3.605053     1.9148      77.29     0.0247 5.1273e-02 1.9438e+00    157.626 290.978584    4.99761    34.8834    34.9048    27.2054    1484.34    1491.03 0.0000e+00
       3805    159.000     7.8437     7.8430   3.603322   3.605217     1.9161      99.11     0.0271 5.1273e-02 1.9438e+00    158.513 290.978594    4.99514    34.8883    34.9094    27.2098    1484.35    1490.98 0.0000e+00
       3827    160.000     7.8418     7.8411   3.603514   3.605414     1.9174      91.11     0.0291 5.1266e-02 -9.990e-29    159.397 290.978604    4.98852    34.8918    34.9130    27.2128    1484.36    1490.94 0.0000e+00
       3848    161.000     7.8386     7.8381   3.603710   3.605534     1.9162      49.93     0.0280 5.1273e-02 -9.990e-29    160.284 290.978614    4.98004    34.8966    34.9168    27.2170    1484.38    1490.90 0.0000e+00
       3869    162.000     7.8375     7.8369   3.603809   3.605716     1.9163      98.81     0.0292 5.1273e-02 -9.990e-29    161.167 290.978625    4.97451    34.8983    34.9194    27.2185    1484.39    1490.86 0.0000e+00
       3890    163.000     7.8374     7.8367   3.603874   3.605790     1.9140      98.80     0.0287 5.1273e-02 -9.990e-29    162.046 290.978635    4.95193    34.8986    34.9200    27.2188    1484.41    1490.82 0.0000e+00
       3911    164.000     7.8365     7.8358   3.603981   3.605893     1.9111      40.66     0.0293 5.1280e-02 1.9438e+00    162.933 290.978645    4.95531    34.9002    34.9215    27.2202    1484.42    1490.78 0.0000e+00
       3933    165.000     7.8348     7.8341   3.604173   3.606082     1.9113      92.37     0.0281 5.1273e-02 1.9438e+00    163.816 290.978655    4.96856    34.9034    34.9247    27.2230    1484.44    1490.74 0.0000e+00
       3954    166.000     7.8345     7.8339   3.604257   3.606159     1.9108      98.61     0.0266 5.1266e-02 1.9438e+00    164.688 290.978665    4.96541    34.9042    34.9253    27.2236    1484.45    1490.71 0.0000e+00
       3975    167.000     7.8342     7.8336   3.604401   3.606303     1.9104      75.88     0.0300 5.1273e-02 1.9438e+00    165.567 290.978676    4.96269    34.9055    34.9266    27.2247    1484.47    1490.67 0.0000e+00
       3996    168.000     7.8335     7.8329   3.605212   3.607103     1.9101      61.35     0.0283 5.1273e-02 1.9438e+00    166.451 290.978686    4.97178    34.9145    34.9355    27.2319    1484.49    1490.63 0.0000e+00
       4017    169.000     7.8337     7.8328   3.606098   3.607957     1.9110      98.08     0.0268 5.1273e-02 -9.990e-29    167.336 290.978696    4.98215    34.9234    34.9443    27.2388    1484.52    1490.60 0.0000e+00
       4038    170.000     7.8357     7.8351   3.606760   3.608653     1.9124      98.06     0.0291 5.1266e-02 -9.990e-29    168.221 290.978706    4.99050    34.9280    34.9490    27.2422    1484.55    1490.56 0.0000e+00
       4059    171.000     7.8351     7.8343   3.606833   3.608717     1.9138      27.69     0.0291 5.1287e-02 -9.990e-29    169.093 290.978716    5.00939    34.9289    34.9500    27.2429    1484.57    1490.52 0.0000e+00
       4080    172.000     7.8340     7.8337   3.606817   3.608760     1.9177      91.77     0.0297 5.1252e-02 -9.990e-29    169.969 290.978726    5.02609    34.9293    34.9506    27.2435    1484.58    1490.49 0.0000e+00
       4101    173.000     7.8341     7.8334   3.606888   3.608775     1.9198      89.09     0.0267 5.1252e-02 1.9438e+00    170.845 290.978737    5.02259    34.9295    34.9506    27.2436    1484.60    1490.46 0.0000e+00
       4122    174.000     7.8372     7.8362   3.607265   3.609125     1.9210      52.09     0.0273 5.1287e-02 1.9438e+00    171.719 290.978747    5.02113    34.9300    34.9511    27.2435    1484.63    1490.42 0.0000e+00
       4143    175.000     7.8482     7.8477   3.608794   3.610745     1.9228      64.14     0.0259 5.1273e-02 1.9438e+00    172.603 290.978757    5.04054    34.9350    34.9565    27.2458    1484.69    1490.39 0.0000e+00
       4165    176.000     7.8581     7.8575   3.610435   3.612359     1.9257      95.64     0.0266 5.1273e-02 1.9438e+00    173.487 290.978767    5.04556    34.9423    34.9636    27.2501    1484.75    1490.36 0.0000e+00
       4186    177.000     7.8591     7.8586   3.610928   3.612834     1.9271      90.02     0.0280 5.1266e-02 1.9438e+00    174.368 290.978777    5.04375    34.9461    34.9672    27.2529    1484.78    1490.33 0.0000e+00
       4207    178.000     7.8620     7.8614   3.611778   3.613735     1.9288      32.75     0.0282 5.1294e-02 1.9438e+00    175.256 290.978788    5.07202    34.9519    34.9736    27.2570    1484.81    1490.29 0.0000e+00
       4228    179.000     7.8611     7.8603   3.612082   3.613964     1.9341      99.03     0.0275 5.1273e-02 1.9438e+00    176.144 290.978798    5.10064    34.9556    34.9767    27.2600    1484.83    1490.26 0.0000e+00
       4250    180.000     7.8592     7.8581   3.611972   3.613815     1.9379      98.47     0.0272 5.1266e-02 1.9438e+00    177.026 290.978808    5.10591    34.9558    34.9768    27.2605    1484.84    1490.23 0.0000e+00
       4271    181.000     7.8568     7.8562   3.611795   3.613681     1.9412      98.76     0.0262 5.1273e-02 1.9438e+00    177.909 290.978818    5.10689    34.9558    34.9767    27.2609    1484.85    1490.20 0.0000e+00
       4292    182.000     7.8485     7.8477   3.611244   3.613112     1.9427      98.79     0.0266 5.1273e-02 1.9438e+00    178.781 290.978829    5.10367    34.9577    34.9786    27.2636    1484.83    1490.17 0.0000e+00
       4313    183.000     7.8459     7.8452   3.611150   3.613035     1.9439      98.79     0.0277 5.1259e-02 -9.990e-29    179.657 290.978839    5.10458    34.9588    34.9798    27.2648    1484.84    1490.14 0.0000e+00
       4334    184.000     7.8470     7.8463   3.611422   3.613286     1.9446      74.00     0.0292 5.1280e-02 -9.990e-29    180.536 290.978849    5.09907    34.9601    34.9809    27.2657    1484.86    1490.12 0.0000e+00
       4355    185.000     7.8430     7.8415   3.611063   3.612835     1.9444      49.90     0.0289 5.1273e-02 -9.990e-29    181.406 290.978859    5.10256    34.9598    34.9804    27.2660    1484.87    1490.09 0.0000e+00
       4376    186.000     7.8412     7.8409   3.611205   3.613127     1.9451      98.66     0.0244 5.1273e-02 -9.990e-29    182.289 290.978869    5.10503    34.9626    34.9836    27.2685    1484.88    1490.06 0.0000e+00
       4397    187.000     7.8404     7.8398   3.611451   3.613341     1.9452      98.80     0.0250 5.1273e-02 1.9438e+00    183.168 290.978879    5.10812    34.9656    34.9866    27.2710    1484.90    1490.03 0.0000e+00
       4418    188.000     7.8421     7.8415   3.612000   3.613880     1.9461      98.79     0.0279 5.1273e-02 1.9438e+00    184.045 290.978889    5.10933    34.9693    34.9902    27.2737    1484.92    1490.00 0.0000e+00
       4439    189.000     7.8396     7.8391   3.612165   3.614057     1.9457      98.80     0.0289 5.1273e-02 1.9438e+00    184.929 290.978900    5.10646    34.9731    34.9940    27.2770    1484.93    1489.98 0.0000e+00
       4460    190.000     7.8387     7.8381   3.612460   3.614355     1.9464      98.80     0.0279 5.1273e-02 1.9438e+00    185.811 290.978910    5.11819    34.9767    34.9977    27.2800    1484.95    1489.95 0.0000e+00
       4482    191.000     7.8450     7.8450   3.613391   3.615390     1.9474      98.80     0.0274 5.1247e-02 1.9438e+00    186.689 290.978920    5.11990    34.9799    35.0015    27.2816    1485.00    1489.92 0.0000e+00
       4503    192.000     7.8521     7.8516   3.614354   3.616265     1.9481      98.80     0.0272 5.1273e-02 1.9438e+00    187.567 290.978930    5.12693    34.9827    35.0038    27.2827    1485.04    1489.90 0.0000e+00
       4524    193.000     7.8464     7.8473   3.613851   3.615864     1.9498      98.80     0.0265 5.1273e-02 -9.990e-29    188.439 290.978940    5.13919    34.9825    35.0033    27.2834    1485.04    1489.87 0.0000e+00
       4545    194.000     7.8452     7.8449   3.613830   3.615758     1.9515      98.80     0.0240 5.1266e-02 -9.990e-29    189.335 290.978951    5.14307    34.9830    35.0041    27.2840    1485.05    1489.85 0.0000e+00
       4567    195.000     7.8481     7.8476   3.614586   3.616502     1.9527      98.80     0.0238 5.1273e-02 -9.990e-29    190.234 290.978961    5.14804    34.9878    35.0089    27.2873    1485.08    1489.82 0.0000e+00
       4588    196.000     7.8509     7.8505   3.615533   3.617417     1.9546      98.80     0.0250 5.1273e-02 -9.990e-29    191.126 290.978971    5.15654    34.9947    35.0154    27.2923    1485.12    1489.80 0.0000e+00
       4610    197.000     7.8495     7.8490   3.615675   3.617568     1.9560      98.80     0.0249 5.1273e-02 1.9438e+00    192.029 290.978982    5.15773    34.9971    35.0180    27.2944    1485.13    1489.78 0.0000e+00
       4631    198.000     7.8480     7.8475   3.615661   3.617542     1.9571      98.80     0.0247 5.1266e-02 1.9438e+00    192.912 290.978992    5.15808    34.9980    35.0188    27.2953    1485.15    1489.75 0.0000e+00
       4652    199.000     7.8451     7.8446   3.615627   3.617512     1.9574      98.80     0.0235 5.1273e-02 1.9438e+00    193.787 290.979002    5.15610    35.0000    35.0209    27.2974    1485.15    1489.73 0.0000e+00
       4673    200.000     7.8435     7.8431   3.615804   3.617673     1.9581      98.80     0.0226 5.1273e-02 1.9438e+00    194.679 290.979012    5.16727    35.0031    35.0236    27.3000    1485.17    1489.71 0.0000e+00
       4694    201.000     7.8381     7.8378   3.615543   3.617441     1.9595      98.80     0.0226 5.1273e-02 1.9438e+00    195.554 290.979023    5.17936    35.0052    35.0259    27.3025    1485.17    1489.68 0.0000e+00
       4716    202.000     7.8363     7.8358   3.615473   3.617353     1.9616      98.80     0.0197 5.1273e-02 -9.990e-29    196.455 290.979033    5.19080    35.0057    35.0265    27.3032    1485.18    1489.66 0.0000e+00
       4738    203.000     7.8352     7.8352   3.615426   3.617351     1.9636      98.80     0.0204 5.1273e-02 -9.990e-29    197.364 290.979044    5.19983    35.0059    35.0266    27.3034    1485.19    1489.64 0.0000e+00
       4759    204.000     7.8272     7.8262   3.614840   3.616668     1.9659      98.80     0.0222 5.1259e-02 -9.990e-29    198.252 290.979054    5.20736    35.0071    35.0278    27.3056    1485.18    1489.62 0.0000e+00
       4781    205.000     7.8215     7.8209   3.614475   3.616328     1.9672      98.80     0.0220 5.1273e-02 -9.990e-29    199.150 290.979064    5.20008    35.0084    35.0289    27.3074    1485.17    1489.60 0.0000e+00
       4802    206.000     7.8175     7.8168   3.614543   3.616408     1.9672      98.80     0.0218 5.1273e-02 -9.990e-29    200.045 290.979075    5.19524    35.0126    35.0334    27.3114    1485.18    1489.58 0.0000e+00
       4824    207.000     7.8200     7.8194   3.615070   3.616926     1.9673      98.80     0.0188 5.1273e-02 -9.990e-29    200.942 290.979085    5.20252    35.0153    35.0359    27.3131    1485.21    1489.55 0.0000e+00
       4846    208.000     7.8117     7.8109   3.614437   3.616269     1.9684      98.80     0.0191 5.1273e-02 -9.990e-29    201.864 290.979096    5.21528    35.0163    35.0369    27.3151    1485.20    1489.53 0.0000e+00
       4867    209.000     7.8058     7.8051   3.614034   3.615887     1.9702      98.80     0.0195 5.1266e-02 -9.990e-29    202.760 290.979106    5.23049    35.0174    35.0381    27.3168    1485.19    1489.51 0.0000e+00
       4889    210.000     7.8010     7.8005   3.613734   3.615589     1.9725      98.80     0.0209 5.1273e-02 -9.990e-29    203.662 290.979116    5.23803    35.0185    35.0390    27.3184    1485.19    1489.49 0.0000e+00
       4911    211.000     7.7940     7.7935   3.613394   3.615249     1.9740      98.80     0.0211 5.1273e-02 1.9438e+00    204.580 290.979127    5.24284    35.0213    35.0419    27.3217    1485.18    1489.47 0.0000e+00
       4933    212.000     7.7909     7.7903   3.613256   3.615119     1.9757      98.80     0.0195 5.1273e-02 1.9438e+00    205.480 290.979138    5.24040    35.0225    35.0432    27.3230    1485.19    1489.45 0.0000e+00
       4955    213.000     7.7886     7.7882   3.613171   3.615037     1.9758      98.80     0.0199 5.1273e-02 1.9438e+00    206.411 290.979148    5.23990    35.0234    35.0439    27.3241    1485.20    1489.43 0.0000e+00
       4977    214.000     7.7879     7.7873   3.613184   3.615040     1.9768      98.80     0.0194 5.1273e-02 1.9438e+00    207.323 290.979159    5.24826    35.0237    35.0444    27.3245    1485.21    1489.41 0.0000e+00
       4999    215.000     7.7863     7.7858   3.613127   3.614992     1.9778      98.80     0.0219 5.1273e-02 1.9438e+00    208.241 290.979169    5.25061    35.0242    35.0449    27.3251    1485.22    1489.39 0.0000e+00
       5021    216.000     7.7833     7.7825   3.613027   3.614872     1.9782      98.80     0.0223 5.1260e-02 -9.990e-29    209.157 290.979180    5.25074    35.0257    35.0464    27.3267    1485.23    1489.37 0.0000e+00
       5042    217.000     7.7776     7.7769   3.612755   3.614597     1.9790      98.80     0.0204 5.1273e-02 -9.990e-29    210.059 290.979190    5.25709    35.0280    35.0486    27.3293    1485.23    1489.35 0.0000e+00
       5065    218.000     7.7743     7.7737   3.612654   3.614504     1.9795      98.80     0.0193 5.1261e-02 -9.990e-29    210.994 290.979201    5.26220    35.0297    35.0503    27.3312    1485.23    1489.33 0.0000e+00
