testdata/CTD/sta0423.cnv
* Sea-Bird SBE 9 Data File:
* FileName = C:\Seabird\CTDData\sta0423.hex
* Software Version Seasave V 7.21f
* Temperature SN = 4557
* Conductivity SN = 1337
* Number of Bytes Per Scan = 40
* Number of Voltage Words = 5
* Number of Scans Averaged by the Deck Unit = 1
* NMEA Latitude = 61 28.93 N
* NMEA Longitude = 005 25.89 E
* NMEA UTC (Time) = Oct 19 2018 05:01:18
* NMEA baud rate = 4800
** Ship: 10 F/F "G. O. Sars"
** Station: 0423
** Echodepth: 306
** Log: 5679.83
** Wind-Dir Force: 90 01
** Air-temp (dry): 7.5
** Weather Sky: 0 4
** Sea Ice: 1 0
# nquan = 20                                
# nvalues = 297                         
# units = specified
# name 0 = scan: Scan Count
# name 1 = prDM: Pressure, Digiquartz [db]
# name 2 = t068C: Temperature [ITS-68, deg C]
# name 3 = t168C: Temperature, 2 [ITS-68, deg C]
# name 4 = c0S/m: Conductivity [S/m]
# name 5 = c1S/m: Conductivity, 2 [S/m]
# name 6 = sbeox0V: Oxygen raw, SBE 43 [V]
# name 7 = altM: Altimeter [m]
# name 8 = flC: Fluorescence, Chelsea Aqua 3 Chl Con [ug/l]
# name 9 = par: PAR/Irradiance, Biospherical/Licor
# name 10 = spar: SPAR/Surface Irradiance
# name 11 = timeS: Time, Elapsed [seconds]
# name 12 = timeJ: Julian Days
# name 13 = sbeox0ML/L: Oxygen, SBE 43 [ml/l], WS = 2
# name 14 = sal00: Salinity, Practical [PSU]
# name 15 = sal11: Salinity, Practical, 2 [PSU]
# name 16 = sigma-t00: Density [sigma-t, Kg/m^3 ]
# name 17 = svCM: Sound Velocity [Chen-Millero, m/s]
# name 18 = avgsvCM: Average Sound Velocity [Chen-Millero, m/s], minP = 1, minS = 5
# name 19 = flag: flag
# span 0 =        430,       6778       
# span 1 =      4.000,    300.000       
# span 2 =     7.6953,    13.8104       
# span 3 =     7.6950,    13.8109       
# span 4 =   3.305676,   3.857034       
# span 5 =   3.310547,   3.859213       
# span 6 =     1.8238,     2.2355       
# span 7 =      11.79,      99.50       
# span 8 =     0.0145,     0.1275       
# span 9 = 5.1208e-02, 2.4349e-01       
# span 10 = 1.9438e+00, 1.9438e+00      
# span 11 =     17.862,    282.361      
# span 12 = 292.209478, 292.212539      
# span 13 =    4.53791,    5.63901      
# span 14 =    27.9535,    35.0629      
# span 15 =    27.9964,    35.0858      
# span 16 =    21.0367,    27.3689      
# span 17 =    1484.35,    1499.09      
# span 18 =    1488.93,    1496.56      
# span 19 = 0.0000e+00, 0.0000e+00      
# interval = decibars: 1                
# start_time = Oct 19 2018 05:01:21 [System UTC, header]
# bad_flag = -9.990e-29
*END*
[from data line 218]
       5097    222.000     7.7859     7.7854   3.615834   3.617920     1.9910      98.45     0.0216 5.1273e-02 1.9438e+00    212.325 292.211728    5.30402    35.0504    35.0735    27.3458    1485.37    1490.04 0.0000e+00
       5118    223.000     7.7795     7.7789   3.615339   3.617431     1.9918      67.28     0.0195 5.1260e-02 1.9438e+00    213.225 292.211739    5.31945    35.0510    35.0742    27.3472    1485.36    1490.02 0.0000e+00
       5141    224.000     7.7762     7.7757   3.615185   3.617276     1.9953      98.68     0.0180 5.1247e-02 1.9438e+00    214.148 292.211749    5.34268    35.0522    35.0753    27.3486    1485.37    1490.00 0.0000e+00
       5162    225.000     7.7723     7.7717   3.615013   3.617111     1.9978      98.60     0.0171 5.1273e-02 1.9438e+00    215.043 292.211760    5.34342    35.0538    35.0770    27.3504    1485.37    1489.98 0.0000e+00
       5184    226.000     7.7684     7.7679   3.614783   3.616883     1.9992      70.53     0.0174 5.1273e-02 1.9438e+00    215.953 292.211770    5.34653    35.0547    35.0779    27.3517    1485.37    1489.96 0.0000e+00
       5206    227.000     7.7658     7.7654   3.614632   3.616724     2.0019      88.63     0.0197 5.1266e-02 1.9438e+00    216.876 292.211781    5.36713    35.0552    35.0782    27.3525    1485.38    1489.94 0.0000e+00
       5228    228.000     7.7654     7.7650   3.614638   3.616739     2.0044      98.57     0.0180 5.1266e-02 -9.990e-29    217.785 292.211791    5.36526    35.0552    35.0783    27.3525    1485.40    1489.92 0.0000e+00
       5250    229.000     7.7638     7.7635   3.614533   3.616636     2.0051      81.33     0.0170 5.1267e-02 -9.990e-29    218.713 292.211802    5.35715    35.0552    35.0782    27.3528    1485.41    1489.90 0.0000e+00
       5272    230.000     7.7613     7.7610   3.614342   3.616464     2.0057      74.13     0.0163 5.1273e-02 -9.990e-29    219.630 292.211813    5.36821    35.0551    35.0783    27.3531    1485.41    1489.88 0.0000e+00
       5294    231.000     7.7554     7.7548   3.613861   3.615938     2.0073      97.47     0.0183 5.1273e-02 1.9438e+00    220.543 292.211823    5.37887    35.0554    35.0784    27.3542    1485.41    1489.86 0.0000e+00
       5316    232.000     7.7515     7.7516   3.613551   3.615702     2.0088      97.82     0.0204 5.1273e-02 1.9438e+00    221.460 292.211834    5.37226    35.0554    35.0786    27.3548    1485.41    1489.84 0.0000e+00
       5338    233.000     7.7482     7.7479   3.613286   3.615401     2.0082      60.86     0.0199 5.1273e-02 1.9438e+00    222.361 292.211844    5.37748    35.0554    35.0786    27.3553    1485.41    1489.82 0.0000e+00
       5359    234.000     7.7466     7.7462   3.613226   3.615324     2.0101      98.75     0.0216 5.1273e-02 1.9438e+00    223.270 292.211855    5.38428    35.0559    35.0790    27.3559    1485.43    1489.80 0.0000e+00
       5381    235.000     7.7460     7.7456   3.613228   3.615336     2.0100      98.80     0.0219 5.1273e-02 1.9438e+00    224.173 292.211865    5.36964    35.0560    35.0792    27.3561    1485.44    1489.78 0.0000e+00
       5403    236.000     7.7458     7.7454   3.613263   3.615368     2.0086      60.56     0.0202 5.1273e-02 1.9438e+00    225.069 292.211876    5.36825    35.0561    35.0793    27.3562    1485.46    1489.77 0.0000e+00
       5425    237.000     7.7447     7.7442   3.613204   3.615308     2.0093      95.19     0.0202 5.1266e-02 1.9438e+00    225.979 292.211886    5.37649    35.0561    35.0793    27.3563    1485.47    1489.75 0.0000e+00
       5446    238.000     7.7439     7.7435   3.613202   3.615295     2.0087      98.79     0.0210 5.1280e-02 1.9438e+00    226.875 292.211897    5.37121    35.0564    35.0794    27.3567    1485.48    1489.73 0.0000e+00
       5468    239.000     7.7425     7.7421   3.613121   3.615220     2.0084      76.37     0.0227 5.1273e-02 1.9438e+00    227.780 292.211907    5.37097    35.0564    35.0795    27.3569    1485.49    1489.71 0.0000e+00
       5490    240.000     7.7420     7.7415   3.613106   3.615219     2.0085      75.28     0.0208 5.1273e-02 1.9438e+00    228.694 292.211918    5.38022    35.0563    35.0796    27.3569    1485.51    1489.69 0.0000e+00
       5511    241.000     7.7414     7.7410   3.613115   3.615223     2.0088      98.77     0.0206 5.1273e-02 -9.990e-29    229.582 292.211928    5.37901    35.0565    35.0797    27.3571    1485.52    1489.68 0.0000e+00
       5532    242.000     7.7407     7.7403   3.613101   3.615212     2.0091      97.29     0.0225 5.1273e-02 -9.990e-29    230.476 292.211938    5.37428    35.0566    35.0798    27.3573    1485.54    1489.66 0.0000e+00
       5554    243.000     7.7400     7.7395   3.613093   3.615187     2.0078      59.72     0.0205 5.1280e-02 -9.990e-29    231.366 292.211949    5.37475    35.0567    35.0798    27.3575    1485.55    1489.64 0.0000e+00
       5575    244.000     7.7388     7.7384   3.613092   3.615195     2.0088      98.23     0.0181 5.1267e-02 -9.990e-29    232.258 292.211959    5.38432    35.0574    35.0805    27.3582    1485.56    1489.63 0.0000e+00
       5597    245.000     7.7338     7.7326   3.612659   3.614685     2.0088      98.80     0.0207 5.1273e-02 1.9438e+00    233.160 292.211969    5.37609    35.0573    35.0804    27.3588    1485.56    1489.61 0.0000e+00
       5618    246.000     7.7286     7.7280   3.612221   3.614294     2.0078      54.39     0.0194 5.1273e-02 1.9438e+00    234.058 292.211980    5.37648    35.0573    35.0803    27.3596    1485.56    1489.59 0.0000e+00
       5640    247.000     7.7271     7.7266   3.612116   3.614198     2.0087      94.17     0.0212 5.1273e-02 1.9438e+00    234.956 292.211990    5.39314    35.0571    35.0801    27.3597    1485.57    1489.58 0.0000e+00
       5661    248.000     7.7221     7.7217   3.611711   3.613804     2.0096      98.76     0.0197 5.1273e-02 1.9438e+00    235.845 292.212000    5.39222    35.0573    35.0803    27.3606    1485.56    1489.56 0.0000e+00
       5683    249.000     7.7207     7.7202   3.611649   3.613737     2.0092      76.12     0.0211 5.1273e-02 1.9438e+00    236.733 292.212011    5.37658    35.0575    35.0806    27.3610    1485.58    1489.54 0.0000e+00
       5704    250.000     7.7197     7.7192   3.611586   3.613685     2.0082      69.57     0.0217 5.1260e-02 1.9438e+00    237.634 292.212021    5.37779    35.0574    35.0806    27.3610    1485.59    1489.53 0.0000e+00
       5726    251.000     7.7189     7.7184   3.611562   3.613655     2.0074      98.34     0.0222 5.1273e-02 -9.990e-29    238.528 292.212032    5.37121    35.0574    35.0806    27.3612    1485.60    1489.51 0.0000e+00
       5747    252.000     7.7183     7.7179   3.611572   3.613660     2.0064      98.80     0.0239 5.1273e-02 -9.990e-29    239.419 292.212042    5.36325    35.0577    35.0806    27.3614    1485.62    1489.50 0.0000e+00
       5768    253.000     7.7175     7.7172   3.611542   3.613643     2.0043      46.98     0.0211 5.1266e-02 -9.990e-29    240.311 292.212052    5.36574    35.0577    35.0807    27.3616    1485.63    1489.48 0.0000e+00
       5790    254.000     7.7163     7.7158   3.611501   3.613595     2.0049      98.61     0.0184 5.1273e-02 -9.990e-29    241.205 292.212063    5.37184    35.0579    35.0811    27.3619    1485.64    1489.47 0.0000e+00
       5812    255.000     7.7149     7.7144   3.611410   3.613513     2.0036      87.66     0.0145 5.1273e-02 -9.990e-29    242.104 292.212073    5.35939    35.0579    35.0811    27.3621    1485.65    1489.45 0.0000e+00
       5833    256.000     7.7132     7.7127   3.611303   3.613405     2.0027      38.33     0.0162 5.1273e-02 -9.990e-29    243.003 292.212083    5.36636    35.0579    35.0812    27.3624    1485.66    1489.44 0.0000e+00
       5854    257.000     7.7123     7.7119   3.611282   3.613381     2.0030      60.00     0.0166 5.1273e-02 -9.990e-29    243.895 292.212094    5.37613    35.0581    35.0812    27.3627    1485.68    1489.42 0.0000e+00
       5876    258.000     7.7118     7.7114   3.611299   3.613390     2.0034      99.00     0.0174 5.1273e-02 -9.990e-29    244.796 292.212104    5.36529    35.0583    35.0813    27.3629    1485.69    1489.41 0.0000e+00
       5898    259.000     7.7114     7.7111   3.611322   3.613436     2.0013      79.16     0.0193 5.1273e-02 1.9438e+00    245.690 292.212115    5.34553    35.0585    35.0816    27.3631    1485.71    1489.39 0.0000e+00
       5919    260.000     7.7119     7.7115   3.611443   3.613531     1.9998      63.73     0.0205 5.1259e-02 1.9438e+00    246.580 292.212125    5.35243    35.0588    35.0818    27.3633    1485.72    1489.38 0.0000e+00
       5940    261.000     7.7108     7.7102   3.611385   3.613471     1.9989      86.88     0.0198 5.1266e-02 1.9438e+00    247.476 292.212135    5.34464    35.0588    35.0819    27.3634    1485.74    1489.37 0.0000e+00
       5962    262.000     7.7092     7.7087   3.611305   3.613404     1.9975      73.79     0.0227 5.1259e-02 1.9438e+00    248.366 292.212145    5.34419    35.0590    35.0822    27.3639    1485.75    1489.35 0.0000e+00
       5983    263.000     7.7084     7.7080   3.611308   3.613406     1.9963      33.74     0.0231 5.1273e-02 1.9438e+00    249.259 292.212156    5.34081    35.0594    35.0825    27.3643    1485.76    1489.34 0.0000e+00
       6005    264.000     7.7081     7.7078   3.611338   3.613439     1.9956      47.14     0.0219 5.1266e-02 1.9438e+00    250.158 292.212166    5.34533    35.0595    35.0826    27.3644    1485.78    1489.32 0.0000e+00
       6026    265.000     7.7080     7.7077   3.611383   3.613480     1.9954      46.77     0.0233 5.1273e-02 -9.990e-29    251.048 292.212176    5.34865    35.0596    35.0826    27.3645    1485.79    1489.31 0.0000e+00
       6048    266.000     7.7076     7.7071   3.611418   3.613526     1.9954      46.10     0.0243 5.1273e-02 -9.990e-29    251.944 292.212187    5.35422    35.0599    35.0832    27.3648    1485.81    1489.30 0.0000e+00
       6069    267.000     7.7076     7.7071   3.611473   3.613576     1.9963      45.12     0.0256 5.1273e-02 -9.990e-29    252.841 292.212197    5.36156    35.0600    35.0833    27.3649    1485.83    1489.28 0.0000e+00
       6091    268.000     7.7078     7.7074   3.611551   3.613652     1.9966      44.09     0.0228 5.1286e-02 1.9438e+00    253.729 292.212208    5.35824    35.0602    35.0833    27.3650    1485.84    1489.27 0.0000e+00
       6112    269.000     7.7071     7.7067   3.611545   3.613650     1.9968      42.92     0.0231 5.1273e-02 1.9438e+00    254.629 292.212218    5.35445    35.0603    35.0835    27.3652    1485.86    1489.26 0.0000e+00
       6134    270.000     7.7061     7.7056   3.611488   3.613580     1.9962      70.09     0.0215 5.1273e-02 1.9438e+00    255.522 292.212228    5.34783    35.0602    35.0834    27.3653    1485.87    1489.25 0.0000e+00
       6155    271.000     7.7061     7.7057   3.611538   3.613643     1.9951      26.23     0.0183 5.1273e-02 1.9438e+00    256.419 292.212239    5.34828    35.0603    35.0835    27.3653    1485.89    1489.23 0.0000e+00
       6176    272.000     7.7063     7.7060   3.611609   3.613713     1.9953      39.50     0.0158 5.1273e-02 1.9438e+00    257.310 292.212249    5.36158    35.0604    35.0834    27.3653    1485.90    1489.22 0.0000e+00
       6198    273.000     7.7056     7.7052   3.611599   3.613707     1.9966      56.70     0.0172 5.1273e-02 1.9438e+00    258.201 292.212259    5.37075    35.0605    35.0837    27.3655    1485.92    1489.21 0.0000e+00
       6219    274.000     7.7056     7.7053   3.611660   3.613762     1.9970      35.44     0.0195 5.1273e-02 -9.990e-29    259.099 292.212270    5.36737    35.0607    35.0837    27.3657    1485.93    1489.20 0.0000e+00
       6241    275.000     7.7056     7.7053   3.611700   3.613805     1.9980      72.22     0.0242 5.1273e-02 -9.990e-29    259.998 292.212280    5.36380    35.0606    35.0837    27.3656    1485.95    1489.19 0.0000e+00
       6262    276.000     7.7052     7.7048   3.611723   3.613817     1.9967      35.55     0.0185 5.1260e-02 -9.990e-29    260.893 292.212290    5.35700    35.0608    35.0838    27.3658    1485.97    1489.17 0.0000e+00
       6284    277.000     7.7046     7.7045   3.611716   3.613831     1.9969      34.80     0.0181 5.1273e-02 -9.990e-29    261.789 292.212301    5.36382    35.0608    35.0838    27.3659    1485.98    1489.16 0.0000e+00
       6305    278.000     7.7038     7.7034   3.611677   3.613771     1.9966      33.82     0.0207 5.1273e-02 1.9438e+00    262.684 292.212311    5.35776    35.0607    35.0837    27.3660    1485.99    1489.15 0.0000e+00
       6327    279.000     7.7034     7.7030   3.611701   3.613803     1.9957      32.83     0.0228 5.1273e-02 1.9438e+00    263.579 292.212322    5.35144    35.0609    35.0840    27.3662    1486.01    1489.14 0.0000e+00
       6348    280.000     7.7031     7.7028   3.611733   3.613827     1.9947      31.82     0.0216 5.1273e-02 1.9438e+00    264.476 292.212332    5.34592    35.0610    35.0840    27.3663    1486.02    1489.13 0.0000e+00
       6370    281.000     7.7024     7.7020   3.611693   3.613791     1.9934      30.89     0.0179 5.1273e-02 1.9438e+00    265.365 292.212342    5.34605    35.0608    35.0839    27.3663    1486.04    1489.12 0.0000e+00
       6391    282.000     7.7020     7.7016   3.611721   3.613816     1.9934      29.91     0.0168 5.1280e-02 1.9438e+00    266.259 292.212353    5.36066    35.0610    35.0841    27.3665    1486.05    1489.11 0.0000e+00
       6413    283.000     7.7020     7.7017   3.611766   3.613868     1.9942      28.90     0.0209 5.1280e-02 -9.990e-29    267.160 292.212363    5.36159    35.0610    35.0841    27.3665    1486.07    1489.10 0.0000e+00
       6434    284.000     7.7022     7.7018   3.611835   3.613929     1.9941      27.87     0.0236 5.1273e-02 -9.990e-29    268.053 292.212373    5.35366    35.0611    35.0841    27.3665    1486.09    1489.09 0.0000e+00
       6456    285.000     7.7024     7.7019   3.611890   3.613983     1.9932      26.75     0.0219 5.1273e-02 -9.990e-29    268.952 292.212384    5.34441    35.0610    35.0841    27.3664    1486.10    1489.07 0.0000e+00
       6477    286.000     7.7025     7.7021   3.611980   3.614071     1.9920      25.83     0.0210 5.1273e-02 -9.990e-29    269.846 292.212394    5.34481    35.0614    35.0844    27.3667    1486.12    1489.06 0.0000e+00
       6499    287.000     7.7018     7.7015   3.611998   3.614103     1.9917      24.88     0.0208 5.1280e-02 -9.990e-29    270.737 292.212404    5.35162    35.0618    35.0849    27.3671    1486.13    1489.05 0.0000e+00
       6520    288.000     7.7015     7.7012   3.612017   3.614117     1.9919      23.87     0.0212 5.1280e-02 -9.990e-29    271.632 292.212415    5.35827    35.0618    35.0848    27.3672    1486.15    1489.04 0.0000e+00
       6542    289.000     7.7012     7.7008   3.612036   3.614125     1.9927      22.91     0.0207 5.1286e-02 -9.990e-29    272.521 292.212425    5.36523    35.0618    35.0848    27.3672    1486.17    1489.03 0.0000e+00
       6563    290.000     7.7008     7.7004   3.612054   3.614160     1.9933      21.88     0.0170 5.1259e-02 -9.990e-29    273.416 292.212435    5.36964    35.0620    35.0851    27.3674    1486.18    1489.02 0.0000e+00
       6585    291.000     7.7007     7.7003   3.612115   3.614216     1.9946      20.91     0.0193 5.1280e-02 -9.990e-29    274.316 292.212446    5.37405    35.0622    35.0853    27.3676    1486.20    1489.01 0.0000e+00
       6606    292.000     7.7003     7.6999   3.612137   3.614224     1.9949      19.93     0.0207 5.1273e-02 1.9438e+00    275.211 292.212456    5.36340    35.0624    35.0853    27.3678    1486.21    1489.01 0.0000e+00
