testdata/CTD/sta0401.cnv
* Sea-Bird SBE 9 Data File:
* FileName = C:\Seabird\CTDData\sta0401.hex
* Software Version Seasave V 7.21f
* Temperature SN = 4557
* Conductivity SN = 1337
* Number of Bytes Per Scan = 40
* Number of Voltage Words = 5
* Number of Scans Averaged by the Deck Unit = 1
* NMEA Latitude = 60 46.35 N
* NMEA Longitude = 005 13.17 E
* NMEA UTC (Time) = Oct 14 2018 03:26:05
* NMEA baud rate = 4800
** Ship: 10 F/F "G. O. Sars"
** Station: 0401
** Echodepth: 365
** Log: 5333.27
** Wind-Dir Force: 17 14
** Air-temp (dry): 19.2
** Weather Sky: 0 6
** Sea Ice: 3 0
# nquan = 20                                
# nvalues = 370                         
# units = specified
# name 0 = scan: Scan Count
# name 1 = prDM: Pressure, Digiquartz [db]
# name 2 = t068C: Temperature [ITS-68, deg C]
# name 3 = t168C: Temperature, 2 [ITS-68, deg C]
# name 4 = c0S/m: Conductivity [S/m]
# name 5 = c1S/m: Conductivity, 2 [S/m]
# name 6 = sbeox0V: Oxygen raw, SBE 43 [V]
# name 7 = altM: Altimeter [m]
# name 8 = flC: Fluorescence, Chelsea Aqua 3 Chl Con [ug/l]
# name 9 = par: PAR/Irradiance, Biospherical/Licor
# name 10 = spar: SPAR/Surface Irradiance
# name 11 = timeS: Time, Elapsed [seconds]
# name 12 = timeJ: Julian Days
# name 13 = sbeox0ML/L: Oxygen, SBE 43 [ml/l], WS = 2
# name 14 = sal00: Salinity, Practical [PSU]
# name 15 = sal11: Salinity, Practical, 2 [PSU]
# name 16 = sigma-t00: Density [sigma-t, Kg/m^3 ]
# name 17 = svCM: Sound Velocity [Chen-Millero, m/s]
# name 18 = avgsvCM: Average Sound Velocity [Chen-Millero, m/s], minP = 1, minS = 5
# name 19 = flag: flag
# span 0 =        323,       8462       
# span 1 =      4.000,    373.000       
# span 2 =     7.4764,    13.7908       
# span 3 =     7.4759,    13.7710       
# span 4 =   3.599594,   3.830712       
# span 5 =   3.601763,   3.832994       
# span 6 =     1.8122,     2.2392       
# span 7 =       6.22,      98.86       
# span 8 =     0.0121,     0.1304       
# span 9 = 5.1227e-02, 6.4196e-01       
# span 10 = 6.6039e-01, 1.9446e+00      
# span 11 =     13.432,    352.548      
# span 12 = 287.143292, 287.147217      
# span 13 =    4.54565,    5.70821      
# span 14 =    30.9737,    35.1148      
# span 15 =    31.0231,    35.1389      
# span 16 =    23.1207,    27.4417      
# span 17 =    1485.49,    1498.12      
# span 18 =    1488.43,    1498.12      
# span 19 = 0.0000e+00, 0.0000e+00      
# interval = decibars: 1                
# start_time = Oct 14 2018 03:26:07 [System UTC, header]
# bad_flag = -9.990e-29
*END*
        323      4.000    13.7908    13.7710   3.739936   3.743564     2.1880      98.73     0.1230 6.4196e-01 -9.990e-29     13.432 287.143292    5.24289    30.9737    31.0231    23.1207    1498.12    1498.12 0.0000e+00
        354      5.000    13.6125    13.6300   3.754339   3.755689     2.1902      98.72     0.1199 3.8249e-01 -9.990e-29     14.710 287.143307    5.25626    31.2510    31.2493    23.3705    1497.87    1498.07 0.0000e+00
        375      6.000    13.5180    13.4771   3.763558   3.767148     2.1907      93.75     0.1137 2.4601e-01 -9.990e-29     15.597 287.143317    5.24009    31.4136    31.4806    23.5149    1497.76    1498.02 0.0000e+00
        397      7.000    13.5012    13.4490   3.765877   3.771528     2.1851      93.87     0.1103 1.6186e-01 1.8563e+00     16.508 287.143328    5.19872    31.4486    31.5442    23.5453    1497.77    1497.98 0.0000e+00
        420      8.000    13.5357    13.5319   3.763353   3.765175     2.1782      98.82     0.1115 1.1482e-01 1.9446e+00     17.447 287.143339    5.18813    31.3964    31.4164    23.4981    1497.84    1497.96 0.0000e+00
        441      9.000    13.3691    13.2778   3.770862   3.777917     2.1755      98.55     0.1148 8.4922e-02 1.9438e+00     18.339 287.143349    5.20136    31.6033    31.7451    23.6911    1497.54    1497.92 0.0000e+00
        462     10.000    13.4547    13.4288   3.763683   3.768626     2.1721      93.88     0.1098 6.0416e-02 1.9438e+00     19.219 287.143359    5.18249    31.4653    31.5327    23.5675    1497.68    1497.89 0.0000e+00
        484     11.000    13.3374    13.3493   3.774738   3.776459     2.1691      98.85     0.1063 5.1376e-02 1.9438e+00     20.108 287.143369    5.20136    31.6650    31.6712    23.7451    1497.54    1497.86 0.0000e+00
        505     12.000    13.3787    13.4449   3.790533   3.784442     2.1713      98.83     0.0963 5.1274e-02 1.9438e+00     20.991 287.143380    5.22107    31.7777    31.6658    23.8240    1497.83    1497.86 0.0000e+00
        525     13.000    13.1953    13.1924   3.783895   3.785217     2.1745      94.84     0.0906 5.1259e-02 -9.990e-29     21.846 287.143389    5.25483    31.8685    31.8833    23.9304    1497.34    1497.82 0.0000e+00
        546     14.000    12.9624    12.9647   3.782200   3.784431     2.1781      98.25     0.0911 5.1273e-02 -9.990e-29     22.706 287.143399    5.26031    32.0483    32.0674    24.1152    1496.79    1497.75 0.0000e+00
        567     15.000    12.9579    12.9652   3.781411   3.783854     2.1730      98.82     0.0896 5.1273e-02 -9.990e-29     23.594 287.143410    5.20632    32.0443    32.0612    24.1129    1496.79    1497.68 0.0000e+00
        589     16.000    12.9212    12.9205   3.778800   3.780919     2.1668      97.40     0.0904 5.1253e-02 -9.990e-29     24.480 287.143420    5.21357    32.0503    32.0709    24.1247    1496.69    1497.62 0.0000e+00
        610     17.000    12.9177    12.9157   3.779086   3.781117     2.1672      95.78     0.0920 5.1273e-02 -9.990e-29     25.355 287.143430    5.25144    32.0556    32.0765    24.1295    1496.70    1497.57 0.0000e+00
        631     18.000    12.9101    12.9120   3.779073   3.781473     2.1713      98.77     0.0938 5.1273e-02 -9.990e-29     26.233 287.143440    5.27917    32.0615    32.0826    24.1355    1496.70    1497.52 0.0000e+00
        651     19.000    12.8961    12.8964   3.777866   3.780118     2.1760      98.83     0.0911 5.1273e-02 -9.990e-29     27.101 287.143450    5.29912    32.0616    32.0826    24.1383    1496.67    1497.47 0.0000e+00
        672     20.000    12.8810    12.8802   3.776353   3.778476     2.1806      89.77     0.0940 5.1227e-02 -9.990e-29     27.977 287.143460    5.30933    32.0597    32.0804    24.1398    1496.63    1497.43 0.0000e+00
        694     21.000    12.8595    12.8614   3.774133   3.776677     2.1833      98.66     0.0940 5.1272e-02 1.9438e+00     28.858 287.143471    5.29998    32.0565    32.0790    24.1415    1496.57    1497.39 0.0000e+00
        715     22.000    12.4780    12.4893   3.745220   3.748028     2.1821      98.83     0.0952 5.1253e-02 1.9438e+00     29.737 287.143481    5.32272    32.1062    32.1233    24.2532    1495.36    1497.30 0.0000e+00
        736     23.000    12.4308    12.4294   3.744198   3.746221     2.1800      96.13     0.1070 5.1266e-02 1.9438e+00     30.628 287.143491    5.30637    32.1364    32.1569    24.2856    1495.25    1497.21 0.0000e+00
        758     24.000    12.3856    12.3925   3.740350   3.743162     2.1751      96.50     0.1105 5.1260e-02 1.9438e+00     31.522 287.143501    5.32644    32.1379    32.1589    24.2953    1495.11    1497.12 0.0000e+00
        779     25.000    12.3584    12.3551   3.737838   3.739789     2.1815      98.79     0.1137 5.1273e-02 1.9438e+00     32.403 287.143512    5.41094    32.1368    32.1583    24.2996    1495.03    1497.04 0.0000e+00
        800     26.000    12.3392    12.3384   3.738694   3.740821     2.1922      98.82     0.1226 5.1273e-02 1.9438e+00     33.281 287.143522    5.45595    32.1610    32.1821    24.3220    1495.01    1496.96 0.0000e+00
        821     27.000    12.3320    12.3311   3.741044   3.743202     2.2021      93.40     0.1304 5.1266e-02 -9.990e-29     34.161 287.143532    5.48607    32.1893    32.2107    24.3453    1495.04    1496.89 0.0000e+00
        842     28.000    12.3265    12.3257   3.742920   3.745170     2.2117      98.78     0.1290 5.1260e-02 -9.990e-29     35.054 287.143542    5.50898    32.2116    32.2338    24.3636    1495.06    1496.82 0.0000e+00
        864     29.000    12.3255    12.3249   3.745335   3.747566     2.2198      98.83     0.1290 5.1266e-02 -9.990e-29     35.961 287.143553    5.52245    32.2352    32.2570    24.3821    1495.11    1496.76 0.0000e+00
        886     30.000    12.3245    12.3238   3.748166   3.750470     2.2259      98.22     0.1239 5.1266e-02 -9.990e-29     36.858 287.143563    5.53413    32.2627    32.2854    24.4036    1495.15    1496.71 0.0000e+00
        907     31.000    12.3171    12.3164   3.753425   3.755751     2.2315      98.79     0.1221 5.1266e-02 1.9438e+00     37.757 287.143574    5.54407    32.3191    32.3420    24.4487    1495.21    1496.66 0.0000e+00
        929     32.000    12.3100    12.3095   3.760143   3.762613     2.2356      98.83     0.1202 5.1266e-02 1.9438e+00     38.654 287.143584    5.54312    32.3892    32.4133    24.5044    1495.29    1496.62 0.0000e+00
        950     33.000    12.3197    12.3196   3.764898   3.767248     2.2370      98.83     0.1176 5.1273e-02 1.9438e+00     39.544 287.143594    5.53310    32.4260    32.4486    24.5311    1495.38    1496.58 0.0000e+00
        972     34.000    12.3123    12.3108   3.766862   3.769082     2.2380      98.83     0.1085 5.1273e-02 1.9438e+00     40.451 287.143605    5.53823    32.4508    32.4734    24.5518    1495.40    1496.55 0.0000e+00
        994     35.000    12.2845    12.2831   3.766911   3.769077     2.2392      98.83     0.0970 5.1273e-02 1.9438e+00     41.355 287.143615    5.53518    32.4749    32.4970    24.5757    1495.35    1496.51 0.0000e+00
       1015     36.000    12.2693    12.2682   3.766147   3.768350     2.2373      98.83     0.0962 5.1266e-02 -9.990e-29     42.246 287.143626    5.51046    32.4804    32.5025    24.5828    1495.32    1496.48 0.0000e+00
       1036     37.000    12.2559    12.2550   3.769526   3.771882     2.2331      98.83     0.0959 5.1259e-02 -9.990e-29     43.133 287.143636    5.49767    32.5240    32.5475    24.6192    1495.34    1496.45 0.0000e+00
       1057     38.000    12.2564    12.2560   3.772160   3.774420     2.2311      98.83     0.0915 5.1260e-02 -9.990e-29     44.018 287.143646    5.50262    32.5485    32.5706    24.6381    1495.39    1496.42 0.0000e+00
       1079     39.000    12.2488    12.2480   3.774466   3.776803     2.2298      98.83     0.0909 5.1273e-02 -9.990e-29     44.913 287.143656    5.50224    32.5769    32.6000    24.6615    1495.42    1496.39 0.0000e+00
       1101     40.000    12.2358    12.2350   3.775930   3.778157     2.2286      98.27     0.0904 5.1267e-02 1.9438e+00     45.818 287.143667    5.49194    32.6018    32.6239    24.6833    1495.42    1496.37 0.0000e+00
       1122     41.000    12.2224    12.2212   3.776237   3.778460     2.2255      98.74     0.0879 5.1273e-02 1.9438e+00     46.721 287.143677    5.48460    32.6160    32.6385    24.6969    1495.40    1496.35 0.0000e+00
       1144     42.000    12.2044    12.2037   3.776551   3.778840     2.2244      98.82     0.0850 5.1273e-02 1.9438e+00     47.618 287.143688    5.48755    32.6343    32.6570    24.7145    1495.38    1496.32 0.0000e+00
       1165     43.000    12.1914    12.1908   3.779154   3.781708     2.2224      98.80     0.0860 5.1247e-02 1.9438e+00     48.520 287.143698    5.47308    32.6703    32.6954    24.7448    1495.40    1496.30 0.0000e+00
       1187     44.000    12.1799    12.1792   3.781422   3.783825     2.2185      98.76     0.0885 5.1273e-02 1.9438e+00     49.421 287.143709    5.45232    32.7018    32.7255    24.7714    1495.41    1496.28 0.0000e+00
       1209     45.000    12.1836    12.1835   3.783831   3.786322     2.2144      98.51     0.0885 5.1273e-02 1.9438e+00     50.330 287.143719    5.44751    32.7213    32.7454    24.7859    1495.46    1496.26 0.0000e+00
       1231     46.000    12.1889    12.1883   3.785617   3.787900     2.2129      98.08     0.0878 5.1273e-02 -9.990e-29     51.231 287.143730    5.45736    32.7335    32.7560    24.7943    1495.51    1496.25 0.0000e+00
       1252     47.000    12.1916    12.1909   3.786575   3.788865     2.2127      98.25     0.0870 5.1273e-02 -9.990e-29     52.121 287.143740    5.45992    32.7399    32.7626    24.7988    1495.55    1496.23 0.0000e+00
       1273     48.000    12.1915    12.1910   3.786832   3.789083     2.2125      97.50     0.0908 5.1260e-02 -9.990e-29     53.019 287.143750    5.46102    32.7421    32.7642    24.8005    1495.57    1496.22 0.0000e+00
       1295     49.000    12.1934    12.1925   3.787262   3.789452     2.2124      96.96     0.0946 5.1273e-02 1.9438e+00     53.915 287.143761    5.46197    32.7441    32.7660    24.8017    1495.59    1496.21 0.0000e+00
       1317     50.000    12.1962    12.1954   3.788126   3.790303     2.2125      98.83     0.0933 5.1266e-02 1.9438e+00     54.816 287.143771    5.45830    32.7496    32.7713    24.8054    1495.62    1496.19 0.0000e+00
       1338     51.000    12.1934    12.1929   3.788779   3.791061     2.2111      98.79     0.0906 5.1260e-02 1.9438e+00     55.720 287.143781    5.44727    32.7579    32.7803    24.8124    1495.64    1496.18 0.0000e+00
       1360     52.000    12.1544    12.1538   3.789316   3.791608     2.2092      97.95     0.0892 5.1273e-02 1.9438e+00     56.624 287.143792    5.44356    32.7969    32.8195    24.8500    1495.57    1496.17 0.0000e+00
       1382     53.000    12.1471    12.1468   3.790856   3.793183     2.2077      97.67     0.0884 5.1247e-02 1.9438e+00     57.525 287.143802    5.44883    32.8177    32.8404    24.8675    1495.59    1496.16 0.0000e+00
       1403     54.000    12.1330    12.1324   3.793601   3.795957     2.2083      98.83     0.0919 5.1252e-02 1.9438e+00     58.419 287.143813    5.46895    32.8561    32.8794    24.9000    1495.60    1496.15 0.0000e+00
       1424     55.000    12.1111    12.1103   3.793704   3.795926     2.2111      98.83     0.0936 5.1273e-02 1.9438e+00     59.312 287.143823    5.47443    32.8760    32.8981    24.9195    1495.57    1496.14 0.0000e+00
       1446     56.000    12.0873    12.0874   3.794932   3.797248     2.2105      98.83     0.0905 5.1273e-02 1.9438e+00     60.213 287.143833    5.46615    32.9084    32.9306    24.9491    1495.54    1496.13 0.0000e+00
       1468     57.000    12.0532    12.0529   3.801420   3.803679     2.2107      98.83     0.0870 5.1273e-02 1.9438e+00     61.118 287.143844    5.46083    33.0007    33.0228    25.0272    1495.55    1496.12 0.0000e+00
       1490     58.000    12.0489    12.0476   3.801861   3.804119     2.2079      98.83     0.0843 5.1273e-02 1.9438e+00     62.025 287.143855    5.43714    33.0084    33.0314    25.0339    1495.56    1496.11 0.0000e+00
       1511     59.000    12.0392    12.0390   3.801633   3.803989     2.2039      98.83     0.0845 5.1266e-02 -9.990e-29     62.920 287.143865    5.41800    33.0143    33.0373    25.0404    1495.55    1496.10 0.0000e+00
       1532     60.000    11.9866    11.9854   3.804002   3.806323     2.1989      98.83     0.0848 5.1260e-02 -9.990e-29     63.812 287.143875    5.40598    33.0834    33.1070    25.1039    1495.47    1496.09 0.0000e+00
       1554     61.000    11.9460    11.9452   3.805087   3.807299     2.1949      98.83     0.0850 5.1266e-02 -9.990e-29     64.726 287.143886    5.40318    33.1296    33.1517    25.1473    1495.40    1496.08 0.0000e+00
       1576     62.000    11.9334    11.9335   3.805672   3.808058     2.1913      98.83     0.0833 5.1266e-02 -9.990e-29     65.636 287.143896    5.39621    33.1460    33.1691    25.1624    1495.39    1496.07 0.0000e+00
       1598     63.000    11.9375    11.9375   3.810149   3.812526     2.1882      98.82     0.0776 5.1266e-02 1.9438e+00     66.532 287.143907    5.38824    33.1854    33.2085    25.1922    1495.47    1496.06 0.0000e+00
       1619     64.000    11.9263    11.9264   3.814263   3.816528     2.1856      98.80     0.0798 5.1266e-02 1.9438e+00     67.430 287.143917    5.37991    33.2349    33.2568    25.2327    1495.51    1496.05 0.0000e+00
       1641     65.000    11.9275    11.9276   3.819007   3.821351     2.1824      98.79     0.0860 5.1273e-02 1.9438e+00     68.322 287.143927    5.35468    33.2795    33.3021    25.2671    1495.58    1496.04 0.0000e+00
       1662     66.000    11.8851    11.8817   3.819076   3.821277     2.1761      98.34     0.0839 5.1273e-02 1.9438e+00     69.224 287.143938    5.32521    33.3176    33.3420    25.3047    1495.50    1496.03 0.0000e+00
       1684     67.000    11.8674    11.8669   3.819830   3.822025     2.1691      98.80     0.0789 5.1273e-02 1.9438e+00     70.130 287.143948    5.30326    33.3404    33.3622    25.3256    1495.48    1496.02 0.0000e+00
       1706     68.000    11.8683    11.8680   3.822574   3.824970     2.1625      98.72     0.0774 5.1266e-02 1.9438e+00     71.025 287.143959    5.28184    33.3658    33.3894    25.3452    1495.53    1496.02 0.0000e+00
       1727     69.000    11.8167    11.8150   3.824018   3.826107     2.1559      98.74     0.0754 5.1280e-02 -9.990e-29     71.924 287.143969    5.27526    33.4258    33.4476    25.4014    1495.44    1496.01 0.0000e+00
       1749     70.000    11.8004    11.7998   3.824241   3.826495     2.1516      98.78     0.0732 5.1266e-02 -9.990e-29     72.820 287.143979    5.26654    33.4422    33.4647    25.4172    1495.42    1496.00 0.0000e+00
       1770     71.000    11.8018    11.8015   3.825785   3.828092     2.1460      98.78     0.0714 5.1273e-02 -9.990e-29     73.722 287.143990    5.24108    33.4555    33.4783    25.4273    1495.46    1495.99 0.0000e+00
       1792     72.000    11.8050    11.8046   3.827200   3.829489     2.1401      98.80     0.0704 5.1267e-02 -9.990e-29     74.631 287.144000    5.23527    33.4660    33.4887    25.4348    1495.50    1495.99 0.0000e+00
       1814     73.000    11.8005    11.7999   3.830712   3.832994     2.1379      98.80     0.0702 5.1259e-02 -9.990e-29     75.532 287.144011    5.24061    33.5039    33.5266    25.4651    1495.55    1495.98 0.0000e+00
       1835     74.000    11.7473    11.7481   3.829897   3.832251     2.1351      98.78     0.0691 5.1266e-02 -9.990e-29     76.432 287.144021    5.22871    33.5435    33.5657    25.5058    1495.43    1495.97 0.0000e+00
       1857     75.000    11.7203    11.7199   3.829685   3.832027     2.1310      98.73     0.0676 5.1273e-02 -9.990e-29     77.343 287.144032    5.20463    33.5654    33.5886    25.5278    1495.38    1495.96 0.0000e+00
