testdata/CTD/sta0415.cnv
* Sea-Bird SBE 9 Data File:
* FileName = C:\Seabird\CTDData\sta0415.hex
* Software Version Seasave V 7.21f
* Temperature SN = 4557
* Conductivity SN = 1337
* Number of Bytes Per Scan = 40
* Number of Voltage Words = 5
* Number of Scans Averaged by the Deck Unit = 1
* NMEA Latitude = 60 52.30 N
* NMEA Longitude = 005 24.73 E
* NMEA UTC (Time) = Oct 15 2018 23:30:07
* NMEA baud rate = 4800
** Ship: 10 F/F "G. O. Sars"
** Station: 0415
** Echodepth: 479
** Log: 5416.262
** Wind-Dir Force: 08 04
** Air-temp (dry): 5.7
** Weather Sky: 0 0
** Sea Ice: 0 0
# nquan = 20                                
# nvalues = 470                         
# units = specified
# name 0 = scan: Scan Count
# name 1 = prDM: Pressure, Digiquartz [db]
# name 2 = t068C: Temperature [ITS-68, deg C]
# name 3 = t168C: Temperature, 2 [ITS-68, deg C]
# name 4 = c0S/m: Conductivity [S/m]
# name 5 = c1S/m: Conductivity, 2 [S/m]
# name 6 = sbeox0V: Oxygen raw, SBE 43 [V]
# name 7 = altM: Altimeter [m]
# name 8 = flC: Fluorescence, Chelsea Aqua 3 Chl Con [ug/l]
# name 9 = par: PAR/Irradiance, Biospherical/Licor
# name 10 = spar: SPAR/Surface Irradiance
# name 11 = timeS: Time, Elapsed [seconds]
# name 12 = timeJ: Julian Days
# name 13 = sbeox0ML/L: Oxygen, SBE 43 [ml/l], WS = 2
# name 14 = sal00: Salinity, Practical [PSU]
# name 15 = sal11: Salinity, Practical, 2 [PSU]
# name 16 = sigma-t00: Density [sigma-t, Kg/m^3 ]
# name 17 = svCM: Sound Velocity [Chen-Millero, m/s]
# name 18 = avgsvCM: Average Sound Velocity [Chen-Millero, m/s], minP = 1, minS = 5
# name 19 = flag: flag
# span 0 =        309,      10432       
# span 1 =      2.000,    471.000       
# span 2 =     8.0887,    15.5770       
# span 3 =     8.0883,    15.5834       
# span 4 =   2.568185,   3.976426       
# span 5 =   2.548126,   3.978928       
# span 6 =     0.8812,     2.2436       
# span 7 =     -34.65,      99.68       
# span 8 =     0.0223,     0.1712       
# span 9 = 5.1232e-02, 1.0762e+00       
# span 10 = 1.8866e+00, 3.9755e+00      
# span 11 =     12.842,    434.637      
# span 12 = 288.979420, 288.984302      
# span 13 =    1.32249,    5.67007      
# span 14 =    20.6445,    35.0222      
# span 15 =    20.5643,    35.0447      
# span 16 =    15.2271,    27.2603      
# span 17 =    1484.77,    1504.38      
# span 18 =    1484.77,    1500.47      
# span 19 = 0.0000e+00, 0.0000e+00      
# interval = decibars: 1                
# start_time = Oct 15 2018 23:30:09 [System UTC, header]
# bad_flag = -9.990e-29
*END*
[from data line 435]
       9608    437.000     8.1982     8.1980   3.660965   3.663068     0.9381      98.74     0.0377 5.1267e-02 3.8876e+00    400.309 288.983904    1.51828    35.0194    35.0420    27.2594    1490.43    1489.00 0.0000e+00
       9630    438.000     8.1983     8.1981   3.661022   3.663128     0.9366      98.74     0.0378 5.1259e-02 3.8876e+00    401.205 288.983914    1.51446    35.0194    35.0421    27.2594    1490.45    1489.00 0.0000e+00
       9651    439.000     8.1985     8.1983   3.661088   3.663188     0.9356      63.75     0.0359 5.1253e-02 3.8875e+00    402.097 288.983925    1.50908    35.0195    35.0420    27.2594    1490.46    1489.00 0.0000e+00
       9673    440.000     8.1987     8.1985   3.661164   3.663262     0.9340      98.87     0.0379 5.1273e-02 2.3134e+00    403.000 288.983935    1.50178    35.0196    35.0422    27.2595    1490.48    1489.01 0.0000e+00
       9694    441.000     8.1991     8.1989   3.661257   3.663359     0.9324      98.73     0.0382 5.1280e-02 3.8808e+00    403.892 288.983945    1.49512    35.0197    35.0423    27.2595    1490.50    1489.01 0.0000e+00
       9716    442.000     8.1996     8.1994   3.661372   3.663454     0.9310      98.73     0.0368 5.1273e-02 -9.990e-29    404.790 288.983956    1.49024    35.0200    35.0424    27.2597    1490.52    1489.01 0.0000e+00
       9738    443.000     8.1999     8.1998   3.661459   3.663555     0.9292      98.72     0.0386 5.1273e-02 -9.990e-29    405.688 288.983966    1.48409    35.0201    35.0426    27.2597    1490.54    1489.02 0.0000e+00
       9759    444.000     8.2002     8.2000   3.661523   3.663627     0.9278      98.71     0.0401 5.1253e-02 -9.990e-29    406.576 288.983977    1.48053    35.0200    35.0427    27.2596    1490.55    1489.02 0.0000e+00
       9780    445.000     8.2005     8.2004   3.661606   3.663720     0.9264      94.74     0.0401 5.1273e-02 -9.990e-29    407.475 288.983987    1.47474    35.0202    35.0428    27.2597    1490.57    1489.02 0.0000e+00
       9802    446.000     8.2010     8.2009   3.661728   3.663815     0.9246      51.57     0.0386 5.1273e-02 3.8876e+00    408.366 288.983997    1.46228    35.0205    35.0428    27.2598    1490.59    1489.03 0.0000e+00
       9823    447.000     8.2014     8.2012   3.661818   3.663912     0.9225      41.70     0.0364 5.1273e-02 3.8876e+00    409.262 288.984008    1.45948    35.0206    35.0431    27.2598    1490.61    1489.03 0.0000e+00
       9845    448.000     8.2017     8.2014   3.661890   3.663982     0.9212      74.19     0.0382 5.1266e-02 3.8876e+00    410.159 288.984018    1.45509    35.0206    35.0432    27.2598    1490.63    1489.03 0.0000e+00
       9866    449.000     8.2020     8.2018   3.661980   3.664072     0.9193      80.53     0.0419 5.1273e-02 3.8876e+00    411.044 288.984028    1.44315    35.0208    35.0433    27.2599    1490.64    1489.04 0.0000e+00
       9888    450.000     8.2021     8.2020   3.662040   3.664136     0.9172      50.26     0.0375 5.1266e-02 3.8875e+00    411.943 288.984039    1.44172    35.0208    35.0433    27.2599    1490.66    1489.04 0.0000e+00
       9909    451.000     8.2024     8.2023   3.662114   3.664232     0.9159      75.16     0.0379 5.1266e-02 2.0207e+00    412.841 288.984049    1.43161    35.0208    35.0435    27.2599    1490.68    1489.04 0.0000e+00
       9931    452.000     8.2028     8.2026   3.662211   3.664311     0.9134      35.67     0.0353 5.1286e-02 3.8008e+00    413.730 288.984059    1.42095    35.0210    35.0436    27.2600    1490.70    1489.05 0.0000e+00
       9952    453.000     8.2033     8.2031   3.662313   3.664417     0.9114      34.75     0.0345 5.1280e-02 3.8883e+00    414.632 288.984070    1.41962    35.0211    35.0437    27.2600    1490.71    1489.05 0.0000e+00
       9974    454.000     8.2036     8.2035   3.662404   3.664497     0.9100      33.10     0.0358 5.1273e-02 3.8876e+00    415.528 288.984080    1.41511    35.0213    35.0437    27.2601    1490.73    1489.06 0.0000e+00
       9995    455.000     8.2039     8.2038   3.662464   3.664571     0.9082      31.97     0.0389 5.1266e-02 3.8876e+00    416.425 288.984091    1.40625    35.0212    35.0437    27.2599    1490.75    1489.06 0.0000e+00
      10017    456.000     8.2039     8.2038   3.662531   3.664630     0.9063      30.95     0.0423 5.1266e-02 -9.990e-29    417.327 288.984101    1.39651    35.0214    35.0439    27.2601    1490.77    1489.06 0.0000e+00
      10038    457.000     8.2041     8.2039   3.662582   3.664685     0.9040      29.93     0.0417 5.1273e-02 -9.990e-29    418.217 288.984111    1.38666    35.0213    35.0439    27.2600    1490.78    1489.07 0.0000e+00
      10060    458.000     8.2042     8.2040   3.662647   3.664733     0.9016      28.90     0.0418 5.1280e-02 -9.990e-29    419.119 288.984122    1.37995    35.0214    35.0438    27.2601    1490.80    1489.07 0.0000e+00
      10081    459.000     8.2043     8.2042   3.662691   3.664806     0.8998      27.99     0.0430 5.1280e-02 -9.990e-29    420.014 288.984132    1.37732    35.0213    35.0440    27.2600    1490.82    1489.07 0.0000e+00
      10103    460.000     8.2044     8.2043   3.662764   3.664863     0.8984      27.24     0.0390 5.1273e-02 3.8876e+00    420.902 288.984142    1.37595    35.0215    35.0440    27.2601    1490.83    1489.08 0.0000e+00
      10124    461.000     8.2047     8.2045   3.662832   3.664927     0.8970      26.24     0.0392 5.1273e-02 2.2223e+00    421.794 288.984153    1.37593    35.0215    35.0440    27.2601    1490.85    1489.08 0.0000e+00
      10145    462.000     8.2050     8.2048   3.662911   3.665017     0.8964      25.00     0.0409 5.1286e-02 3.7011e+00    422.685 288.984163    1.37488    35.0215    35.0442    27.2601    1490.87    1489.09 0.0000e+00
      10167    463.000     8.2051     8.2050   3.662971   3.665073     0.8954      24.22     0.0408 5.1280e-02 3.8861e+00    423.576 288.984173    1.36927    35.0216    35.0441    27.2601    1490.89    1489.09 0.0000e+00
      10188    464.000     8.2053     8.2051   3.663032   3.665134     0.8946      23.41     0.0398 5.1280e-02 3.8876e+00    424.468 288.984184    1.36761    35.0216    35.0442    27.2601    1490.90    1489.09 0.0000e+00
      10210    465.000     8.2057     8.2055   3.663124   3.665235     0.8935      22.50     0.0377 5.1286e-02 3.8876e+00    425.361 288.984194    1.36275    35.0217    35.0444    27.2601    1490.92    1489.10 0.0000e+00
      10231    466.000     8.2061     8.2059   3.663218   3.665331     0.8925      21.78     0.0389 5.1280e-02 3.8876e+00    426.257 288.984204    1.36211    35.0218    35.0445    27.2601    1490.94    1489.10 0.0000e+00
      10253    467.000     8.2065     8.2064   3.663320   3.665420     0.8919      20.85     0.0377 5.1273e-02 3.8876e+00    427.152 288.984215    1.35747    35.0220    35.0445    27.2602    1490.96    1489.11 0.0000e+00
      10274    468.000     8.2067     8.2066   3.663391   3.665490     0.8907      19.82     0.0388 5.1280e-02 3.8876e+00    428.043 288.984225    1.35046    35.0221    35.0446    27.2603    1490.98    1489.11 0.0000e+00
      10296    469.000     8.2069     8.2068   3.663457   3.665558     0.8895      18.89     0.0407 5.1286e-02 3.8876e+00    428.939 288.984235    1.34529    35.0222    35.0447    27.2603    1490.99    1489.11 0.0000e+00
      10317    470.000     8.2071     8.2070   3.663524   3.665624     0.8880      17.91     0.0400 5.1294e-02 3.8876e+00    429.824 288.984246    1.33729    35.0222    35.0447    27.2603    1491.01    1489.12 0.0000e+00
      10432    471.000     8.2074     8.2069   3.663536   3.665633     0.8812      16.15     0.0471 5.1257e-02 3.8876e+00    434.637 288.984302    1.32249    35.0216    35.0444    27.2597    1491.03    1489.12 0.0000e+00
