testdata/CTD/sta0420.cnv
* Sea-Bird SBE 9 Data File:
* FileName = C:\Seabird\CTDData\sta0420.hex
* Software Version Seasave V 7.21f
* Temperature SN = 4557
* Conductivity SN = 1337
* Number of Bytes Per Scan = 40
* Number of Voltage Words = 5
* Number of Scans Averaged by the Deck Unit = 1
* NMEA Latitude = 61 29.31 N
* NMEA Longitude = 005 16.09 E
* NMEA UTC (Time) = Oct 17 2018 23:26:31
* NMEA baud rate = 4800
** Ship: 10 F/F "G. O. Sars"
** Station: 0420
** Echodepth: 371
** Log: 5625.165
** Wind-Dir Force: 24 15
** Air-temp (dry): 10.1
** Weather Sky: 0 0
** Sea Ice: 0 0
# nquan = 20                                
# nvalues = 359                         
# units = specified
# name 0 = scan: Scan Count
# name 1 = prDM: Pressure, Digiquartz [db]
# name 2 = t068C: Temperature [ITS-68, deg C]
# name 3 = t168C: Temperature, 2 [ITS-68, deg C]
# name 4 = c0S/m: Conductivity [S/m]
# name 5 = c1S/m: Conductivity, 2 [S/m]
# name 6 = sbeox0V: Oxygen raw, SBE 43 [V]
# name 7 = altM: Altimeter [m]
# name 8 = flC: Fluorescence, Chelsea Aqua 3 Chl Con [ug/l]
# name 9 = par: PAR/Irradiance, Biospherical/Licor
# name 10 = spar: SPAR/Surface Irradiance
# name 11 = timeS: Time, Elapsed [seconds]
# name 12 = timeJ: Julian Days
# name 13 = sbeox0ML/L: Oxygen, SBE 43 [ml/l], WS = 2
# name 14 = sal00: Salinity, Practical [PSU]
# name 15 = sal11: Salinity, Practical, 2 [PSU]
# name 16 = sigma-t00: Density [sigma-t, Kg/m^3 ]
# name 17 = svCM: Sound Velocity [Chen-Millero, m/s]
# name 18 = avgsvCM: Average Sound Velocity [Chen-Millero, m/s], minP = 1, minS = 5
# name 19 = flag: flag
# span 0 =        431,       8126       
# span 1 =      2.000,    360.000       
# span 2 =     7.6822,    13.6500       
# span 3 =     7.6819,    13.6502       
# span 4 =   2.922083,   3.884228       
# span 5 =   2.935326,   3.885978       
# span 6 =     1.8624,     2.2933       
# span 7 =      13.83,     100.31       
# span 8 =     0.0165,     0.2777       
# span 9 = 5.1071e-02, 1.4099e+00       
# span 10 = 1.6964e+00, 3.8025e+00      
# span 11 =     17.916,    338.531      
# span 12 = 290.976967, 290.980678      
# span 13 =    4.67763,    6.02785      
# span 14 =    24.8415,    35.0620      
# span 15 =    24.9408,    35.0823      
# span 16 =    18.7478,    27.3702      
# span 17 =    1484.05,    1498.90      
# span 18 =    1484.05,    1494.97      
# span 19 = 0.0000e+00, 0.0000e+00      
# interval = decibars: 1                
# start_time = Oct 17 2018 23:26:32 [System UTC, header]
# bad_flag = -9.990e-29
*END*
[from data line 73]
       2023     75.000    11.7902    11.7885   3.831186   3.833008     2.0049      98.86     0.0323 5.1266e-02 1.9429e+00     84.242 290.977734    4.78002    33.5169    33.5362    25.4771    1495.56    1494.96 0.0000e+00
       2044     76.000    11.7144    11.7134   3.828583   3.830393     1.9993      81.18     0.0285 5.1245e-02 1.9438e+00     85.133 290.977745    4.78808    33.5595    33.5781    25.5243    1495.37    1494.96 0.0000e+00
       2066     77.000    11.6913    11.6915   3.829618   3.831703     1.9971      82.83     0.0289 5.1240e-02 1.9438e+00     86.029 290.977755    4.79826    33.5901    33.6103    25.5524    1495.34    1494.97 0.0000e+00
       2087     78.000    11.6784    11.6784   3.833639   3.835509     1.9957      74.94     0.0302 5.1240e-02 1.9438e+00     86.932 290.977765    4.80311    33.6406    33.6589    25.5940    1495.37    1494.97 0.0000e+00
       2109     79.000    11.4523    11.4505   3.816350   3.817932     1.9962      74.84     0.0306 5.1247e-02 1.9438e+00     87.839 290.977776    4.83582    33.6761    33.6933    25.6633    1494.65    1494.97 0.0000e+00
       2131     80.000    11.4118    11.4116   3.815906   3.817970     1.9963      74.83     0.0357 5.1225e-02 -9.990e-29     88.746 290.977786    4.83230    33.7082    33.7287    25.6956    1494.56    1494.96 0.0000e+00
       2152     81.000    11.5103    11.5109   3.830601   3.832719     1.9954      74.66     0.0319 5.1204e-02 -9.990e-29     89.638 290.977797    4.82165    33.7624    33.7827    25.7197    1494.99    1494.97 0.0000e+00
       2173     82.000    11.3820    11.3804   3.821488   3.823006     1.9958      80.26     0.0329 5.1227e-02 -9.990e-29     90.521 290.977807    4.83444    33.7895    33.8059    25.7643    1494.59    1494.96 0.0000e+00
       2195     83.000    11.2551    11.2541   3.812383   3.814126     1.9949      79.87     0.0313 5.1218e-02 1.9438e+00     91.419 290.977817    4.85007    33.8155    33.8336    25.8076    1494.19    1494.95 0.0000e+00
       2217     84.000    11.2204    11.2192   3.811681   3.813429     1.9969      94.43     0.0321 5.1267e-02 1.9438e+00     92.316 290.977828    4.88200    33.8399    33.8583    25.8329    1494.12    1494.94 0.0000e+00
       2238     85.000    11.1509    11.1491   3.807033   3.808738     2.0010      98.83     0.0349 5.1266e-02 1.9438e+00     93.215 290.977838    4.90590    33.8573    33.8759    25.8591    1493.91    1494.93 0.0000e+00
       2260     86.000    11.1113    11.1097   3.804723   3.806433     2.0039      81.51     0.0380 5.1220e-02 1.9438e+00     94.114 290.977849    4.90835    33.8704    33.8889    25.8764    1493.81    1494.92 0.0000e+00
       2281     87.000    11.0168    11.0152   3.798335   3.800061     2.0053      87.67     0.0344 5.1253e-02 1.9438e+00     95.007 290.977859    4.91724    33.8937    33.9123    25.9115    1493.52    1494.90 0.0000e+00
       2303     88.000    10.8876    10.8837   3.788908   3.790267     2.0061      98.92     0.0330 5.1273e-02 1.9438e+00     95.905 290.977869    4.92158    33.9187    33.9359    25.9541    1493.11    1494.88 0.0000e+00
       2324     89.000    10.7332    10.7313   3.777864   3.779488     2.0044      87.22     0.0313 5.1259e-02 -9.990e-29     96.800 290.977880    4.90476    33.9510    33.9691    26.0066    1492.62    1494.85 0.0000e+00
       2345     90.000    10.5722    10.5729   3.766699   3.768344     1.9987      77.45     0.0324 5.1232e-02 -9.990e-29     97.674 290.977890    4.89115    33.9883    34.0042    26.0640    1492.12    1494.82 0.0000e+00
       2366     91.000    10.4454    10.4446   3.759954   3.761652     1.9937      98.77     0.0316 5.1273e-02 -9.990e-29     98.558 290.977900    4.87642    34.0384    34.0562    26.1251    1491.74    1494.79 0.0000e+00
       2388     92.000    10.4145    10.4192   3.757801   3.759990     1.9852      95.06     0.0325 5.1266e-02 -9.990e-29     99.446 290.977910    4.83728    34.0451    34.0628    26.1357    1491.66    1494.76 0.0000e+00
       2409     93.000    10.3559    10.3574   3.753104   3.755061     1.9772      71.22     0.0320 5.1239e-02 1.9438e+00    100.334 290.977921    4.83643    34.0521    34.0704    26.1513    1491.47    1494.72 0.0000e+00
       2430     94.000    10.3114    10.3069   3.749341   3.750764     1.9725      93.16     0.0299 5.1260e-02 1.9438e+00    101.223 290.977931    4.84055    34.0553    34.0739    26.1614    1491.34    1494.68 0.0000e+00
       2451     95.000    10.2050    10.2016   3.741625   3.743120     1.9686      98.27     0.0302 5.1266e-02 1.9438e+00    102.103 290.977941    4.83685    34.0765    34.0949    26.1963    1491.00    1494.65 0.0000e+00
       2473     96.000    10.0752    10.0704   3.732349   3.733833     1.9630      72.28     0.0330 5.1266e-02 1.9438e+00    102.985 290.977951    4.81894    34.1040    34.1236    26.2399    1490.58    1494.60 0.0000e+00
       2494     97.000     9.9840     9.9858   3.727656   3.729609     1.9568      85.48     0.0357 5.1246e-02 1.9438e+00    103.869 290.977961    4.80260    34.1418    34.1600    26.2849    1490.32    1494.56 0.0000e+00
       2515     98.000     9.9054     9.9087   3.723066   3.725059     1.9493      98.71     0.0353 5.1273e-02 1.9438e+00    104.749 290.977972    4.76937    34.1688    34.1860    26.3193    1490.08    1494.51 0.0000e+00
       2536     99.000     9.7344     9.7310   3.712250   3.713645     1.9396      86.14     0.0334 5.1259e-02 1.9438e+00    105.634 290.977982    4.75196    34.2198    34.2373    26.3878    1489.54    1494.46 0.0000e+00
       2557    100.000     9.6130     9.6114   3.704310   3.705926     1.9321      76.73     0.0361 5.1245e-02 1.9438e+00    106.520 290.977992    4.76221    34.2533    34.2714    26.4341    1489.16    1494.41 0.0000e+00
       2579    101.000     9.4904     9.4880   3.696597   3.698103     1.9268      97.79     0.0379 5.1273e-02 1.9438e+00    107.400 290.978002    4.76019    34.2903    34.3082    26.4834    1488.78    1494.35 0.0000e+00
       2600    102.000     9.3946     9.3932   3.690410   3.692059     1.9208      98.79     0.0361 5.1273e-02 1.9438e+00    108.282 290.978013    4.74013    34.3176    34.3361    26.5204    1488.48    1494.30 0.0000e+00
       2621    103.000     9.2571     9.2529   3.681678   3.683010     1.9131      66.99     0.0337 5.1266e-02 -9.990e-29    109.156 290.978023    4.73431    34.3586    34.3765    26.5749    1488.04    1494.23 0.0000e+00
       2642    104.000     9.1572     9.1555   3.675501   3.677171     1.9088      90.72     0.0332 5.1239e-02 -9.990e-29    110.039 290.978033    4.74601    34.3901    34.4092    26.6157    1487.73    1494.17 0.0000e+00
       2663    105.000     9.1164     9.1154   3.672962   3.674647     1.9042      98.85     0.0333 5.1273e-02 -9.990e-29    110.922 290.978043    4.72982    34.4026    34.4211    26.6320    1487.61    1494.11 0.0000e+00
       2684    106.000     9.0614     9.0596   3.669226   3.670885     1.8990      80.61     0.0359 5.1273e-02 -9.990e-29    111.802 290.978053    4.71312    34.4162    34.4353    26.6515    1487.44    1494.05 0.0000e+00
       2706    107.000     9.0092     9.0060   3.665971   3.667520     1.8938      80.84     0.0359 5.1214e-02 1.9438e+00    112.690 290.978064    4.71399    34.4322    34.4515    26.6724    1487.29    1493.98 0.0000e+00
       2727    108.000     8.9159     8.9143   3.660204   3.661877     1.8907      98.50     0.0336 5.1272e-02 1.9438e+00    113.569 290.978074    4.72145    34.4618    34.4809    26.7104    1487.00    1493.92 0.0000e+00
       2748    109.000     8.7893     8.7865   3.652458   3.653912     1.8873      93.95     0.0329 5.1273e-02 1.9438e+00    114.443 290.978084    4.70963    34.5030    34.5210    26.7627    1486.59    1493.85 0.0000e+00
       2769    110.000     8.6604     8.6582   3.644760   3.646418     1.8821      69.05     0.0334 5.1266e-02 1.9438e+00    115.325 290.978094    4.70205    34.5471    34.5668    26.8175    1486.19    1493.78 0.0000e+00
       2790    111.000     8.6377     8.6362   3.643560   3.645307     1.8773      94.32     0.0334 5.1259e-02 1.9438e+00    116.208 290.978104    4.68706    34.5562    34.5761    26.8282    1486.13    1493.71 0.0000e+00
       2811    112.000     8.6338     8.6332   3.643426   3.645214     1.8724      98.83     0.0314 5.1273e-02 -9.990e-29    117.089 290.978114    4.67763    34.5581    34.5775    26.8303    1486.13    1493.64 0.0000e+00
       2832    113.000     8.6039     8.6027   3.641727   3.643448     1.8687      70.94     0.0331 5.1273e-02 -9.990e-29    117.970 290.978125    4.68897    34.5689    34.5883    26.8434    1486.05    1493.58 0.0000e+00
       2853    114.000     8.5444     8.5434   3.638285   3.640067     1.8685      89.05     0.0329 5.1245e-02 -9.990e-29    118.846 290.978135    4.71804    34.5903    34.6101    26.8694    1485.87    1493.51 0.0000e+00
       2875    115.000     8.5162     8.5155   3.636672   3.638492     1.8693      98.80     0.0316 5.1266e-02 -9.990e-29    119.729 290.978145    4.72112    34.6003    34.6203    26.8817    1485.80    1493.44 0.0000e+00
       2896    116.000     8.4792     8.4776   3.635454   3.637230     1.8686      83.55     0.0313 5.1259e-02 1.9438e+00    120.617 290.978155    4.71894    34.6232    34.6436    26.9054    1485.71    1493.37 0.0000e+00
       2917    117.000     8.4306     8.4299   3.631571   3.633367     1.8691      72.05     0.0322 5.1266e-02 1.9438e+00    121.498 290.978165    4.74060    34.6293    34.6491    26.9176    1485.55    1493.31 0.0000e+00
       2938    118.000     8.3908     8.3899   3.628781   3.630584     1.8705      97.52     0.0312 5.1266e-02 1.9438e+00    122.381 290.978176    4.75098    34.6383    34.6584    26.9308    1485.43    1493.24 0.0000e+00
       2959    119.000     8.3529     8.3521   3.626563   3.628387     1.8719      98.81     0.0297 5.1273e-02 1.9438e+00    123.259 290.978186    4.76038    34.6515    34.6717    26.9470    1485.32    1493.17 0.0000e+00
       2980    120.000     8.3162     8.3151   3.624535   3.626360     1.8727      56.76     0.0296 5.1259e-02 1.9438e+00    124.139 290.978196    4.75761    34.6656    34.6861    26.9637    1485.21    1493.11 0.0000e+00
       3002    121.000     8.2904     8.2893   3.623150   3.624985     1.8721      93.17     0.0289 5.1247e-02 1.9438e+00    125.023 290.978206    4.73999    34.6758    34.6965    26.9756    1485.15    1493.04 0.0000e+00
       3022    122.000     8.2657     8.2647   3.621700   3.623543     1.8692      98.00     0.0309 5.1259e-02 1.9438e+00    125.896 290.978216    4.72614    34.6843    34.7049    26.9860    1485.08    1492.97 0.0000e+00
       3044    123.000     8.2346     8.2335   3.619887   3.621723     1.8672      98.79     0.0318 5.1273e-02 1.9438e+00    126.779 290.978227    4.73283    34.6951    34.7158    26.9993    1484.99    1492.91 0.0000e+00
       3065    124.000     8.2193     8.2186   3.618991   3.620854     1.8661      78.01     0.0284 5.1266e-02 1.9438e+00    127.667 290.978237    4.73165    34.7002    34.7208    27.0056    1484.96    1492.84 0.0000e+00
       3086    125.000     8.1900     8.1891   3.617351   3.619200     1.8647      75.63     0.0291 5.1266e-02 1.9438e+00    128.550 290.978247    4.73697    34.7112    34.7318    27.0187    1484.88    1492.78 0.0000e+00
       3108    126.000     8.1570     8.1557   3.615551   3.617391     1.8643      98.63     0.0286 5.1273e-02 1.9438e+00    129.440 290.978257    4.74308    34.7241    34.7450    27.0338    1484.79    1492.72 0.0000e+00
       3129    127.000     8.1269     8.1254   3.613936   3.615742     1.8641      98.18     0.0280 5.1273e-02 -9.990e-29    130.324 290.978268    4.73967    34.7361    34.7569    27.0478    1484.71    1492.65 0.0000e+00
       3150    128.000     8.1075     8.1065   3.612883   3.614727     1.8624      52.86     0.0294 5.1266e-02 -9.990e-29    131.201 290.978278    4.74069    34.7436    34.7643    27.0566    1484.66    1492.59 0.0000e+00
       3171    129.000     8.0783     8.0772   3.611210   3.613066     1.8629      94.96     0.0302 5.1266e-02 -9.990e-29    132.078 290.978288    4.75623    34.7541    34.7751    27.0693    1484.58    1492.53 0.0000e+00
       3192    130.000     8.0660     8.0652   3.610584   3.612454     1.8635      98.79     0.0307 5.1273e-02 1.9438e+00    132.957 290.978298    4.76805    34.7591    34.7800    27.0751    1484.55    1492.47 0.0000e+00
       3213    131.000     8.0614     8.0605   3.610361   3.612247     1.8655      98.75     0.0308 5.1266e-02 1.9438e+00    133.834 290.978308    4.78458    34.7608    34.7819    27.0771    1484.56    1492.41 0.0000e+00
       3235    132.000     8.0514     8.0508   3.609870   3.611769     1.8676      98.80     0.0304 5.1266e-02 1.9438e+00    134.732 290.978319    4.78472    34.7650    34.7860    27.0819    1484.54    1492.35 0.0000e+00
       3256    133.000     8.0348     8.0327   3.609040   3.610849     1.8680      98.76     0.0270 5.1266e-02 1.9438e+00    135.619 290.978329    4.78019    34.7721    34.7936    27.0899    1484.50    1492.29 0.0000e+00
       3277    134.000     8.0206     8.0192   3.608385   3.610264     1.8686      98.80     0.0283 5.1273e-02 1.9438e+00    136.493 290.978339    4.78675    34.7787    34.8002    27.0973    1484.47    1492.23 0.0000e+00
       3298    135.000     8.0112     8.0114   3.607970   3.609912     1.8689      95.47     0.0301 5.1273e-02 1.9438e+00    137.366 290.978349    4.77597    34.7831    34.8037    27.1021    1484.46    1492.17 0.0000e+00
       3319    136.000     7.9938     7.9935   3.607105   3.609027     1.8676      53.57     0.0289 5.1273e-02 -9.990e-29    138.241 290.978359    4.78517    34.7906    34.8116    27.1106    1484.42    1492.11 0.0000e+00
       3340    137.000     7.9850     7.9844   3.606712   3.608624     1.8693      99.00     0.0270 5.1273e-02 -9.990e-29    139.129 290.978370    4.80167    34.7947    34.8158    27.1151    1484.41    1492.06 0.0000e+00
       3362    138.000     7.9821     7.9812   3.606631   3.608533     1.8705      98.80     0.0297 5.1266e-02 -9.990e-29    140.021 290.978380    4.80585    34.7962    34.8175    27.1168    1484.42    1492.00 0.0000e+00
       3383    139.000     7.9744     7.9717   3.606320   3.608146     1.8717      53.91     0.0303 5.1266e-02 -9.990e-29    140.904 290.978390    4.82117    34.8000    34.8223    27.1209    1484.41    1491.95 0.0000e+00
       3404    140.000     7.9659     7.9639   3.605984   3.607838     1.8750      88.74     0.0290 5.1259e-02 1.9438e+00    141.779 290.978400    4.84247    34.8044    34.8263    27.1256    1484.40    1491.89 0.0000e+00
       3424    141.000     7.9544     7.9535   3.605452   3.607354     1.8776      98.78     0.0288 5.1266e-02 1.9438e+00    142.644 290.978410    4.84542    34.8096    34.8310    27.1315    1484.38    1491.84 0.0000e+00
       3445    142.000     7.9473     7.9460   3.605161   3.607050     1.8793      84.33     0.0306 5.1266e-02 1.9438e+00    143.517 290.978420    4.84142    34.8131    34.8347    27.1352    1484.37    1491.78 0.0000e+00
       3467    143.000     7.9340     7.9346   3.604592   3.606575     1.8801      60.48     0.0324 5.1253e-02 1.9438e+00    144.403 290.978431    4.85807    34.8197    34.8404    27.1424    1484.34    1491.73 0.0000e+00
       3488    144.000     7.9300     7.9294   3.604422   3.606328     1.8835      98.40     0.0303 5.1273e-02 1.9438e+00    145.289 290.978441    4.87777    34.8214    34.8425    27.1443    1484.35    1491.68 0.0000e+00
       3509    145.000     7.9249     7.9239   3.604195   3.606094     1.8862      98.46     0.0314 5.1273e-02 1.9438e+00    146.175 290.978451    4.88660    34.8235    34.8449    27.1468    1484.35    1491.63 0.0000e+00
