testdata/CTD/sta0400.cnv
* Sea-Bird SBE 9 Data File:
* FileName = C:\Seabird\CTDData\sta0400.hex
* Software Version Seasave V 7.21f
* Temperature SN = 4557
* Conductivity SN = 1337
* Number of Bytes Per Scan = 40
* Number of Voltage Words = 5
* Number of Scans Averaged by the Deck Unit = 1
* NMEA Latitude = 61 24.88 N
* NMEA Longitude = 002 03.11 W
* NMEA UTC (Time) = Oct 10 2018 04:47:22
* NMEA baud rate = 4800
** Ship: 10 F/F "G. O. Sars"
** Station: 0400
** Echodepth: 916
** Log: 4949.23
** Wind-Dir Force: 15 06
** Air-temp (dry): 9.8
** Weather Sky: 0 6
** Sea Ice: 3 0
# nquan = 20                                
# nvalues = 920                         
# units = specified
# name 0 = scan: Scan Count
# name 1 = prDM: Pressure, Digiquartz [db]
# name 2 = t068C: Temperature [ITS-68, deg C]
# name 3 = t168C: Temperature, 2 [ITS-68, deg C]
# name 4 = c0S/m: Conductivity [S/m]
# name 5 = c1S/m: Conductivity, 2 [S/m]
# name 6 = sbeox0V: Oxygen raw, SBE 43 [V]
# name 7 = altM: Altimeter [m]
# name 8 = flC: Fluorescence, Chelsea Aqua 3 Chl Con [ug/l]
# name 9 = par: PAR/Irradiance, Biospherical/Licor
# name 10 = spar: SPAR/Surface Irradiance
# name 11 = timeS: Time, Elapsed [seconds]
# name 12 = timeJ: Julian Days
# name 13 = sbeox0ML/L: Oxygen, SBE 43 [ml/l], WS = 2
# name 14 = sal00: Salinity, Practical [PSU]
# name 15 = sal11: Salinity, Practical, 2 [PSU]
# name 16 = sigma-t00: Density [sigma-t, Kg/m^3 ]
# name 17 = svCM: Sound Velocity [Chen-Millero, m/s]
# name 18 = avgsvCM: Average Sound Velocity [Chen-Millero, m/s], minP = 1, minS = 5
# name 19 = flag: flag
# span 0 =        -95,      24552       
# span 1 =      5.000,    924.000       
# span 2 =    -0.7071,    10.1253       
# span 3 =    -0.7070,    10.1257       
# span 4 =   2.875320,   3.841004       
# span 5 =   2.876902,   3.842937       
# span 6 =     1.8006,     2.3013       
# span 7 =       7.88,     100.43       
# span 8 =     0.0044,     0.2119       
# span 9 = 5.1225e-02, 6.9651e-01       
# span 10 = 1.9438e+00, 1.9438e+00      
# span 11 =     -4.016,   1022.973      
# span 12 = 283.199537, 283.211423      
# span 13 =    5.60984,    6.50471      
# span 14 =    34.9187,    35.2831      
# span 15 =    34.9368,    35.3028      
# span 16 =    27.0632,    28.0770      
# span 17 =    1458.97,    1491.84      
# span 18 =    1478.10,    1491.19      
# span 19 = 0.0000e+00, 0.0000e+00      
# interval = decibars: 1                
# start_time = Oct 10 2018 04:47:24 [System UTC, header]
# bad_flag = -9.990e-29
*END*
        -95      5.000    10.1159    10.1165   3.836393   3.838449     2.3013      98.69     0.1673 6.9651e-01 1.9438e+00     -4.016 283.199537    5.89756    35.1681    35.1885    27.0637    1490.52    1490.52 0.0000e+00
        888      6.000    10.1159    10.1159   3.836461   3.838396     2.2962      98.69     0.2119 5.9076e-01 -9.990e-29     36.957 283.200011    5.88040    35.1683    35.1881    27.0639    1490.54    1490.53 0.0000e+00
       1159      7.000    10.1167    10.1169   3.836520   3.838454     2.2979      98.67     0.1874 4.2530e-01 -9.990e-29     48.262 283.200142    5.88601    35.1677    35.1872    27.0633    1490.56    1490.53 0.0000e+00
       1182      8.000    10.1175    10.1179   3.836650   3.838615     2.2976      98.68     0.1839 4.8213e-01 -9.990e-29     49.218 283.200153    5.88017    35.1677    35.1874    27.0632    1490.58    1490.54 0.0000e+00
       1202      9.000    10.1180    10.1182   3.836761   3.838701     2.2966      98.66     0.1890 3.0991e-01 1.9438e+00     50.028 283.200162    5.87606    35.1679    35.1876    27.0633    1490.60    1490.54 0.0000e+00
       1220     10.000    10.1181    10.1184   3.836817   3.838765     2.2958      98.68     0.1957 2.9497e-01 1.9438e+00     50.787 283.200171    5.87618    35.1679    35.1876    27.0632    1490.61    1490.55 0.0000e+00
       1239     11.000    10.1176    10.1180   3.836909   3.838882     2.2953      98.68     0.1875 1.9155e-01 1.9438e+00     51.593 283.200180    5.87485    35.1689    35.1887    27.0641    1490.63    1490.56 0.0000e+00
       1261     12.000    10.1183    10.1187   3.837027   3.839022     2.2942      98.69     0.1762 1.4767e-01 1.9438e+00     52.521 283.200191    5.86850    35.1689    35.1890    27.0640    1490.65    1490.57 0.0000e+00
       1287     13.000    10.1187    10.1189   3.837138   3.839078     2.2928      98.68     0.1788 1.5214e-01 1.9438e+00     53.579 283.200203    5.87104    35.1692    35.1889    27.0642    1490.67    1490.57 0.0000e+00
       1312     14.000    10.1189    10.1192   3.837217   3.839164     2.2931      98.70     0.1669 1.0952e-01 1.9438e+00     54.611 283.200215    5.87699    35.1694    35.1890    27.0642    1490.68    1490.58 0.0000e+00
       1334     15.000    10.1196    10.1200   3.837366   3.839308     2.2931      98.71     0.1729 8.5320e-02 -9.990e-29     55.550 283.200226    5.87650    35.1698    35.1892    27.0644    1490.70    1490.59 0.0000e+00
       1355     16.000    10.1195    10.1199   3.837385   3.839341     2.2931      98.72     0.1862 8.1230e-02 -9.990e-29     56.424 283.200236    5.87415    35.1696    35.1892    27.0643    1490.72    1490.60 0.0000e+00
       1376     17.000    10.1197    10.1200   3.837487   3.839413     2.2922      98.73     0.1844 7.2700e-02 -9.990e-29     57.285 283.200246    5.86786    35.1700    35.1894    27.0646    1490.74    1490.61 0.0000e+00
       1396     18.000    10.1196    10.1196   3.837522   3.839440     2.2914      98.73     0.1796 6.9221e-02 1.9438e+00     58.145 283.200256    5.87064    35.1699    35.1896    27.0646    1490.75    1490.61 0.0000e+00
       1417     19.000    10.1195    10.1198   3.837567   3.839500     2.2916      98.73     0.1788 5.7126e-02 1.9438e+00     59.005 283.200266    5.87662    35.1700    35.1895    27.0646    1490.77    1490.62 0.0000e+00
       1439     20.000    10.1195    10.1201   3.837622   3.839578     2.2918      98.71     0.1703 5.5378e-02 1.9438e+00     59.904 283.200277    5.87534    35.1701    35.1895    27.0647    1490.79    1490.63 0.0000e+00
       1461     21.000    10.1205    10.1208   3.837757   3.839694     2.2914      98.73     0.1692 5.1560e-02 1.9438e+00     60.818 283.200287    5.87349    35.1701    35.1896    27.0645    1490.81    1490.64 0.0000e+00
       1482     22.000    10.1179    10.1198   3.837555   3.839641     2.2915      98.73     0.1669 5.1265e-02 1.9438e+00     61.689 283.200297    5.87824    35.1701    35.1896    27.0650    1490.81    1490.65 0.0000e+00
       1502     23.000    10.1183    10.1189   3.837641   3.839624     2.2918      98.77     0.1657 5.1273e-02 1.9438e+00     62.552 283.200307    5.88363    35.1701    35.1898    27.0649    1490.83    1490.66 0.0000e+00
       1525     24.000    10.1185    10.1191   3.837701   3.839702     2.2931      98.77     0.1703 5.1273e-02 -9.990e-29     63.504 283.200318    5.89382    35.1701    35.1899    27.0648    1490.85    1490.66 0.0000e+00
       1554     25.000    10.1187    10.1187   3.837757   3.839682     2.2940      98.78     0.1896 5.1260e-02 -9.990e-29     64.712 283.200332    5.88405    35.1700    35.1896    27.0647    1490.87    1490.67 0.0000e+00
       1585     26.000    10.1190    10.1196   3.837829   3.839798     2.2926      94.13     0.1834 5.1258e-02 -9.990e-29     65.987 283.200347    5.87637    35.1699    35.1895    27.0647    1490.88    1490.68 0.0000e+00
       1609     27.000    10.1193    10.1198   3.837932   3.839874     2.2921      96.22     0.1870 5.1266e-02 1.9438e+00     66.994 283.200359    5.87762    35.1702    35.1896    27.0648    1490.90    1490.69 0.0000e+00
       1629     28.000    10.1194    10.1200   3.837996   3.839956     2.2912      98.78     0.1798 5.1273e-02 1.9438e+00     67.814 283.200368    5.86857    35.1703    35.1898    27.0649    1490.92    1490.70 0.0000e+00
       1647     29.000    10.1191    10.1195   3.837996   3.839928     2.2897      98.78     0.1753 5.1273e-02 1.9438e+00     68.574 283.200377    5.86015    35.1702    35.1895    27.0648    1490.93    1490.70 0.0000e+00
       1666     30.000    10.1190    10.1195   3.838026   3.839981     2.2878      94.47     0.1784 5.1259e-02 1.9438e+00     69.367 283.200386    5.85765    35.1701    35.1896    27.0648    1490.95    1490.71 0.0000e+00
       1687     31.000    10.1191    10.1194   3.838101   3.840019     2.2867      98.70     0.1821 5.1273e-02 1.9438e+00     70.256 283.200396    5.86228    35.1703    35.1896    27.0649    1490.97    1490.72 0.0000e+00
       1709     32.000    10.1195    10.1197   3.838186   3.840096     2.2866      98.78     0.1880 5.1266e-02 1.9438e+00     71.163 283.200407    5.86868    35.1703    35.1896    27.0649    1490.98    1490.73 0.0000e+00
       1730     33.000    10.1207    10.1209   3.838366   3.840287     2.2869      98.52     0.1833 5.1273e-02 1.9438e+00     72.023 283.200417    5.87109    35.1705    35.1900    27.0648    1491.01    1490.74 0.0000e+00
       1749     34.000    10.1206    10.1211   3.838399   3.840352     2.2871      98.51     0.1790 5.1266e-02 1.9438e+00     72.850 283.200426    5.87324    35.1705    35.1900    27.0648    1491.02    1490.75 0.0000e+00
       1770     35.000    10.1203    10.1210   3.838407   3.840375     2.2875      98.77     0.1824 5.1266e-02 1.9438e+00     73.690 283.200436    5.87277    35.1704    35.1898    27.0648    1491.04    1490.75 0.0000e+00
       1792     36.000    10.1204    10.1208   3.838450   3.840401     2.2871      98.78     0.1770 5.1267e-02 1.9438e+00     74.613 283.200447    5.87137    35.1703    35.1898    27.0647    1491.05    1490.76 0.0000e+00
       1817     37.000    10.1206    10.1208   3.838515   3.840458     2.2872      98.47     0.1852 5.1273e-02 -9.990e-29     75.676 283.200459    5.87206    35.1703    35.1899    27.0646    1491.07    1490.77 0.0000e+00
       1844     38.000    10.1208    10.1212   3.838602   3.840525     2.2865      98.78     0.1857 5.1273e-02 -9.990e-29     76.795 283.200472    5.86583    35.1705    35.1898    27.0648    1491.09    1490.78 0.0000e+00
       1869     39.000    10.1211    10.1216   3.838674   3.840620     2.2858      97.11     0.1825 5.1267e-02 -9.990e-29     77.846 283.200484    5.86577    35.1705    35.1899    27.0647    1491.11    1490.79 0.0000e+00
       1890     40.000    10.1210    10.1214   3.838710   3.840636     2.2853      94.23     0.1781 5.1266e-02 -9.990e-29     78.729 283.200494    5.86995    35.1705    35.1898    27.0647    1491.12    1490.80 0.0000e+00
       1910     41.000    10.1209    10.1212   3.838747   3.840676     2.2859      98.71     0.1789 5.1273e-02 1.9438e+00     79.530 283.200504    5.87419    35.1705    35.1899    27.0648    1491.14    1490.80 0.0000e+00
       1929     42.000    10.1212    10.1216   3.838816   3.840761     2.2859      98.77     0.1792 5.1273e-02 1.9438e+00     80.344 283.200513    5.86767    35.1705    35.1899    27.0647    1491.16    1490.81 0.0000e+00
       1950     43.000    10.1210    10.1214   3.838839   3.840780     2.2848      98.70     0.1815 5.1273e-02 1.9438e+00     81.192 283.200523    5.86593    35.1704    35.1899    27.0647    1491.17    1490.82 0.0000e+00
       1971     44.000    10.1213    10.1217   3.838915   3.840855     2.2850      98.75     0.2084 5.1279e-02 1.9438e+00     82.083 283.200533    5.87486    35.1704    35.1899    27.0646    1491.19    1490.83 0.0000e+00
       1994     45.000    10.1213    10.1216   3.838950   3.840886     2.2858      98.49     0.2106 5.1273e-02 1.9438e+00     83.049 283.200545    5.88010    35.1703    35.1898    27.0646    1491.20    1490.84 0.0000e+00
       2020     46.000    10.1214    10.1217   3.839000   3.840935     2.2861      98.68     0.2021 5.1268e-02 -9.990e-29     84.146 283.200557    5.87437    35.1703    35.1898    27.0645    1491.22    1490.85 0.0000e+00
       2047     47.000    10.1218    10.1221   3.839090   3.841019     2.2858      98.76     0.1968 5.1273e-02 -9.990e-29     85.265 283.200570    5.88324    35.1703    35.1898    27.0645    1491.24    1490.85 0.0000e+00
       2070     48.000    10.1220    10.1224   3.839167   3.841102     2.2879      98.76     0.1893 5.1273e-02 -9.990e-29     86.199 283.200581    5.89268    35.1705    35.1899    27.0646    1491.26    1490.86 0.0000e+00
       2088     49.000    10.1218    10.1220   3.839171   3.841101     2.2879      98.76     0.1884 5.1273e-02 -9.990e-29     86.975 283.200590    5.87707    35.1702    35.1898    27.0644    1491.27    1490.87 0.0000e+00
       2107     50.000    10.1210    10.1215   3.839142   3.841099     2.2863      98.77     0.1971 5.1273e-02 1.9438e+00     87.740 283.200599    5.86119    35.1703    35.1898    27.0646    1491.29    1490.88 0.0000e+00
       2127     51.000    10.1210    10.1213   3.839182   3.841102     2.2838      98.78     0.2020 5.1279e-02 1.9438e+00     88.587 283.200609    5.85905    35.1702    35.1895    27.0645    1491.30    1490.89 0.0000e+00
       2150     52.000    10.1207    10.1210   3.839194   3.841102     2.2833      98.78     0.2019 5.1273e-02 1.9438e+00     89.549 283.200620    5.87029    35.1702    35.1894    27.0645    1491.32    1490.90 0.0000e+00
       2174     53.000    10.1205    10.1211   3.839217   3.841172     2.2834      95.37     0.1888 5.1261e-02 1.9438e+00     90.555 283.200631    5.87380    35.1701    35.1895    27.0645    1491.33    1490.90 0.0000e+00
       2197     54.000    10.1212    10.1217   3.839331   3.841278     2.2837      98.74     0.2024 5.1266e-02 1.9438e+00     91.510 283.200642    5.88185    35.1701    35.1895    27.0644    1491.35    1490.91 0.0000e+00
       2219     55.000    10.1232    10.1232   3.839603   3.841504     2.2851      98.77     0.2076 5.1266e-02 1.9438e+00     92.420 283.200653    5.88298    35.1705    35.1899    27.0644    1491.38    1490.92 0.0000e+00
       2241     56.000    10.1234    10.1239   3.839671   3.841614     2.2846      98.49     0.1947 5.1273e-02 1.9438e+00     93.328 283.200664    5.87628    35.1705    35.1899    27.0644    1491.39    1490.93 0.0000e+00
       2264     57.000    10.1233    10.1238   3.839716   3.841654     2.2847      98.78     0.1901 5.1273e-02 1.9438e+00     94.273 283.200674    5.87981    35.1706    35.1900    27.0645    1491.41    1490.94 0.0000e+00
       2286     58.000    10.1234    10.1242   3.839760   3.841734     2.2845      98.78     0.1854 5.1273e-02 1.9438e+00     95.205 283.200685    5.87928    35.1705    35.1899    27.0644    1491.43    1490.95 0.0000e+00
       2307     59.000    10.1227    10.1231   3.839721   3.841623     2.2847      98.78     0.1830 5.1273e-02 1.9438e+00     96.067 283.200695    5.88030    35.1703    35.1894    27.0643    1491.44    1490.95 0.0000e+00
       2326     60.000    10.1232    10.1237   3.839822   3.841761     2.2844      98.78     0.1857 5.1265e-02 -9.990e-29     96.883 283.200705    5.87477    35.1704    35.1897    27.0643    1491.46    1490.96 0.0000e+00
       2346     61.000    10.1233    10.1238   3.839884   3.841824     2.2834      98.78     0.1876 5.1273e-02 -9.990e-29     97.705 283.200714    5.87419    35.1705    35.1898    27.0643    1491.48    1490.97 0.0000e+00
       2367     62.000    10.1233    10.1239   3.839914   3.841864     2.2835      98.78     0.1942 5.1273e-02 -9.990e-29     98.588 283.200724    5.87906    35.1703    35.1897    27.0642    1491.49    1490.98 0.0000e+00
       2390     63.000    10.1235    10.1239   3.839996   3.841910     2.2831      98.77     0.1797 5.1261e-02 1.9438e+00     99.530 283.200735    5.87243    35.1705    35.1897    27.0643    1491.51    1490.99 0.0000e+00
       2413     64.000    10.1251    10.1254   3.840213   3.842141     2.2821      98.77     0.1739 5.1273e-02 1.9438e+00    100.487 283.200746    5.87260    35.1707    35.1901    27.0642    1491.53    1491.00 0.0000e+00
       2435     65.000    10.1247    10.1254   3.840208   3.842181     2.2822      98.78     0.1727 5.1254e-02 1.9438e+00    101.418 283.200757    5.87634    35.1706    35.1901    27.0642    1491.55    1491.00 0.0000e+00
       2457     66.000    10.1241    10.1247   3.840181   3.842134     2.2820      98.68     0.1888 5.1273e-02 1.9438e+00    102.326 283.200768    5.87173    35.1704    35.1898    27.0642    1491.56    1491.01 0.0000e+00
       2479     67.000    10.1241    10.1246   3.840238   3.842161     2.2808      98.77     0.1937 5.1267e-02 1.9438e+00    103.264 283.200778    5.86398    35.1706    35.1897    27.0643    1491.58    1491.02 0.0000e+00
       2505     68.000    10.1244    10.1248   3.840302   3.842235     2.2796      98.77     0.1905 5.1273e-02 1.9438e+00    104.313 283.200791    5.86883    35.1705    35.1898    27.0641    1491.59    1491.03 0.0000e+00
       2532     69.000    10.1240    10.1245   3.840307   3.842231     2.2802      98.77     0.1960 5.1262e-02 -9.990e-29    105.450 283.200804    5.87346    35.1704    35.1896    27.0642    1491.61    1491.04 0.0000e+00
       2557     70.000    10.1242    10.1246   3.840360   3.842296     2.2793      98.77     0.1892 5.1273e-02 -9.990e-29    106.498 283.200816    5.86270    35.1703    35.1897    27.0640    1491.63    1491.05 0.0000e+00
       2577     71.000    10.1242    10.1246   3.840403   3.842341     2.2784      98.78     0.1926 5.1273e-02 -9.990e-29    107.345 283.200826    5.86795    35.1703    35.1897    27.0640    1491.64    1491.06 0.0000e+00
       2595     72.000    10.1243    10.1246   3.840458   3.842389     2.2790      98.77     0.2015 5.1273e-02 1.9438e+00    108.089 283.200834    5.87582    35.1703    35.1897    27.0640    1491.66    1491.06 0.0000e+00
       2613     73.000    10.1244    10.1247   3.840517   3.842442     2.2793      98.78     0.1962 5.1265e-02 1.9438e+00    108.814 283.200843    5.87091    35.1703    35.1897    27.0640    1491.68    1491.07 0.0000e+00
       2630     74.000    10.1244    10.1248   3.840568   3.842501     2.2785      98.78     0.1924 5.1273e-02 1.9438e+00    109.541 283.200851    5.87161    35.1704    35.1897    27.0641    1491.69    1491.08 0.0000e+00
       2649     75.000    10.1244    10.1248   3.840599   3.842537     2.2794      98.77     0.1918 5.1273e-02 1.9438e+00    110.334 283.200860    5.87929    35.1702    35.1896    27.0640    1491.71    1491.09 0.0000e+00
       2671     76.000    10.1241    10.1246   3.840611   3.842546     2.2794      98.77     0.1881 5.1279e-02 1.9438e+00    111.231 283.200871    5.87331    35.1702    35.1895    27.0640    1491.73    1491.10 0.0000e+00
