testdata/CTD/sta0425.cnv
* Sea-Bird SBE 9 Data File:
* FileName = C:\Seabird\CTDData\sta0425.hex
* Software Version Seasave V 7.21f
* Temperature SN = 4557
* Conductivity SN = 1337
* Number of Bytes Per Scan = 40
* Number of Voltage Words = 5
* Number of Scans Averaged by the Deck Unit = 1
* NMEA Latitude = 61 27.01 N
* NMEA Longitude = 005 29.10 E
* NMEA UTC (Time) = Oct 19 2018 22:55:48
* NMEA baud rate = 4800
** Ship: 10 F/F "G. O. Sars"
** Station: 0425
** Echodepth: 410
** Log: 5692.426
** Wind-Dir Force: 10 06
** Air-temp (dry): 7.9
** Weather Sky: 0 0
** Sea Ice: 0 0
# nquan = 20                                
# nvalues = 399                         
# units = specified
# name 0 = scan: Scan Count
# name 1 = prDM: Pressure, Digiquartz [db]
# name 2 = t068C: Temperature [ITS-68, deg C]
# name 3 = t168C: Temperature, 2 [ITS-68, deg C]
# name 4 = c0S/m: Conductivity [S/m]
# name 5 = c1S/m: Conductivity, 2 [S/m]
# name 6 = sbeox0V: Oxygen raw, SBE 43 [V]
# name 7 = altM: Altimeter [m]
# name 8 = flC: Fluorescence, Chelsea Aqua 3 Chl Con [ug/l]
# name 9 = par: PAR/Irradiance, Biospherical/Licor
# name 10 = spar: SPAR/Surface Irradiance
# name 11 = timeS: Time, Elapsed [seconds]
# name 12 = timeJ: Julian Days
# name 13 = sbeox0ML/L: Oxygen, SBE 43 [ml/l], WS = 2
# name 14 = sal00: Salinity, Practical [PSU]
# name 15 = sal11: Salinity, Practical, 2 [PSU]
# name 16 = sigma-t00: Density [sigma-t, Kg/m^3 ]
# name 17 = svCM: Sound Velocity [Chen-Millero, m/s]
# name 18 = avgsvCM: Average Sound Velocity [Chen-Millero, m/s], minP = 1, minS = 5
# name 19 = flag: flag
# span 0 =        649,       9179       
# span 1 =      2.000,    400.000       
# span 2 =     8.0600,    14.3957       
# span 3 =     8.0599,    14.3977       
# span 4 =   1.006264,   3.854981       
# span 5 =   1.073381,   3.856815       
# span 6 =     1.5163,     2.4249       
# span 7 =      17.61,      99.55       
# span 8 =     0.0221,     0.2152       
# span 9 = 5.1239e-02, 1.1028e+00       
# span 10 = 1.9438e+00, 1.9438e+00      
# span 11 =     27.015,    382.424      
# span 12 = 292.955764, 292.959878      
# span 13 =    3.47337,    7.25872      
# span 14 =     8.2540,    34.7788      
# span 15 =     8.8262,    34.7992      
# span 16 =     6.1804,    27.0906      
# span 17 =    1456.13,    1500.67      
# span 18 =    1456.13,    1495.71      
# span 19 = 0.0000e+00, 0.0000e+00      
# interval = decibars: 1                
# start_time = Oct 19 2018 22:55:51 [System UTC, header]
# bad_flag = -9.990e-29
*END*
        649      2.000     9.6609     9.7549   1.006264   1.073381     2.3423      53.15     0.2152 1.1028e+00 1.9438e+00     27.015 292.955764    7.25872     8.2540     8.8262     6.1804    1456.13    1456.13 0.0000e+00
        680      3.000    12.4432    12.4905   3.032447   3.084713     2.3435      50.95     0.1842 4.3787e-01 1.9438e+00     28.282 292.955779    6.18936    25.4405    25.8923    19.1011    1487.01    1466.28 0.0000e+00
        701      4.000    12.7713    12.7734   3.256687   3.262719     2.3731      94.05     0.1481 2.0769e-01 1.9438e+00     29.186 292.955789    6.37227    27.2881    27.3425    20.4700    1490.35    1472.22 0.0000e+00
        723      5.000    12.8551    12.8410   3.301304   3.298515     2.4233      93.81     0.1269 1.1311e-01 -9.990e-29     30.080 292.955800    6.41295    27.6404    27.6248    20.7268    1491.07    1475.95 0.0000e+00
        744      6.000    12.9364    12.9388   3.344992   3.349516     2.4249      84.40     0.1161 6.4655e-02 -9.990e-29     30.978 292.955810    6.04493    27.9851    28.0253    20.9781    1491.77    1478.57 0.0000e+00
        766      7.000    12.9757    12.9732   3.373473   3.375586     2.3814      77.05     0.1091 5.1424e-02 -9.990e-29     31.877 292.955820    5.72396    28.2195    28.2409    21.1519    1492.20    1480.50 0.0000e+00
        787      8.000    13.0311    13.0330   3.403003   3.407322     2.3330      94.44     0.1079 5.1256e-02 -9.990e-29     32.765 292.955831    5.56981    28.4514    28.4899    21.3206    1492.67    1482.01 0.0000e+00
        808      9.000    13.3216    13.3313   3.479561   3.485217     2.2936      94.24     0.1005 5.1273e-02 1.9438e+00     33.643 292.955841    5.46114    28.9396    28.9843    21.6424    1494.25    1483.36 0.0000e+00
        830     10.000    13.3312    13.3298   3.504212   3.506610     2.2642      71.14     0.0882 5.1239e-02 1.9438e+00     34.537 292.955851    5.45150    29.1593    29.1825    21.8102    1494.55    1484.47 0.0000e+00
        852     11.000    13.3119    13.3100   3.502651   3.504997     2.2512      94.43     0.0807 5.1260e-02 1.9438e+00     35.449 292.955862    5.46438    29.1593    29.1824    21.8140    1494.50    1485.38 0.0000e+00
        874     12.000    13.3484    13.3522   3.517017   3.520801     2.2360      94.27     0.0805 5.1260e-02 1.9438e+00     36.358 292.955872    5.38321    29.2636    29.2956    21.8875    1494.77    1486.16 0.0000e+00
        895     13.000    13.5929    13.5659   3.577701   3.574666     2.2174      73.95     0.0785 5.1266e-02 1.9438e+00     37.262 292.955883    5.29734    29.6339    29.6269    22.1257    1496.04    1486.91 0.0000e+00
        917     14.000    13.8462    13.8472   3.661849   3.666234     2.2061      89.55     0.0707 5.1273e-02 -9.990e-29     38.158 292.955893    5.26724    30.2084    30.2478    22.5189    1497.57    1487.67 0.0000e+00
        938     15.000    14.2499    14.2527   3.775424   3.779160     2.2025      94.54     0.0631 5.1260e-02 -9.990e-29     39.060 292.955903    5.21840    30.9257    30.9575    22.9905    1499.75    1488.47 0.0000e+00
        960     16.000    14.3957    14.3977   3.816058   3.819066     2.2002      86.17     0.0524 5.1273e-02 -9.990e-29     39.956 292.955914    5.18510    31.1782    31.2040    23.1551    1500.53    1489.21 0.0000e+00
        981     17.000    14.3600    14.3616   3.828300   3.831034     2.1963      78.85     0.0460 5.1273e-02 -9.990e-29     40.844 292.955924    5.15612    31.3180    31.3416    23.2703    1500.60    1489.88 0.0000e+00
       1003     18.000    14.3297    14.3308   3.840003   3.842526     2.1879      98.71     0.0421 5.1273e-02 1.9438e+00     41.746 292.955935    5.10075    31.4488    31.4710    23.3774    1500.67    1490.47 0.0000e+00
       1024     19.000    14.2740    14.2741   3.846663   3.848966     2.1753      98.80     0.0416 5.1273e-02 1.9438e+00     42.643 292.955945    5.05077    31.5546    31.5756    23.4705    1500.63    1491.01 0.0000e+00
       1046     20.000    14.1584    14.1576   3.848161   3.850474     2.1621      72.40     0.0422 5.1266e-02 1.9438e+00     43.537 292.955955    5.02387    31.6625    31.6844    23.5776    1500.39    1491.47 0.0000e+00
       1068     21.000    14.0258    14.0176   3.847963   3.849374     2.1513      98.84     0.0400 5.1266e-02 1.9438e+00     44.439 292.955966    5.01451    31.7694    31.7892    23.6872    1500.10    1491.88 0.0000e+00
       1089     22.000    13.8716    13.8709   3.839971   3.841975     2.1421      98.80     0.0377 5.1280e-02 1.9438e+00     45.335 292.955976    5.00776    31.8229    31.8420    23.7600    1499.68    1492.23 0.0000e+00
       1111     23.000    13.8368    13.8372   3.838118   3.840138     2.1333      79.57     0.0375 5.1273e-02 1.9438e+00     46.239 292.955987    4.98745    31.8342    31.8526    23.7758    1499.59    1492.55 0.0000e+00
       1132     24.000    13.8126    13.8128   3.841073   3.843253     2.1262      92.58     0.0405 5.1266e-02 1.9438e+00     47.144 292.955997    4.98529    31.8812    31.9012    23.8170    1499.58    1492.84 0.0000e+00
       1154     25.000    13.7660    13.7656   3.847579   3.849572     2.1221      98.77     0.0420 5.1273e-02 1.9438e+00     48.037 292.956007    4.99026    31.9798    31.9986    23.9025    1499.56    1493.11 0.0000e+00
       1176     26.000    13.6327    13.6325   3.849118   3.851045     2.1203      91.27     0.0397 5.1266e-02 1.9438e+00     48.943 292.956018    4.99295    32.1052    32.1232    24.0263    1499.29    1493.35 0.0000e+00
       1197     27.000    13.5398    13.5396   3.850283   3.852173     2.1155      81.43     0.0373 5.1253e-02 1.9438e+00     49.847 292.956028    4.98074    32.1937    32.2115    24.1134    1499.10    1493.56 0.0000e+00
       1219     28.000    13.4876    13.4863   3.851365   3.853351     2.1124      98.50     0.0340 5.1273e-02 -9.990e-29     50.735 292.956039    4.98234    32.2474    32.2671    24.1654    1499.01    1493.75 0.0000e+00
       1240     29.000    13.4587    13.4587   3.852487   3.854369     2.1097      98.80     0.0367 5.1267e-02 -9.990e-29     51.634 292.956049    4.97203    32.2819    32.2995    24.1978    1498.97    1493.93 0.0000e+00
       1262     30.000    13.4200    13.4203   3.853766   3.855678     2.1050      98.80     0.0408 5.1266e-02 -9.990e-29     52.535 292.956059    4.95549    32.3262    32.3439    24.2398    1498.91    1494.10 0.0000e+00
       1284     31.000    13.3926    13.3930   3.854842   3.856729     2.1014      98.80     0.0399 5.1260e-02 -9.990e-29     53.438 292.956070    4.95765    32.3591    32.3764    24.2707    1498.88    1494.25 0.0000e+00
       1305     32.000    13.3691    13.3691   3.854020   3.855886     2.0995      98.80     0.0381 5.1259e-02 1.9438e+00     54.337 292.956080    4.95396    32.3710    32.3885    24.2846    1498.83    1494.40 0.0000e+00
       1326     33.000    13.3363    13.3372   3.853424   3.855300     2.0956      81.74     0.0395 5.1253e-02 1.9438e+00     55.228 292.956091    4.93786    32.3929    32.4097    24.3081    1498.76    1494.53 0.0000e+00
       1348     34.000    13.2582    13.2580   3.852931   3.854774     2.0924      93.00     0.0373 5.1253e-02 1.9438e+00     56.137 292.956101    4.94013    32.4544    32.4719    24.3712    1498.59    1494.65 0.0000e+00
       1370     35.000    13.2119    13.2122   3.852780   3.854619     2.0892      98.79     0.0398 5.1273e-02 1.9438e+00     57.040 292.956112    4.93065    32.4921    32.5091    24.4095    1498.50    1494.76 0.0000e+00
       1391     36.000    13.1562    13.1536   3.852887   3.854698     2.0857      98.80     0.0407 5.1267e-02 1.9438e+00     57.931 292.956122    4.92742    32.5404    32.5597    24.4579    1498.39    1494.86 0.0000e+00
       1413     37.000    13.0859    13.0855   3.852591   3.854401     2.0829      98.80     0.0389 5.1259e-02 -9.990e-29     58.825 292.956132    4.92668    32.5975    32.6149    24.5160    1498.23    1494.95 0.0000e+00
       1434     38.000    13.0364    13.0364   3.853608   3.855427     2.0802      98.80     0.0352 5.1260e-02 -9.990e-29     59.720 292.956143    4.92141    32.6493    32.6664    24.5658    1498.15    1495.03 0.0000e+00
       1456     39.000    13.0241    13.0250   3.853998   3.855817     2.0771      98.80     0.0357 5.1266e-02 -9.990e-29     60.623 292.956153    4.91242    32.6632    32.6796    24.5789    1498.14    1495.11 0.0000e+00
       1478     40.000    13.0097    13.0109   3.854532   3.856337     2.0741      98.80     0.0361 5.1273e-02 -9.990e-29     61.531 292.956164    4.90606    32.6802    32.6962    24.5950    1498.13    1495.19 0.0000e+00
       1499     41.000    12.9965    12.9980   3.854913   3.856758     2.0716      98.80     0.0355 5.1273e-02 1.9438e+00     62.429 292.956174    4.90590    32.6948    32.7109    24.6088    1498.12    1495.26 0.0000e+00
       1521     42.000    12.9875    12.9863   3.854981   3.856815     2.0705      98.80     0.0354 5.1266e-02 1.9438e+00     63.329 292.956184    4.90995    32.7028    32.7212    24.6168    1498.11    1495.33 0.0000e+00
       1543     43.000    12.9643    12.9618   3.854287   3.856099     2.0697      98.80     0.0353 5.1266e-02 1.9438e+00     64.230 292.956195    4.90623    32.7159    32.7352    24.6315    1498.07    1495.39 0.0000e+00
       1564     44.000    12.8477    12.8447   3.852035   3.853895     2.0674      98.80     0.0333 5.1266e-02 1.9438e+00     65.127 292.956205    4.90184    32.7951    32.8153    24.7156    1497.79    1495.44 0.0000e+00
       1585     45.000    12.7950    12.7944   3.853860   3.855742     2.0647      98.80     0.0362 5.1273e-02 1.9438e+00     66.018 292.956215    4.89638    32.8578    32.8762    24.7745    1497.70    1495.49 0.0000e+00
       1607     46.000    12.7164    12.7147   3.853359   3.855104     2.0619      98.80     0.0375 5.1273e-02 1.9438e+00     66.912 292.956226    4.88698    32.9211    32.9392    24.8388    1497.53    1495.54 0.0000e+00
       1628     47.000    12.5866    12.5789   3.847693   3.849032     2.0571      98.80     0.0373 5.1273e-02 -9.990e-29     67.807 292.956236    4.87209    32.9801    32.9997    24.9097    1497.18    1495.57 0.0000e+00
       1650     48.000    12.4983    12.5023   3.842750   3.844721     2.0507      98.80     0.0352 5.1273e-02 -9.990e-29     68.715 292.956247    4.85294    33.0099    33.0253    24.9498    1496.93    1495.60 0.0000e+00
       1672     49.000    12.4478    12.4511   3.840505   3.842388     2.0438      98.80     0.0336 5.1273e-02 -9.990e-29     69.614 292.956257    4.83321    33.0324    33.0475    24.9769    1496.80    1495.63 0.0000e+00
       1693     50.000    12.3758    12.3762   3.837649   3.839449     2.0366      98.80     0.0310 5.1273e-02 -9.990e-29     70.512 292.956267    4.80962    33.0680    33.0849    25.0182    1496.61    1495.65 0.0000e+00
       1715     51.000    12.3505    12.3491   3.836477   3.838197     2.0275      98.80     0.0310 5.1259e-02 -9.990e-29     71.411 292.956278    4.77636    33.0786    33.0964    25.0313    1496.56    1495.66 0.0000e+00
       1737     52.000    12.3361    12.3355   3.835909   3.837702     2.0189      98.80     0.0337 5.1273e-02 -9.990e-29     72.316 292.956288    4.76864    33.0854    33.1032    25.0394    1496.53    1495.68 0.0000e+00
       1758     53.000    12.3232    12.3225   3.835459   3.837248     2.0141      98.80     0.0313 5.1273e-02 -9.990e-29     73.223 292.956299    4.76026    33.0921    33.1099    25.0470    1496.51    1495.70 0.0000e+00
       1780     54.000    12.2343    12.2276   3.831743   3.833332     2.0072      98.80     0.0313 5.1273e-02 -9.990e-29     74.124 292.956309    4.74036    33.1345    33.1557    25.0968    1496.28    1495.71 0.0000e+00
       1802     55.000    11.9791    11.9731   3.822087   3.823653     2.0013      98.80     0.0312 5.1266e-02 -9.990e-29     75.022 292.956320    4.75167    33.2675    33.2880    25.2481    1495.58    1495.70 0.0000e+00
       1823     56.000    11.7674    11.7603   3.811841   3.813259     1.9958      98.80     0.0299 5.1266e-02 -9.990e-29     75.919 292.956330    4.74987    33.3569    33.3771    25.3571    1494.98    1495.69 0.0000e+00
       1844     57.000    11.6992    11.6978   3.808272   3.809908     1.9894      98.80     0.0284 5.1266e-02 -9.990e-29     76.810 292.956340    4.72544    33.3829    33.4001    25.3899    1494.79    1495.68 0.0000e+00
       1866     58.000    11.6804    11.6801   3.807096   3.808834     1.9810      98.80     0.0283 5.1273e-02 -9.990e-29     77.708 292.956351    4.68976    33.3879    33.4052    25.3973    1494.75    1495.66 0.0000e+00
       1888     59.000    11.6729    11.6729   3.806647   3.808445     1.9717      98.80     0.0303 5.1273e-02 -9.990e-29     78.613 292.956361    4.65592    33.3898    33.4074    25.4002    1494.74    1495.64 0.0000e+00
       1909     60.000    11.6373    11.6401   3.804875   3.806790     1.9619      98.80     0.0319 5.1273e-02 -9.990e-29     79.509 292.956372    4.63493    33.4041    33.4203    25.4179    1494.65    1495.63 0.0000e+00
       1931     61.000    11.4990    11.4980   3.798273   3.799923     1.9550      98.80     0.0294 5.1273e-02 -9.990e-29     80.403 292.956382    4.64794    33.4638    33.4809    25.4897    1494.26    1495.60 0.0000e+00
       1952     62.000    11.2217    11.2198   3.784133   3.785694     1.9508      98.80     0.0289 5.1252e-02 -9.990e-29     81.294 292.956392    4.65631    33.5759    33.5930    25.6273    1493.44    1495.57 0.0000e+00
       1973     63.000    11.1378    11.1366   3.779592   3.781234     1.9427      98.80     0.0299 5.1273e-02 -9.990e-29     82.182 292.956403    4.60552    33.6070    33.6244    25.6666    1493.20    1495.53 0.0000e+00
       1995     64.000    10.9685    10.9646   3.770325   3.771793     1.9310      98.80     0.0307 5.1273e-02 1.9438e+00     83.089 292.956413    4.57603    33.6696    33.6878    25.7456    1492.70    1495.49 0.0000e+00
       2017     65.000    10.7734    10.7707   3.760274   3.761824     1.9205      98.80     0.0318 5.1273e-02 1.9438e+00     83.984 292.956423    4.55392    33.7484    33.7664    25.8416    1492.13    1495.44 0.0000e+00
       2038     66.000    10.6751    10.6730   3.754805   3.756386     1.9076      98.80     0.0321 5.1266e-02 1.9438e+00     84.878 292.956434    4.51200    33.7840    33.8018    25.8867    1491.84    1495.38 0.0000e+00
       2060     67.000    10.4984    10.4949   3.744161   3.745629     1.8955      98.80     0.0322 5.1273e-02 1.9438e+00     85.776 292.956444    4.49745    33.8405    33.8585    25.9616    1491.30    1495.32 0.0000e+00
       2081     68.000    10.2643    10.2625   3.730161   3.731594     1.8843      98.80     0.0342 5.1273e-02 1.9438e+00     86.682 292.956455    4.48176    33.9169    33.9331    26.0616    1490.57    1495.25 0.0000e+00
       2103     69.000     9.9047     9.9011   3.708471   3.709824     1.8723      98.80     0.0373 5.1266e-02 1.9438e+00     87.585 292.956465    4.46006    34.0334    34.0506    26.2137    1489.44    1495.17 0.0000e+00
       2124     70.000     9.6942     9.6904   3.696564   3.697902     1.8577      98.80     0.0376 5.1266e-02 -9.990e-29     88.478 292.956475    4.40137    34.1101    34.1274    26.3088    1488.79    1495.07 0.0000e+00
       2146     71.000     9.4846     9.4776   3.684724   3.685917     1.8397      98.80     0.0361 5.1273e-02 -9.990e-29     89.367 292.956486    4.33829    34.1870    34.2061    26.4035    1488.14    1494.98 0.0000e+00
       2167     72.000     9.1485     9.1400   3.664768   3.665627     1.8200      98.80     0.0355 5.1267e-02 -9.990e-29     90.263 292.956496    4.28135    34.3016    34.3187    26.5478    1487.06    1494.87 0.0000e+00
       2189     73.000     8.8501     8.8465   3.647672   3.648992     1.7979      98.80     0.0347 5.1259e-02 -9.990e-29     91.158 292.956506    4.20601    34.4106    34.4280    26.6807    1486.11    1494.74 0.0000e+00
