testdata/CTD/sta0414.cnv
* Sea-Bird SBE 9 Data File:
* FileName = C:\Seabird\CTDData\sta0414.hex
* Software Version Seasave V 7.21f
* Temperature SN = 4557
* Conductivity SN = 1337
* Number of Bytes Per Scan = 40
* Number of Voltage Words = 5
* Number of Scans Averaged by the Deck Unit = 1
* NMEA Latitude = 60 52.29 N
* NMEA Longitude = 005 24.70 E
* NMEA UTC (Time) = Oct 15 2018 15:10:24
* NMEA baud rate = 4800
** Ship: 10 F/F "G. O. Sars"
** Station: 0414
** Echodepth: 479
** Log: 5397.04
** Wind-Dir Force: 68 08
** Air-temp (dry): 8.8
** Weather Sky: 0 0
** Sea Ice: 0 0
# nquan = 20                                
# nvalues = 482                         
# units = specified
# name 0 = scan: Scan Count
# name 1 = prDM: Pressure, Digiquartz [db]
# name 2 = t068C: Temperature [ITS-68, deg C]
# name 3 = t168C: Temperature, 2 [ITS-68, deg C]
# name 4 = c0S/m: Conductivity [S/m]
# name 5 = c1S/m: Conductivity, 2 [S/m]
# name 6 = sbeox0V: Oxygen raw, SBE 43 [V]
# name 7 = altM: Altimeter [m]
# name 8 = flC: Fluorescence, Chelsea Aqua 3 Chl Con [ug/l]
# name 9 = par: PAR/Irradiance, Biospherical/Licor
# name 10 = spar: SPAR/Surface Irradiance
# name 11 = timeS: Time, Elapsed [seconds]
# name 12 = timeJ: Julian Days
# name 13 = sbeox0ML/L: Oxygen, SBE 43 [ml/l], WS = 2
# name 14 = sal00: Salinity, Practical [PSU]
# name 15 = sal11: Salinity, Practical, 2 [PSU]
# name 16 = sigma-t00: Density [sigma-t, Kg/m^3 ]
# name 17 = svCM: Sound Velocity [Chen-Millero, m/s]
# name 18 = avgsvCM: Average Sound Velocity [Chen-Millero, m/s], minP = 1, minS = 5
# name 19 = flag: flag
# span 0 =        538,      11103       
# span 1 =      2.000,    483.000       
# span 2 =     8.0885,    15.7425       
# span 3 =     8.0881,    15.7426       
# span 4 =   1.629337,   3.990930       
# span 5 =   1.662673,   3.993881       
# span 6 =     0.8686,     2.3753       
# span 7 =       7.69,      99.27       
# span 8 =     0.0227,     0.2212       
# span 9 = 5.1225e-02, 2.6785e+01       
# span 10 = 1.1758e+02, 1.2850e+02      
# span 11 =     22.374,    462.572      
# span 12 = 288.632516, 288.637611      
# span 13 =    1.27256,    6.57691      
# span 14 =    13.0998,    35.0224      
# span 15 =    13.3830,    35.0442      
# span 16 =     9.6647,    27.2601      
# span 17 =    1470.24,    1505.10      
# span 18 =    1470.24,    1498.95      
# span 19 = 0.0000e+00, 0.0000e+00      
# interval = decibars: 1                
# start_time = Oct 15 2018 15:10:27 [System UTC, header]
# bad_flag = -9.990e-29
*END*
[from data line 73]
       2119     75.000     9.3567     9.3547   3.686889   3.688697     2.0551      98.76     0.0364 5.1266e-02 -9.990e-29     88.256 288.633278    5.11078    34.3300    34.3507    26.5363    1487.91    1496.94 0.0000e+00
       2141     76.000     9.2780     9.2764   3.683265   3.685060     2.0396      98.76     0.0342 5.1266e-02 -9.990e-29     89.149 288.633289    5.06028    34.3676    34.3878    26.5785    1487.68    1496.82 0.0000e+00
       2162     77.000     9.1960     9.1949   3.679056   3.680858     2.0223      98.76     0.0360 5.1259e-02 -9.990e-29     90.046 288.633299    4.99420    34.4023    34.4221    26.6190    1487.44    1496.69 0.0000e+00
       2184     78.000     9.0814     9.0796   3.672885   3.674658     2.0026      86.78     0.0359 5.1266e-02 -9.990e-29     90.943 288.633310    4.91363    34.4482    34.4685    26.6733    1487.10    1496.57 0.0000e+00
       2205     79.000     9.0187     9.0170   3.669817   3.671642     1.9807      83.67     0.0373 5.1252e-02 1.2595e+02     91.835 288.633320    4.84539    34.4764    34.4971    26.7055    1486.92    1496.45 0.0000e+00
       2227     80.000     8.9414     8.9393   3.667194   3.669024     1.9605      98.83     0.0364 5.1267e-02 1.2540e+02     92.733 288.633330    4.79420    34.5235    34.5447    26.7547    1486.70    1496.32 0.0000e+00
       2248     81.000     8.8816     8.8802   3.664349   3.666198     1.9410      98.76     0.0416 5.1273e-02 1.2567e+02     93.627 288.633341    4.72827    34.5513    34.5721    26.7860    1486.53    1496.20 0.0000e+00
       2269     82.000     8.8256     8.8247   3.661572   3.663446     1.9201      98.76     0.0437 5.1266e-02 1.2118e+02     94.518 288.633351    4.65885    34.5763    34.5968    26.8144    1486.37    1496.08 0.0000e+00
       2291     83.000     8.7724     8.7718   3.658944   3.660871     1.9002      98.76     0.0409 5.1273e-02 1.2467e+02     95.415 288.633361    4.61271    34.6001    34.6209    26.8414    1486.22    1495.96 0.0000e+00
       2312     84.000     8.7538     8.7527   3.658154   3.660090     1.8827      98.77     0.0416 5.1273e-02 1.2441e+02     96.311 288.633372    4.56406    34.6094    34.6309    26.8517    1486.18    1495.85 0.0000e+00
       2334     85.000     8.6830     8.6811   3.655609   3.657512     1.8646      75.81     0.0413 5.1259e-02 1.2440e+02     97.204 288.633382    4.48828    34.6514    34.6733    26.8957    1485.99    1495.73 0.0000e+00
       2355     86.000     8.6443     8.6434   3.654175   3.656143     1.8439      94.40     0.0395 5.1266e-02 1.2440e+02     98.102 288.633392    4.40520    34.6737    34.6954    26.9193    1485.89    1495.61 0.0000e+00
       2377     87.000     8.6274     8.6265   3.653524   3.655507     1.8218      98.73     0.0402 5.1266e-02 1.2440e+02     98.994 288.633403    4.33374    34.6829    34.7048    26.9292    1485.85    1495.50 0.0000e+00
       2398     88.000     8.6087     8.6081   3.652969   3.654958     1.8026      98.76     0.0410 5.1273e-02 1.2440e+02     99.876 288.633413    4.30257    34.6949    34.7166    26.9415    1485.82    1495.39 0.0000e+00
       2419     89.000     8.5924     8.5918   3.652375   3.654371     1.7878      98.75     0.0368 5.1266e-02 1.2440e+02    100.757 288.633423    4.28242    34.7042    34.7259    26.9513    1485.78    1495.28 0.0000e+00
       2440     90.000     8.5764     8.5759   3.651860   3.653869     1.7749      98.75     0.0328 5.1273e-02 1.2440e+02    101.633 288.633433    4.24546    34.7140    34.7357    26.9615    1485.75    1495.17 0.0000e+00
       2461     91.000     8.5596     8.5589   3.651460   3.653493     1.7616      98.75     0.0357 5.1273e-02 1.2440e+02    102.515 288.633443    4.19953    34.7258    34.7480    26.9733    1485.72    1495.07 0.0000e+00
       2482     92.000     8.5338     8.5330   3.650710   3.652747     1.7484      68.86     0.0377 5.1259e-02 1.2235e+02    103.395 288.633454    4.18193    34.7428    34.7651    26.9907    1485.66    1494.97 0.0000e+00
       2504     93.000     8.5112     8.5103   3.650025   3.652062     1.7407      98.97     0.0382 5.1280e-02 1.2441e+02    104.273 288.633464    4.17776    34.7573    34.7798    27.0056    1485.61    1494.87 0.0000e+00
       2525     94.000     8.4809     8.4799   3.649054   3.651097     1.7315      98.76     0.0374 5.1260e-02 1.2440e+02    105.157 288.633474    4.13040    34.7764    34.7990    27.0252    1485.54    1494.77 0.0000e+00
       2546     95.000     8.4571     8.4561   3.648616   3.650663     1.7202      98.75     0.0382 5.1273e-02 1.2440e+02    106.038 288.633484    4.07015    34.7947    34.8174    27.0433    1485.49    1494.67 0.0000e+00
       2567     96.000     8.4394     8.4387   3.648144   3.650196     1.7062      98.75     0.0368 5.1273e-02 1.2440e+02    106.919 288.633494    4.00508    34.8067    34.8292    27.0554    1485.45    1494.57 0.0000e+00
       2588     97.000     8.4239     8.4231   3.647716   3.649769     1.6909      98.76     0.0352 5.1273e-02 1.2440e+02    107.802 288.633505    3.93873    34.8170    34.8396    27.0659    1485.43    1494.48 0.0000e+00
       2609     98.000     8.4125     8.4119   3.647480   3.649532     1.6738      98.66     0.0348 5.1266e-02 1.2440e+02    108.680 288.633515    3.86195    34.8253    34.8477    27.0742    1485.41    1494.38 0.0000e+00
       2630     99.000     8.3946     8.3938   3.647112   3.649183     1.6551      74.90     0.0349 5.1252e-02 1.2440e+02    109.559 288.633525    3.80565    34.8386    34.8614    27.0874    1485.38    1494.29 0.0000e+00
       2652    100.000     8.3848     8.3842   3.646958   3.649037     1.6388      99.27     0.0337 5.1273e-02 1.2440e+02    110.438 288.633535    3.75873    34.8461    34.8689    27.0948    1485.37    1494.20 0.0000e+00
       2673    101.000     8.3770     8.3763   3.646915   3.648997     1.6225      98.76     0.0335 5.1273e-02 1.2440e+02    111.314 288.633545    3.70745    34.8529    34.8758    27.1014    1485.36    1494.11 0.0000e+00
       2694    102.000     8.3668     8.3661   3.646875   3.648947     1.6070      98.76     0.0359 5.1273e-02 1.2440e+02    112.197 288.633556    3.65438    34.8621    34.8849    27.1101    1485.35    1494.03 0.0000e+00
       2715    103.000     8.3542     8.3534   3.646632   3.648703     1.5907      98.76     0.0337 5.1273e-02 1.2440e+02    113.079 288.633566    3.59682    34.8715    34.8944    27.1195    1485.33    1493.94 0.0000e+00
       2736    104.000     8.3430     8.3423   3.646415   3.648486     1.5748      98.77     0.0336 5.1273e-02 1.2170e+02    113.957 288.633576    3.54538    34.8798    34.9026    27.1277    1485.32    1493.86 0.0000e+00
       2757    105.000     8.3299     8.3291   3.646182   3.648263     1.5592      92.17     0.0355 5.1273e-02 1.2390e+02    114.841 288.633586    3.48942    34.8899    34.9128    27.1376    1485.30    1493.78 0.0000e+00
       2778    106.000     8.3196     8.3188   3.646032   3.648098     1.5431      78.82     0.0346 5.1266e-02 1.2441e+02    115.720 288.633596    3.44345    34.8980    34.9208    27.1455    1485.28    1493.70 0.0000e+00
       2799    107.000     8.3113     8.3102   3.645859   3.647940     1.5288      99.10     0.0315 5.1273e-02 1.2440e+02    116.598 288.633606    3.40136    34.9039    34.9272    27.1515    1485.28    1493.62 0.0000e+00
       2821    108.000     8.3049     8.3040   3.645754   3.647826     1.5148      98.66     0.0313 5.1273e-02 1.2440e+02    117.483 288.633617    3.36264    34.9087    34.9316    27.1562    1485.28    1493.54 0.0000e+00
       2842    109.000     8.2966     8.2960   3.645501   3.647580     1.5021      98.17     0.0324 5.1266e-02 1.2440e+02    118.366 288.633627    3.32988    34.9137    34.9365    27.1614    1485.27    1493.46 0.0000e+00
       2863    110.000     8.2917     8.2910   3.645268   3.647346     1.4908      97.80     0.0319 5.1266e-02 1.2440e+02    119.247 288.633637    3.30697    34.9156    34.9385    27.1637    1485.27    1493.39 0.0000e+00
       2884    111.000     8.2842     8.2836   3.644824   3.646905     1.4814      97.75     0.0275 5.1266e-02 1.2440e+02    120.128 288.633647    3.29396    34.9178    34.9406    27.1666    1485.26    1493.32 0.0000e+00
       2905    112.000     8.2784     8.2779   3.644475   3.646556     1.4738      89.33     0.0264 5.1252e-02 1.2440e+02    121.004 288.633657    3.28462    34.9194    34.9421    27.1687    1485.25    1493.24 0.0000e+00
       2926    113.000     8.2644     8.2637   3.643661   3.645717     1.4684      89.20     0.0285 5.1259e-02 1.2440e+02    121.887 288.633668    3.30131    34.9241    34.9468    27.1745    1485.22    1493.17 0.0000e+00
       2947    114.000     8.2507     8.2506   3.642832   3.644942     1.4676      98.91     0.0271 5.1273e-02 1.2440e+02    122.763 288.633678    3.33816    34.9284    34.9511    27.1800    1485.20    1493.10 0.0000e+00
       2968    115.000     8.2378     8.2372   3.642037   3.644110     1.4704      98.77     0.0251 5.1266e-02 1.2339e+02    123.643 288.633688    3.38369    34.9323    34.9550    27.1850    1485.17    1493.03 0.0000e+00
       2990    116.000     8.2360     8.2356   3.641970   3.644053     1.4770      98.77     0.0273 5.1280e-02 1.2251e+02    124.529 288.633698    3.44115    34.9329    34.9555    27.1857    1485.18    1492.96 0.0000e+00
       3011    117.000     8.2333     8.2328   3.641819   3.643885     1.4866      98.76     0.0292 5.1273e-02 1.2438e+02    125.406 288.633708    3.50581    34.9335    34.9560    27.1866    1485.19    1492.90 0.0000e+00
       3032    118.000     8.2243     8.2237   3.641295   3.643341     1.4995      98.76     0.0289 5.1273e-02 1.2440e+02    126.288 288.633719    3.56893    34.9363    34.9588    27.1902    1485.17    1492.83 0.0000e+00
       3053    119.000     8.2182     8.2176   3.640942   3.643000     1.5123      82.34     0.0303 5.1252e-02 1.2440e+02    127.170 288.633729    3.60697    34.9381    34.9607    27.1926    1485.17    1492.77 0.0000e+00
       3074    120.000     8.2156     8.2148   3.640766   3.642810     1.5242      93.65     0.0288 5.1259e-02 1.2440e+02    128.048 288.633739    3.63981    34.9384    34.9610    27.1931    1485.17    1492.70 0.0000e+00
       3095    121.000     8.2085     8.2077   3.640349   3.642412     1.5346      98.74     0.0274 5.1273e-02 1.2440e+02    128.933 288.633749    3.67488    34.9405    34.9633    27.1959    1485.17    1492.64 0.0000e+00
       3117    122.000     8.2056     8.2051   3.640236   3.642288     1.5461      98.77     0.0287 5.1266e-02 1.2440e+02    129.813 288.633759    3.71279    34.9417    34.9641    27.1973    1485.17    1492.58 0.0000e+00
       3138    123.000     8.1995     8.1991   3.639849   3.641906     1.5556      98.76     0.0296 5.1266e-02 1.2440e+02    130.692 288.633770    3.72962    34.9431    34.9655    27.1993    1485.17    1492.52 0.0000e+00
       3159    124.000     8.1934     8.1930   3.639453   3.641521     1.5637      98.76     0.0291 5.1273e-02 1.2440e+02    131.575 288.633780    3.75459    34.9445    34.9670    27.2013    1485.16    1492.46 0.0000e+00
       3180    125.000     8.1922     8.1918   3.639407   3.641464     1.5720      98.77     0.0308 5.1273e-02 1.2440e+02    132.452 288.633790    3.77664    34.9447    34.9671    27.2017    1485.18    1492.40 0.0000e+00
       3201    126.000     8.1847     8.1845   3.638849   3.640924     1.5786      82.83     0.0301 5.1252e-02 1.2440e+02    133.334 288.633800    3.79553    34.9457    34.9681    27.2036    1485.17    1492.34 0.0000e+00
       3222    127.000     8.1837     8.1831   3.638818   3.640871     1.5858      98.92     0.0284 5.1273e-02 1.2392e+02    134.220 288.633810    3.81766    34.9459    34.9684    27.2039    1485.18    1492.29 0.0000e+00
       3243    128.000     8.1823     8.1818   3.638763   3.640817     1.5914      98.76     0.0272 5.1273e-02 1.2161e+02    135.097 288.633821    3.83160    34.9462    34.9687    27.2044    1485.19    1492.23 0.0000e+00
       3265    129.000     8.1802     8.1793   3.638660   3.640681     1.5974      98.77     0.0295 5.1273e-02 1.2441e+02    135.982 288.633831    3.85131    34.9467    34.9692    27.2051    1485.20    1492.18 0.0000e+00
       3286    130.000     8.1742     8.1733   3.638232   3.640261     1.6025      98.76     0.0303 5.1280e-02 1.2440e+02    136.864 288.633841    3.86039    34.9476    34.9702    27.2067    1485.19    1492.12 0.0000e+00
       3307    131.000     8.1631     8.1621   3.637449   3.639464     1.6066      98.77     0.0301 5.1273e-02 1.2440e+02    137.744 288.633851    3.87061    34.9498    34.9724    27.2101    1485.17    1492.07 0.0000e+00
       3328    132.000     8.1577     8.1571   3.637110   3.639150     1.6103      98.77     0.0293 5.1266e-02 1.2440e+02    138.624 288.633861    3.87588    34.9511    34.9735    27.2119    1485.17    1492.02 0.0000e+00
       3349    133.000     8.1568     8.1559   3.637089   3.639097     1.6126      84.46     0.0294 5.1225e-02 1.2440e+02    139.506 288.633872    3.88669    34.9513    34.9737    27.2122    1485.18    1491.96 0.0000e+00
       3370    134.000     8.1558     8.1554   3.637061   3.639103     1.6168      99.02     0.0286 5.1274e-02 1.2440e+02    140.390 288.633882    3.90398    34.9515    34.9737    27.2125    1485.20    1491.91 0.0000e+00
       3392    135.000     8.1549     8.1542   3.637029   3.639064     1.6193      98.76     0.0282 5.1273e-02 1.2440e+02    141.274 288.633892    3.89997    34.9516    34.9740    27.2127    1485.21    1491.86 0.0000e+00
       3413    136.000     8.1543     8.1537   3.637030   3.639077     1.6209      98.77     0.0304 5.1273e-02 1.2440e+02    142.151 288.633902    3.90463    34.9517    34.9742    27.2129    1485.22    1491.81 0.0000e+00
       3434    137.000     8.1525     8.1523   3.636955   3.639020     1.6231      98.76     0.0322 5.1259e-02 1.2281e+02    143.035 288.633912    3.91424    34.9522    34.9745    27.2136    1485.23    1491.77 0.0000e+00
       3455    138.000     8.1514     8.1511   3.636928   3.638971     1.6249      98.77     0.0289 5.1273e-02 1.2261e+02    143.917 288.633923    3.91732    34.9525    34.9747    27.2140    1485.25    1491.72 0.0000e+00
       3476    139.000     8.1512     8.1509   3.636956   3.639017     1.6263      96.93     0.0259 5.1273e-02 1.2441e+02    144.796 288.633933    3.91345    34.9525    34.9749    27.2141    1485.26    1491.67 0.0000e+00
       3497    140.000     8.1509     8.1505   3.636973   3.639031     1.6262      87.42     0.0273 5.1245e-02 1.2440e+02    145.680 288.633943    3.90728    34.9525    34.9749    27.2141    1485.28    1491.63 0.0000e+00
       3518    141.000     8.1505     8.1500   3.636997   3.639025     1.6262      98.99     0.0250 5.1274e-02 1.2440e+02    146.559 288.633953    3.90420    34.9527    34.9749    27.2143    1485.29    1491.58 0.0000e+00
       3539    142.000     8.1504     8.1498   3.637033   3.639070     1.6255      98.76     0.0255 5.1266e-02 1.2440e+02    147.437 288.633963    3.90414    34.9527    34.9751    27.2143    1485.31    1491.54 0.0000e+00
       3561    143.000     8.1499     8.1491   3.637046   3.639065     1.6257      98.77     0.0259 5.1259e-02 1.2440e+02    148.321 288.633974    3.90640    34.9528    34.9752    27.2145    1485.32    1491.49 0.0000e+00
       3582    144.000     8.1485     8.1481   3.636995   3.639037     1.6251      98.77     0.0249 5.1273e-02 1.2440e+02    149.198 288.633984    3.89473    34.9532    34.9755    27.2150    1485.34    1491.45 0.0000e+00
       3603    145.000     8.1471     8.1467   3.636962   3.639000     1.6235      98.77     0.0286 5.1280e-02 1.2440e+02    150.082 288.633994    3.88693    34.9538    34.9760    27.2157    1485.35    1491.41 0.0000e+00
