testdata/CTD/sta0411.cnv
* Sea-Bird SBE 9 Data File:
* FileName = C:\Seabird\CTDData\sta0411.hex
* Software Version Seasave V 7.21f
* Temperature SN = 4557
* Conductivity SN = 1337
* Number of Bytes Per Scan = 40
* Number of Voltage Words = 5
* Number of Scans Averaged by the Deck Unit = 1
* NMEA Latitude = 60 52.31 N
* NMEA Longitude = 005 23.87 E
* NMEA UTC (Time) = Oct 14 2018 09:21:36
* NMEA baud rate = 4800
** Ship: 10 F/F "G. O. Sars"
** Station: 0411
** Echodepth: 463
** Log: 5343.77
** Wind-Dir Force: 42 16
** Air-temp (dry): 16.5
** Weather Sky: 5 8
** Sea Ice: 3 0
# nquan = 20                                
# nvalues = 457                         
# units = specified
# name 0 = scan: Scan Count
# name 1 = prDM: Pressure, Digiquartz [db]
# name 2 = t068C: Temperature [ITS-68, deg C]
# name 3 = t168C: Temperature, 2 [ITS-68, deg C]
# name 4 = c0S/m: Conductivity [S/m]
# name 5 = c1S/m: Conductivity, 2 [S/m]
# name 6 = sbeox0V: Oxygen raw, SBE 43 [V]
# name 7 = altM: Altimeter [m]
# name 8 = flC: Fluorescence, Chelsea Aqua 3 Chl Con [ug/l]
# name 9 = par: PAR/Irradiance, Biospherical/Licor
# name 10 = spar: SPAR/Surface Irradiance
# name 11 = timeS: Time, Elapsed [seconds]
# name 12 = timeJ: Julian Days
# name 13 = sbeox0ML/L: Oxygen, SBE 43 [ml/l], WS = 2
# name 14 = sal00: Salinity, Practical [PSU]
# name 15 = sal11: Salinity, Practical, 2 [PSU]
# name 16 = sigma-t00: Density [sigma-t, Kg/m^3 ]
# name 17 = svCM: Sound Velocity [Chen-Millero, m/s]
# name 18 = avgsvCM: Average Sound Velocity [Chen-Millero, m/s], minP = 1, minS = 5
# name 19 = flag: flag
# span 0 =        468,      10221       
# span 1 =      4.000,    460.000       
# span 2 =     8.0863,    16.0253       
# span 3 =     8.0859,    16.0152       
# span 4 =   2.980746,   3.988868       
# span 5 =   3.001387,   3.990973       
# span 6 =     0.8947,     2.2146       
# span 7 =      13.07,      98.78       
# span 8 =     0.0205,     0.1406       
# span 9 = 5.1240e-02, 1.4926e+00       
# span 10 = 1.9635e+01, 3.5044e+01      
# span 11 =     19.453,    425.821      
# span 12 = 287.390248, 287.394951      
# span 13 =    1.36358,    5.42632      
# span 14 =    23.8882,    35.0217      
# span 15 =    24.0271,    35.0445      
# span 16 =    17.5965,    27.2603      
# span 17 =    1485.07,    1505.76      
# span 18 =    1488.78,    1500.65      
# span 19 = 0.0000e+00, 0.0000e+00      
# interval = decibars: 1                
# start_time = Oct 14 2018 09:21:38 [System UTC, header]
# bad_flag = -9.990e-29
*END*
[from data line 218]
       5148    222.000     8.0870     8.0866   3.635109   3.637199     1.7184      98.78     0.0248 5.1273e-02 2.6508e+01    214.476 287.392505    4.27841    34.9566    34.9793    27.2270    1486.39    1489.47 0.0000e+00
       5170    223.000     8.0871     8.0867   3.635165   3.637255     1.7181      98.78     0.0242 5.1267e-02 2.7139e+01    215.380 287.392516    4.28844    34.9566    34.9794    27.2270    1486.41    1489.46 0.0000e+00
       5192    224.000     8.0870     8.0866   3.635224   3.637309     1.7192      98.78     0.0232 5.1273e-02 2.7213e+01    216.310 287.392527    4.29339    34.9568    34.9796    27.2272    1486.42    1489.45 0.0000e+00
       5214    225.000     8.0867     8.0863   3.635263   3.637348     1.7192      98.78     0.0252 5.1266e-02 2.7213e+01    217.213 287.392537    4.28878    34.9571    34.9798    27.2274    1486.44    1489.43 0.0000e+00
       5236    226.000     8.0866     8.0862   3.635296   3.637386     1.7190      98.78     0.0253 5.1267e-02 2.7213e+01    218.130 287.392548    4.28233    34.9570    34.9798    27.2274    1486.46    1489.42 0.0000e+00
       5258    227.000     8.0865     8.0861   3.635348   3.637433     1.7178      98.78     0.0270 5.1273e-02 2.7213e+01    219.049 287.392558    4.27014    34.9572    34.9799    27.2275    1486.47    1489.41 0.0000e+00
       5280    228.000     8.0866     8.0862   3.635423   3.637511     1.7160      98.78     0.0271 5.1266e-02 2.7213e+01    219.952 287.392569    4.26751    34.9574    34.9802    27.2277    1486.49    1489.40 0.0000e+00
       5302    229.000     8.0865     8.0861   3.635461   3.637549     1.7156      98.78     0.0228 5.1260e-02 2.7213e+01    220.876 287.392580    4.27599    34.9575    34.9802    27.2277    1486.51    1489.38 0.0000e+00
       5324    230.000     8.0863     8.0859   3.635491   3.637581     1.7155      98.78     0.0248 5.1273e-02 2.6651e+01    221.796 287.392590    4.27391    34.9575    34.9803    27.2278    1486.52    1489.37 0.0000e+00
       5346    231.000     8.0876     8.0873   3.635706   3.637806     1.7146      98.78     0.0242 5.1273e-02 2.6213e+01    222.711 287.392601    4.27000    34.9580    34.9808    27.2280    1486.54    1489.36 0.0000e+00
       5368    232.000     8.0890     8.0887   3.635921   3.638009     1.7143      98.78     0.0245 5.1273e-02 2.7216e+01    223.627 287.392611    4.27287    34.9584    34.9811    27.2281    1486.57    1489.35 0.0000e+00
       5390    233.000     8.0896     8.0893   3.636051   3.638137     1.7140      98.78     0.0230 5.1266e-02 2.7213e+01    224.526 287.392622    4.26444    34.9588    34.9814    27.2283    1486.58    1489.33 0.0000e+00
       5411    234.000     8.0898     8.0895   3.636131   3.638222     1.7123      98.78     0.0269 5.1273e-02 2.7389e+01    225.434 287.392632    4.24570    34.9589    34.9816    27.2284    1486.60    1489.32 0.0000e+00
       5433    235.000     8.0901     8.0896   3.636201   3.638284     1.7092      98.78     0.0267 5.1259e-02 2.8112e+01    226.334 287.392643    4.22031    34.9589    34.9817    27.2283    1486.62    1489.31 0.0000e+00
       5455    236.000     8.0900     8.0896   3.636245   3.638329     1.7046      98.78     0.0261 5.1253e-02 2.9098e+01    227.232 287.392653    4.19776    34.9590    34.9817    27.2284    1486.64    1489.30 0.0000e+00
       5476    237.000     8.0901     8.0898   3.636325   3.638410     1.7001      98.78     0.0273 5.1273e-02 2.9157e+01    228.145 287.392664    4.18724    34.9593    34.9819    27.2286    1486.65    1489.29 0.0000e+00
       5498    238.000     8.0895     8.0892   3.636325   3.638416     1.6965      98.78     0.0259 5.1266e-02 2.9157e+01    229.040 287.392674    4.18574    34.9594    34.9821    27.2288    1486.67    1489.28 0.0000e+00
       5520    239.000     8.0885     8.0882   3.636263   3.638356     1.6942      98.78     0.0295 5.1273e-02 2.9157e+01    229.947 287.392685    4.18584    34.9592    34.9819    27.2288    1486.68    1489.27 0.0000e+00
       5541    240.000     8.0877     8.0875   3.636217   3.638325     1.6920      98.78     0.0309 5.1280e-02 2.9157e+01    230.854 287.392695    4.17917    34.9591    34.9818    27.2288    1486.69    1489.26 0.0000e+00
       5563    241.000     8.0867     8.0863   3.636163   3.638253     1.6902      98.78     0.0277 5.1273e-02 2.5828e+01    231.746 287.392705    4.17946    34.9590    34.9818    27.2289    1486.71    1489.24 0.0000e+00
       5584    242.000     8.0875     8.0871   3.636318   3.638419     1.6890      98.78     0.0288 5.1266e-02 2.8742e+01    232.643 287.392716    4.18422    34.9594    34.9823    27.2291    1486.73    1489.23 0.0000e+00
       5606    243.000     8.0879     8.0876   3.636446   3.638523     1.6892      98.78     0.0257 5.1273e-02 2.9154e+01    233.534 287.392726    4.19931    34.9599    34.9824    27.2294    1486.74    1489.22 0.0000e+00
       5627    244.000     8.0886     8.0882   3.636576   3.638659     1.6904      98.78     0.0252 5.1273e-02 2.9157e+01    234.425 287.392736    4.20614    34.9601    34.9828    27.2295    1486.76    1489.21 0.0000e+00
       5649    245.000     8.0898     8.0894   3.636775   3.638852     1.6911      98.78     0.0270 5.1273e-02 2.9221e+01    235.322 287.392747    4.20213    34.9605    34.9832    27.2296    1486.79    1489.20 0.0000e+00
       5670    246.000     8.0913     8.0910   3.637033   3.639123     1.6912      98.78     0.0295 5.1273e-02 3.0028e+01    236.219 287.392757    4.19453    34.9613    34.9840    27.2300    1486.81    1489.19 0.0000e+00
       5692    247.000     8.0894     8.0890   3.636881   3.638975     1.6902      98.78     0.0277 5.1266e-02 3.1021e+01    237.112 287.392768    4.18096    34.9611    34.9839    27.2302    1486.82    1489.18 0.0000e+00
       5713    248.000     8.0898     8.0894   3.636997   3.639074     1.6878      98.78     0.0281 5.1273e-02 3.1102e+01    238.006 287.392778    4.16022    34.9615    34.9841    27.2304    1486.84    1489.18 0.0000e+00
       5735    249.000     8.0902     8.0899   3.637098   3.639181     1.6845      98.78     0.0266 5.1260e-02 3.1101e+01    238.897 287.392788    4.14573    34.9617    34.9843    27.2305    1486.85    1489.17 0.0000e+00
       5756    250.000     8.0904     8.0900   3.637150   3.639242     1.6816      98.78     0.0239 5.1273e-02 3.1101e+01    239.791 287.392799    4.14168    34.9615    34.9843    27.2303    1486.87    1489.16 0.0000e+00
       5777    251.000     8.0902     8.0899   3.637203   3.639274     1.6791      98.78     0.0250 5.1273e-02 3.1101e+01    240.684 287.392809    4.13083    34.9618    34.9843    27.2306    1486.89    1489.15 0.0000e+00
       5799    252.000     8.0903     8.0900   3.637245   3.639324     1.6761      98.78     0.0260 5.1266e-02 3.1101e+01    241.571 287.392819    4.11854    34.9617    34.9842    27.2305    1486.90    1489.14 0.0000e+00
       5820    253.000     8.0905     8.0902   3.637307   3.639400     1.6731      98.78     0.0282 5.1273e-02 3.1101e+01    242.469 287.392829    4.11435    34.9617    34.9844    27.2304    1486.92    1489.13 0.0000e+00
       5842    254.000     8.0907     8.0904   3.637381   3.639467     1.6712      98.78     0.0289 5.1273e-02 2.9294e+01    243.361 287.392840    4.11880    34.9618    34.9844    27.2305    1486.94    1489.12 0.0000e+00
       5863    255.000     8.0909     8.0906   3.637453   3.639538     1.6703      98.78     0.0265 5.1273e-02 3.1110e+01    244.255 287.392850    4.12148    34.9619    34.9845    27.2305    1486.96    1489.11 0.0000e+00
       5885    256.000     8.0909     8.0906   3.637510   3.639591     1.6695      98.78     0.0261 5.1273e-02 3.1101e+01    245.152 287.392861    4.12025    34.9620    34.9846    27.2306    1486.97    1489.10 0.0000e+00
       5906    257.000     8.0910     8.0907   3.637561   3.639643     1.6691      98.76     0.0270 5.1273e-02 3.1241e+01    246.041 287.392871    4.12205    34.9620    34.9846    27.2306    1486.99    1489.10 0.0000e+00
       5927    258.000     8.0914     8.0912   3.637671   3.639742     1.6686      98.63     0.0235 5.1273e-02 -9.990e-29    246.937 287.392881    4.11606    34.9623    34.9846    27.2308    1487.01    1489.09 0.0000e+00
       5949    259.000     8.0918     8.0915   3.637760   3.639852     1.6673      98.53     0.0226 5.1273e-02 -9.990e-29    247.836 287.392892    4.10749    34.9623    34.9850    27.2308    1487.03    1489.08 0.0000e+00
       5971    260.000     8.0921     8.0918   3.637721   3.639942     1.6660      98.67     0.0237 5.1266e-02 -9.990e-29    248.733 287.392902    4.10536    34.9611    34.9852    27.2298    1487.04    1489.07 0.0000e+00
       5992    261.000     8.0927     8.0923   3.637978   3.640064     1.6648      98.68     0.0282 5.1273e-02 3.2706e+01    249.635 287.392912    4.10209    34.9628    34.9855    27.2310    1487.06    1489.06 0.0000e+00
       6014    262.000     8.0931     8.0928   3.638088   3.640154     1.6640      98.69     0.0299 5.1273e-02 3.2516e+01    250.527 287.392923    4.10029    34.9631    34.9855    27.2312    1487.08    1489.06 0.0000e+00
       6035    263.000     8.0934     8.0931   3.638173   3.640247     1.6628      98.70     0.0305 5.1273e-02 3.2654e+01    251.418 287.392933    4.09322    34.9632    34.9857    27.2312    1487.10    1489.05 0.0000e+00
       6056    264.000     8.0945     8.0942   3.638346   3.640446     1.6613      98.69     0.0306 5.1266e-02 2.7500e+01    252.311 287.392943    4.08695    34.9635    34.9863    27.2313    1487.12    1489.04 0.0000e+00
       6078    265.000     8.0948     8.0943   3.638446   3.640510     1.6600      98.64     0.0293 5.1273e-02 3.2980e+01    253.198 287.392954    4.08038    34.9638    34.9864    27.2315    1487.14    1489.04 0.0000e+00
       6099    266.000     8.0940     8.0937   3.638421   3.640511     1.6578      98.51     0.0293 5.1273e-02 3.3044e+01    254.096 287.392964    4.06551    34.9639    34.9865    27.2316    1487.15    1489.03 0.0000e+00
       6121    267.000     8.0940     8.0936   3.638472   3.640563     1.6550      98.39     0.0274 5.1260e-02 3.3044e+01    254.987 287.392974    4.04711    34.9639    34.9867    27.2317    1487.17    1489.02 0.0000e+00
       6142    268.000     8.0944     8.0941   3.638589   3.640672     1.6512      98.21     0.0263 5.1260e-02 2.4954e+01    255.882 287.392985    4.03322    34.9643    34.9869    27.2319    1487.19    1489.01 0.0000e+00
       6164    269.000     8.0944     8.0941   3.638635   3.640720     1.6482      98.11     0.0279 5.1273e-02 3.2639e+01    256.778 287.392995    4.03415    34.9643    34.9869    27.2319    1487.20    1489.01 0.0000e+00
       6185    270.000     8.0948     8.0944   3.638742   3.640825     1.6466      97.87     0.0292 5.1273e-02 3.3045e+01    257.671 287.393005    4.03624    34.9646    34.9873    27.2321    1487.22    1489.00 0.0000e+00
       6207    271.000     8.0949     8.0945   3.638826   3.640923     1.6450      95.62     0.0269 5.1266e-02 3.3044e+01    258.563 287.393016    4.02868    34.9649    34.9877    27.2323    1487.24    1488.99 0.0000e+00
       6228    272.000     8.0944     8.0941   3.638871   3.640948     1.6431      95.14     0.0269 5.1252e-02 3.3044e+01    259.457 287.393026    4.02290    34.9654    34.9879    27.2328    1487.25    1488.99 0.0000e+00
       6249    273.000     8.0945     8.0942   3.638919   3.641007     1.6417      95.38     0.0296 5.1266e-02 3.3044e+01    260.353 287.393036    4.02306    34.9653    34.9880    27.2327    1487.27    1488.98 0.0000e+00
       6271    274.000     8.0947     8.0944   3.639007   3.641098     1.6405      95.54     0.0316 5.1266e-02 3.3044e+01    261.249 287.393047    4.01852    34.9656    34.9883    27.2329    1487.29    1488.98 0.0000e+00
       6292    275.000     8.0952     8.0950   3.639144   3.641241     1.6389      95.57     0.0287 5.1273e-02 3.1272e+01    262.144 287.393057    4.00744    34.9661    34.9887    27.2332    1487.31    1488.97 0.0000e+00
       6314    276.000     8.0953     8.0949   3.639208   3.641289     1.6369      97.35     0.0271 5.1266e-02 -9.990e-29    263.033 287.393068    4.00220    34.9662    34.9889    27.2333    1487.32    1488.96 0.0000e+00
       6335    277.000     8.0952     8.0949   3.639257   3.641334     1.6353      98.77     0.0263 5.1260e-02 -9.990e-29    263.934 287.393078    3.99631    34.9663    34.9889    27.2334    1487.34    1488.96 0.0000e+00
       6357    278.000     8.0952     8.0950   3.639299   3.641377     1.6333      98.78     0.0242 5.1273e-02 -9.990e-29    264.832 287.393088    3.99113    34.9663    34.9887    27.2334    1487.36    1488.95 0.0000e+00
       6379    279.000     8.0953     8.0950   3.639356   3.641437     1.6318      98.78     0.0247 5.1260e-02 -9.990e-29    265.730 287.393099    3.98433    34.9663    34.9889    27.2334    1487.37    1488.95 0.0000e+00
       6400    280.000     8.0950     8.0946   3.639383   3.641457     1.6296      98.78     0.0260 5.1273e-02 -9.990e-29    266.625 287.393109    3.97463    34.9664    34.9890    27.2335    1487.39    1488.94 0.0000e+00
       6421    281.000     8.0942     8.0940   3.639395   3.641480     1.6277      98.78     0.0286 5.1273e-02 -9.990e-29    267.519 287.393119    3.97149    34.9669    34.9894    27.2340    1487.40    1488.94 0.0000e+00
       6443    282.000     8.0943     8.0939   3.639490   3.641572     1.6260      98.78     0.0292 5.1273e-02 -9.990e-29    268.418 287.393130    3.96937    34.9673    34.9900    27.2343    1487.42    1488.93 0.0000e+00
       6465    283.000     8.0943     8.0940   3.639581   3.641664     1.6248      98.78     0.0282 5.1273e-02 -9.990e-29    269.315 287.393140    3.96849    34.9678    34.9904    27.2347    1487.44    1488.92 0.0000e+00
       6486    284.000     8.0947     8.0944   3.639690   3.641771     1.6239      98.78     0.0266 5.1273e-02 -9.990e-29    270.205 287.393151    3.97007    34.9681    34.9907    27.2348    1487.46    1488.92 0.0000e+00
       6507    285.000     8.0945     8.0944   3.639709   3.641810     1.6231      98.78     0.0287 5.1273e-02 3.3035e+01    271.104 287.393161    3.96642    34.9680    34.9906    27.2348    1487.47    1488.91 0.0000e+00
       6529    286.000     8.0950     8.0947   3.639819   3.641903     1.6223      98.78     0.0266 5.1273e-02 3.0278e+01    271.993 287.393171    3.96203    34.9682    34.9908    27.2349    1487.49    1488.91 0.0000e+00
       6550    287.000     8.0956     8.0953   3.639947   3.642026     1.6211      98.78     0.0266 5.1266e-02 3.2946e+01    272.891 287.393182    3.95781    34.9685    34.9911    27.2350    1487.51    1488.90 0.0000e+00
       6572    288.000     8.0954     8.0952   3.639991   3.642072     1.6202      98.78     0.0277 5.1273e-02 3.3933e+01    273.789 287.393192    3.95951    34.9687    34.9912    27.2352    1487.52    1488.90 0.0000e+00
       6593    289.000     8.0956     8.0953   3.640056   3.642138     1.6197      98.78     0.0291 5.1273e-02 3.4786e+01    274.678 287.393202    3.95643    34.9687    34.9913    27.2352    1487.54    1488.89 0.0000e+00
       6615    290.000     8.0953     8.0950   3.640081   3.642157     1.6187      98.78     0.0302 5.1273e-02 3.4990e+01    275.572 287.393213    3.94684    34.9688    34.9913    27.2353    1487.56    1488.89 0.0000e+00
       6636    291.000     8.0953     8.0950   3.640163   3.642245     1.6169      98.76     0.0310 5.1273e-02 3.4988e+01    276.470 287.393223    3.93511    34.9692    34.9918    27.2356    1487.57    1488.89 0.0000e+00
       6658    292.000     8.0958     8.0954   3.640265   3.642344     1.6147      98.75     0.0281 5.1273e-02 3.4988e+01    277.362 287.393233    3.92850    34.9693    34.9920    27.2356    1487.59    1488.88 0.0000e+00
