testdata/CTD/sta0406.cnv
* Sea-Bird SBE 9 Data File:
* FileName = C:\Seabird\CTDData\sta0406.hex
* Software Version Seasave V 7.21f
* Temperature SN = 4557
* Conductivity SN = 1337
* Number of Bytes Per Scan = 40
* Number of Voltage Words = 5
* Number of Scans Averaged by the Deck Unit = 1
* NMEA Latitude = 60 49.37 N
* NMEA Longitude = 005 21.92 E
* NMEA UTC (Time) = Oct 14 2018 06:35:19
* NMEA baud rate = 4800
** Ship: 10 F/F "G. O. Sars"
** Station: 0406
** Echodepth: 117
** Log: 5339.64
** Wind-Dir Force: 24 19
** Air-temp (dry): 18.9
** Weather Sky: 8 8
** Sea Ice: 1 0
# nquan = 20                                
# nvalues = 121                         
# units = specified
# name 0 = scan: Scan Count
# name 1 = prDM: Pressure, Digiquartz [db]
# name 2 = t068C: Temperature [ITS-68, deg C]
# name 3 = t168C: Temperature, 2 [ITS-68, deg C]
# name 4 = c0S/m: Conductivity [S/m]
# name 5 = c1S/m: Conductivity, 2 [S/m]
# name 6 = sbeox0V: Oxygen raw, SBE 43 [V]
# name 7 = altM: Altimeter [m]
# name 8 = flC: Fluorescence, Chelsea Aqua 3 Chl Con [ug/l]
# name 9 = par: PAR/Irradiance, Biospherical/Licor
# name 10 = spar: SPAR/Surface Irradiance
# name 11 = timeS: Time, Elapsed [seconds]
# name 12 = timeJ: Julian Days
# name 13 = sbeox0ML/L: Oxygen, SBE 43 [ml/l], WS = 2
# name 14 = sal00: Salinity, Practical [PSU]
# name 15 = sal11: Salinity, Practical, 2 [PSU]
# name 16 = sigma-t00: Density [sigma-t, Kg/m^3 ]
# name 17 = svCM: Sound Velocity [Chen-Millero, m/s]
# name 18 = avgsvCM: Average Sound Velocity [Chen-Millero, m/s], minP = 1, minS = 5
# name 19 = flag: flag
# span 0 =        358,       3259       
# span 1 =      4.000,    124.000       
# span 2 =     8.1660,    15.2189       
# span 3 =     8.1653,    15.2221       
# span 4 =   2.961095,   3.935147       
# span 5 =   2.962523,   3.938118       
# span 6 =     1.6533,     2.2246       
# span 7 =       2.89,      98.79       
# span 8 =     0.0273,     0.2409       
# span 9 = 5.1227e-02, 3.5458e-01       
# span 10 = 1.9438e+00, 1.9438e+00      
# span 11 =     14.874,    135.766      
# span 12 = 287.274732, 287.276132      
# span 13 =    3.98243,    5.61920      
# span 14 =    24.3627,    34.9390      
# span 15 =    24.3772,    34.9621      
# span 16 =    18.1540,    27.2012      
# span 17 =    1484.96,    1503.39      
# span 18 =    1487.98,    1498.57      
# span 19 = 0.0000e+00, 0.0000e+00      
# interval = decibars: 1                
# start_time = Oct 14 2018 06:35:22 [System UTC, header]
# bad_flag = -9.990e-29
*END*
        358      4.000    13.0874    13.0850   2.961095   2.962523     2.2140      92.51     0.2409 3.5458e-01 1.9438e+00     14.874 287.274732    5.61920    24.3627    24.3772    18.1540    1487.98    1487.98 0.0000e+00
        389      5.000    13.4445    13.4580   3.281590   3.296360     2.2147      92.76     0.2373 2.1199e-01 1.9438e+00     16.165 287.274747    5.48618    27.0359    27.1609    20.1497    1492.35    1488.85 0.0000e+00
        410      6.000    13.9195    13.9311   3.539645   3.551695     2.2145      92.02     0.2145 1.4332e-01 1.9438e+00     17.049 287.274757    5.38571    29.0387    29.1396    21.6022    1496.31    1490.09 0.0000e+00
        431      7.000    14.2810    14.2819   3.644778   3.647752     2.2212      92.30     0.1823 9.5962e-02 -9.990e-29     17.932 287.274768    5.35886    29.7176    29.7438    22.0529    1498.31    1491.26 0.0000e+00
        453      8.000    14.5293    14.5124   3.700634   3.700797     2.2246      92.22     0.1540 6.1156e-02 -9.990e-29     18.826 287.274778    5.28055    30.0306    30.0452    22.2432    1499.50    1492.28 0.0000e+00
        474      9.000    15.0354    15.0392   3.826530   3.832693     2.2159      92.29     0.1338 5.1829e-02 -9.990e-29     19.714 287.274788    5.11746    30.7664    30.8185    22.7038    1502.00    1493.36 0.0000e+00
        496     10.000    15.2189    15.2221   3.890385   3.892485     2.1995      92.67     0.1044 5.1257e-02 1.9438e+00     20.609 287.274799    5.02283    31.1915    31.2077    22.9917    1503.09    1494.32 0.0000e+00
        517     11.000    15.1667    15.1692   3.928265   3.930267     2.1855      92.80     0.0833 5.1246e-02 1.9438e+00     21.499 287.274809    4.97585    31.5716    31.5875    23.2954    1503.39    1495.14 0.0000e+00
        538     12.000    15.0752    15.0829   3.935147   3.938118     2.1688      93.07     0.0690 5.1260e-02 1.9438e+00     22.395 287.274819    4.91971    31.7068    31.7272    23.4191    1503.27    1495.82 0.0000e+00
        560     13.000    14.9941    14.9928   3.931105   3.933459     2.1523      93.34     0.0583 5.1266e-02 1.9438e+00     23.292 287.274830    4.89367    31.7359    31.7581    23.4589    1503.06    1496.37 0.0000e+00
        581     14.000    14.6945    14.6870   3.921910   3.923936     2.1404      93.13     0.0534 5.1247e-02 1.9438e+00     24.185 287.274840    4.89955    31.8970    31.9215    23.6466    1502.30    1496.79 0.0000e+00
        603     15.000    14.4707    14.4633   3.911049   3.912344     2.1302      93.34     0.0496 5.1259e-02 1.9438e+00     25.082 287.274851    4.89328    31.9820    31.9999    23.7592    1501.70    1497.12 0.0000e+00
        625     16.000    14.2646    14.2612   3.896284   3.898184     2.1199      93.26     0.0477 5.1227e-02 -9.990e-29     25.984 287.274861    4.89062    32.0172    32.0374    23.8292    1501.09    1497.37 0.0000e+00
        646     17.000    14.1242    14.1186   3.891080   3.892845     2.1131      95.56     0.0497 5.1266e-02 -9.990e-29     26.883 287.274871    4.90113    32.0856    32.1065    23.9111    1500.73    1497.56 0.0000e+00
        668     18.000    14.0442    14.0452   3.892827   3.895296     2.1088      98.65     0.0510 5.1259e-02 -9.990e-29     27.785 287.274882    4.90936    32.1680    32.1899    23.9911    1500.58    1497.73 0.0000e+00
        689     19.000    14.0273    14.0260   3.895608   3.897554     2.1069      98.66     0.0519 5.1259e-02 -9.990e-29     28.679 287.274892    4.92457    32.2073    32.2264    24.0249    1500.59    1497.88 0.0000e+00
        711     20.000    13.8407    13.8395   3.883009   3.884939     2.1095      98.65     0.0529 5.1267e-02 -9.990e-29     29.574 287.274902    4.97603    32.2471    32.2659    24.0938    1500.04    1497.99 0.0000e+00
        733     21.000    13.7522    13.7519   3.882111   3.884135     2.1147      98.64     0.0529 5.1273e-02 -9.990e-29     30.482 287.274913    4.99710    32.3128    32.3319    24.1626    1499.84    1498.08 0.0000e+00
        754     22.000    13.6567    13.6580   3.880419   3.882533     2.1169      98.65     0.0521 5.1273e-02 -9.990e-29     31.374 287.274923    5.00240    32.3774    32.3959    24.2318    1499.62    1498.15 0.0000e+00
        776     23.000    13.6299    13.6288   3.878668   3.880546     2.1191      98.69     0.0530 5.1266e-02 -9.990e-29     32.275 287.274934    5.01947    32.3834    32.4018    24.2418    1499.56    1498.21 0.0000e+00
        797     24.000    13.5568    13.5555   3.876087   3.878079     2.1231      98.69     0.0522 5.1259e-02 1.9438e+00     33.178 287.274944    5.04129    32.4209    32.4406    24.2856    1499.38    1498.26 0.0000e+00
        819     25.000    13.4593    13.4582   3.874134   3.876088     2.1259      98.03     0.0539 5.1267e-02 1.9438e+00     34.072 287.274955    5.05222    32.4851    32.5043    24.3548    1499.15    1498.29 0.0000e+00
        840     26.000    13.4448    13.4443   3.874505   3.876590     2.1276      98.72     0.0530 5.1266e-02 1.9438e+00     34.977 287.274965    5.05036    32.5005    32.5205    24.3696    1499.13    1498.33 0.0000e+00
        862     27.000    13.4330    13.4329   3.875283   3.877341     2.1280      98.66     0.0513 5.1273e-02 1.9438e+00     35.881 287.274975    5.05565    32.5175    32.5368    24.3851    1499.13    1498.36 0.0000e+00
        884     28.000    13.3878    13.3873   3.874489   3.876590     2.1306      98.61     0.0518 5.1273e-02 1.9438e+00     36.783 287.274986    5.07727    32.5482    32.5683    24.4179    1499.03    1498.38 0.0000e+00
        905     29.000    13.3881    13.3880   3.876213   3.878348     2.1331      98.61     0.0527 5.1273e-02 1.9438e+00     37.685 287.274996    5.07680    32.5637    32.5838    24.4298    1499.07    1498.40 0.0000e+00
        927     30.000    13.3838    13.3836   3.876966   3.879062     2.1340      98.61     0.0536 5.1273e-02 -9.990e-29     38.583 287.275007    5.08055    32.5740    32.5938    24.4387    1499.08    1498.43 0.0000e+00
        949     31.000    13.3854    13.3855   3.879808   3.882063     2.1363      98.62     0.0582 5.1260e-02 -9.990e-29     39.482 287.275017    5.09247    32.5989    32.6199    24.4575    1499.13    1498.45 0.0000e+00
        970     32.000    13.3450    13.3449   3.880683   3.882981     2.1383      98.62     0.0567 5.1266e-02 -9.990e-29     40.385 287.275028    5.09146    32.6412    32.6629    24.4984    1499.07    1498.47 0.0000e+00
        992     33.000    13.4137    13.4110   3.893397   3.895324     2.1376      98.66     0.0537 5.1273e-02 1.9438e+00     41.274 287.275038    5.07236    32.7010    32.7214    24.5309    1499.38    1498.50 0.0000e+00
       1013     34.000    13.3700    13.3703   3.891020   3.893152     2.1372      98.72     0.0498 5.1273e-02 1.9438e+00     42.175 287.275048    5.07929    32.7159    32.7356    24.5511    1499.27    1498.52 0.0000e+00
       1035     35.000    13.3472    13.3476   3.890586   3.892685     2.1367      98.74     0.0480 5.1273e-02 1.9438e+00     43.068 287.275059    5.06873    32.7310    32.7503    24.5674    1499.23    1498.54 0.0000e+00
       1056     36.000    13.2034    13.2036   3.883585   3.885585     2.1337      98.78     0.0495 5.1273e-02 1.9438e+00     43.960 287.275069    5.07296    32.7886    32.8073    24.6406    1498.84    1498.55 0.0000e+00
       1078     37.000    13.1712    13.1731   3.882368   3.884765     2.1325      98.78     0.0531 5.1273e-02 1.9438e+00     44.861 287.275079    5.07327    32.8046    32.8255    24.6593    1498.76    1498.55 0.0000e+00
       1099     38.000    13.1779    13.1778   3.883775   3.885871     2.1298      98.78     0.0529 5.1273e-02 1.9438e+00     45.760 287.275090    5.07342    32.8116    32.8314    24.6635    1498.81    1498.56 0.0000e+00
       1121     39.000    13.1695    13.1691   3.884153   3.886269     2.1319      98.78     0.0514 5.1273e-02 -9.990e-29     46.654 287.275100    5.11184    32.8220    32.8423    24.6732    1498.81    1498.57 0.0000e+00
       1142     40.000    13.1242    13.1206   3.882762   3.884794     2.1372      98.78     0.0523 5.1260e-02 -9.990e-29     47.552 287.275111    5.12843    32.8477    32.8700    24.7020    1498.71    1498.57 0.0000e+00
       1164     41.000    13.0431    13.0425   3.876889   3.878796     2.1383      98.78     0.0549 5.1273e-02 -9.990e-29     48.448 287.275121    5.10958    32.8621    32.8806    24.7292    1498.47    1498.57 0.0000e+00
       1185     42.000    12.9306    12.9301   3.871362   3.873748     2.1346      98.78     0.0571 5.1273e-02 -9.990e-29     49.347 287.275131    5.09053    32.9071    32.9301    24.7861    1498.16    1498.56 0.0000e+00
       1207     43.000    12.9437    12.9428   3.880847   3.883065     2.1299      98.78     0.0575 5.1273e-02 1.9438e+00     50.257 287.275142    5.07487    32.9851    33.0069    24.8440    1498.32    1498.55 0.0000e+00
       1229     44.000    12.8898    12.8828   3.880161   3.881951     2.1272      98.77     0.0556 5.1273e-02 1.9438e+00     51.160 287.275152    5.09062    33.0252    33.0483    24.8856    1498.20    1498.54 0.0000e+00
       1251     45.000    12.8195    12.8177   3.877294   3.879332     2.1274      98.75     0.0538 5.1273e-02 1.9438e+00     52.069 287.275163    5.10049    33.0590    33.0800    24.9256    1498.02    1498.53 0.0000e+00
       1272     46.000    12.8025    12.8023   3.876883   3.878972     2.1258      98.77     0.0514 5.1273e-02 1.9438e+00     52.966 287.275173    5.09175    33.0696    33.0896    24.9371    1497.99    1498.52 0.0000e+00
       1293     47.000    12.7953    12.7950   3.876900   3.879036     2.1245      98.78     0.0545 5.1273e-02 1.9438e+00     53.853 287.275183    5.09487    33.0757    33.0962    24.9432    1497.99    1498.51 0.0000e+00
       1315     48.000    12.7878    12.7876   3.876988   3.879113     2.1241      98.78     0.0531 5.1273e-02 1.9438e+00     54.749 287.275194    5.09053    33.0827    33.1030    24.9501    1497.99    1498.50 0.0000e+00
       1336     49.000    12.7594    12.7584   3.876343   3.878410     2.1220      98.78     0.0514 5.1260e-02 1.9438e+00     55.643 287.275204    5.08299    33.1010    33.1215    24.9698    1497.93    1498.49 0.0000e+00
       1358     50.000    12.6456    12.6433   3.871425   3.873345     2.1206      98.78     0.0522 5.1259e-02 1.9438e+00     56.539 287.275215    5.09722    33.1537    33.1740    25.0327    1497.63    1498.47 0.0000e+00
       1380     51.000    12.5232    12.5213   3.864203   3.866114     2.1200      98.78     0.0530 5.1260e-02 1.9438e+00     57.438 287.275225    5.10024    33.1921    33.2121    25.0862    1497.28    1498.45 0.0000e+00
       1401     52.000    12.4424    12.4407   3.859936   3.861884     2.1169      98.78     0.0557 5.1273e-02 1.9438e+00     58.333 287.275235    5.09354    33.2222    33.2424    25.1251    1497.06    1498.42 0.0000e+00
       1423     53.000    12.3238    12.3223   3.856045   3.857900     2.1147      98.78     0.0575 5.1253e-02 -9.990e-29     59.240 287.275246    5.10568    33.2895    33.3087    25.2000    1496.75    1498.39 0.0000e+00
       1444     54.000    12.0991    12.0974   3.845900   3.847724     2.1132      98.78     0.0560 5.1273e-02 -9.990e-29     60.141 287.275256    5.11565    33.3914    33.4106    25.3217    1496.12    1498.35 0.0000e+00
       1466     55.000    12.0588    12.0577   3.843717   3.845699     2.1093      98.78     0.0558 5.1273e-02 -9.990e-29     61.031 287.275267    5.09826    33.4059    33.4261    25.3406    1496.02    1498.30 0.0000e+00
       1487     56.000    12.0421    12.0422   3.842989   3.845061     2.1056      98.78     0.0591 5.1273e-02 -9.990e-29     61.931 287.275277    5.10244    33.4134    33.4334    25.3496    1495.99    1498.26 0.0000e+00
       1509     57.000    12.0250    12.0242   3.842278   3.844319     2.1052      98.78     0.0589 5.1266e-02 1.9438e+00     62.838 287.275287    5.11584    33.4214    33.4419    25.3590    1495.95    1498.22 0.0000e+00
       1531     58.000    11.8723    11.8684   3.834159   3.835838     2.1046      98.79     0.0574 5.1273e-02 1.9438e+00     63.739 287.275298    5.12315    33.4792    33.4990    25.4325    1495.52    1498.18 0.0000e+00
       1552     59.000    11.6603    11.6589   3.822776   3.824564     2.1026      98.78     0.0510 5.1273e-02 1.9438e+00     64.641 287.275308    5.12465    33.5589    33.5777    25.5339    1494.90    1498.12 0.0000e+00
       1574     60.000    11.5328    11.5304   3.814624   3.816377     2.0984      98.78     0.0496 5.1280e-02 1.9438e+00     65.535 287.275319    5.12223    33.5941    33.6135    25.5848    1494.52    1498.06 0.0000e+00
       1595     61.000    11.3466    11.3448   3.803735   3.805390     2.0958      98.78     0.0511 5.1273e-02 1.9438e+00     66.434 287.275329    5.14272    33.6559    33.6739    25.6669    1493.96    1497.99 0.0000e+00
       1617     62.000    11.0260    11.0216   3.785294   3.786736     2.0938      98.78     0.0463 5.1266e-02 -9.990e-29     67.326 287.275339    5.16043    33.7665    33.7849    25.8108    1492.99    1497.91 0.0000e+00
       1638     63.000    10.8420    10.8384   3.774328   3.775852     2.0887      98.78     0.0440 5.1266e-02 -9.990e-29     68.217 287.275350    5.13440    33.8264    33.8449    25.8902    1492.43    1497.82 0.0000e+00
       1660     64.000    10.6317    10.6297   3.761828   3.763465     2.0794      81.53     0.0429 5.1266e-02 -9.990e-29     69.122 287.275360    5.11602    33.8956    33.9139    25.9812    1491.79    1497.73 0.0000e+00
       1681     65.000    10.4876    10.4870   3.753316   3.755071     2.0723      91.21     0.0415 5.1253e-02 -9.990e-29     70.020 287.275371    5.12172    33.9436    33.9619    26.0439    1491.35    1497.63 0.0000e+00
       1703     66.000    10.3667    10.3676   3.746104   3.747908     2.0656      98.75     0.0367 5.1273e-02 1.9438e+00     70.913 287.275381    5.11504    33.9833    34.0007    26.0958    1490.98    1497.53 0.0000e+00
       1724     67.000    10.1789    10.1791   3.735798   3.737619     2.0595      69.67     0.0337 5.1260e-02 1.9438e+00     71.809 287.275391    5.11273    34.0545    34.0728    26.1836    1490.42    1497.42 0.0000e+00
       1746     68.000    10.0986    10.0956   3.731429   3.733116     2.0524      62.18     0.0385 5.1252e-02 1.9438e+00     72.701 287.275402    5.09551    34.0852    34.1052    26.2213    1490.18    1497.32 0.0000e+00
       1767     69.000     9.9365     9.9364   3.722492   3.724218     2.0460      97.74     0.0404 5.1273e-02 1.9438e+00     73.599 287.275412    5.09156    34.1467    34.1644    26.2967    1489.69    1497.20 0.0000e+00
       1789     70.000     9.8027     9.8020   3.714934   3.716810     2.0385      97.68     0.0373 5.1266e-02 1.9438e+00     74.497 287.275422    5.06251    34.1957    34.2156    26.3575    1489.28    1497.09 0.0000e+00
       1810     71.000     9.7526     9.7514   3.712175   3.714041     2.0282      70.34     0.0355 5.1247e-02 1.9438e+00     75.395 287.275433    5.01966    34.2145    34.2348    26.3806    1489.14    1496.98 0.0000e+00
       1832     72.000     9.6957     9.6956   3.709128   3.711036     2.0169      69.30     0.0352 5.1247e-02 -9.990e-29     76.300 287.275443    4.98934    34.2369    34.2566    26.4076    1488.98    1496.87 0.0000e+00
       1854     73.000     9.6394     9.6370   3.706138   3.707911     2.0077      57.49     0.0349 5.1259e-02 -9.990e-29     77.202 287.275454    4.97786    34.2593    34.2798    26.4345    1488.82    1496.76 0.0000e+00
       1875     74.000     9.5222     9.5173   3.699463   3.701067     1.9987      56.47     0.0385 5.1260e-02 -9.990e-29     78.103 287.275464    4.96404    34.3020    34.3232    26.4872    1488.46    1496.64 0.0000e+00
       1897     75.000     9.4259     9.4246   3.694131   3.695976     1.9909      80.33     0.0409 5.1260e-02 1.9438e+00     79.008 287.275475    4.94426    34.3386    34.3590    26.5317    1488.17    1496.53 0.0000e+00
