testdata/CTD/sta0411.cnv
* Sea-Bird SBE 9 Data File:
* FileName = C:\Seabird\CTDData\sta0411.hex
* Software Version Seasave V 7.21f
* Temperature SN = 4557
* Conductivity SN = 1337
* Number of Bytes Per Scan = 40
* Number of Voltage Words = 5
* Number of Scans Averaged by the Deck Unit = 1
* NMEA Latitude = 60 52.31 N
* NMEA Longitude = 005 23.87 E
* NMEA UTC (Time) = Oct 14 2018 09:21:36
* NMEA baud rate = 4800
** Ship: 10 F/F "G. O. Sars"
** Station: 0411
** Echodepth: 463
** Log: 5343.77
** Wind-Dir Force: 42 16
** Air-temp (dry): 16.5
** Weather Sky: 5 8
** Sea Ice: 3 0
# nquan = 20                                
# nvalues = 457                         
# units = specified
# name 0 = scan: Scan Count
# name 1 = prDM: Pressure, Digiquartz [db]
# name 2 = t068C: Temperature [ITS-68, deg C]
# name 3 = t168C: Temperature, 2 [ITS-68, deg C]
# name 4 = c0S/m: Conductivity [S/m]
# name 5 = c1S/m: Conductivity, 2 [S/m]
# name 6 = sbeox0V: Oxygen raw, SBE 43 [V]
# name 7 = altM: Altimeter [m]
# name 8 = flC: Fluorescence, Chelsea Aqua 3 Chl Con [ug/l]
# name 9 = par: PAR/Irradiance, Biospherical/Licor
# name 10 = spar: SPAR/Surface Irradiance
# name 11 = timeS: Time, Elapsed [seconds]
# name 12 = timeJ: Julian Days
# name 13 = sbeox0ML/L: Oxygen, SBE 43 [ml/l], WS = 2
# name 14 = sal00: Salinity, Practical [PSU]
# name 15 = sal11: Salinity, Practical, 2 [PSU]
# name 16 = sigma-t00: Density [sigma-t, Kg/m^3 ]
# name 17 = svCM: Sound Velocity [Chen-Millero, m/s]
# name 18 = avgsvCM: Average Sound Velocity [Chen-Millero, m/s], minP = 1, minS = 5
# name 19 = flag: flag
# span 0 =        468,      10221       
# span 1 =      4.000,    460.000       
# span 2 =     8.0863,    16.0253       
# span 3 =     8.0859,    16.0152       
# span 4 =   2.980746,   3.988868       
# span 5 =   3.001387,   3.990973       
# span 6 =     0.8947,     2.2146       
# span 7 =      13.07,      98.78       
# span 8 =     0.0205,     0.1406       
# span 9 = 5.1240e-02, 1.4926e+00       
# span 10 = 1.9635e+01, 3.5044e+01      
# span 11 =     19.453,    425.821      
# span 12 = 287.390248, 287.394951      
# span 13 =    1.36358,    5.42632      
# span 14 =    23.8882,    35.0217      
# span 15 =    24.0271,    35.0445      
# span 16 =    17.5965,    27.2603      
# span 17 =    1485.07,    1505.76      
# span 18 =    1488.78,    1500.65      
# span 19 = 0.0000e+00, 0.0000e+00      
# interval = decibars: 1                
# start_time = Oct 14 2018 09:21:38 [System UTC, header]
# bad_flag = -9.990e-29
*END*
        468      4.000    14.1221    14.3411   2.980746   3.115774     2.2048      98.78     0.1364 1.4926e+00 3.1101e+01     19.453 287.390248    5.42632    23.8882    24.9433    17.5965    1490.93    1490.93 0.0000e+00
        506      5.000    14.3078    14.1917   3.070464   3.001387     2.1930      98.73     0.1399 9.6214e-01 3.1101e+01     21.035 287.390267    5.38552    24.5640    24.0271    18.0806    1492.35    1491.21 0.0000e+00
        531      6.000    14.9833    15.0322   3.502582   3.540563     2.1965      98.69     0.1406 6.1457e-01 2.8683e+01     22.092 287.390279    5.25698    27.9259    28.2265    20.5301    1498.49    1492.42 0.0000e+00
        554      7.000    15.3600    15.4663   3.694574   3.751829     2.2021      98.67     0.1363 4.0243e-01 3.1000e+01     23.056 287.390290    5.20980    29.3461    29.7714    21.5426    1501.36    1493.69 0.0000e+00
        578      8.000    15.9322    15.8703   3.937127   3.928449     2.2146      98.67     0.1211 2.9438e-01 3.1101e+01     24.041 287.390301    5.11464    31.0434    31.0156    22.7224    1505.14    1495.11 0.0000e+00
        599      9.000    16.0253    16.0152   3.963809   3.965148     2.2124      98.68     0.0971 2.3085e-01 3.1101e+01     24.932 287.390312    5.03542    31.2041    31.2238    22.8252    1505.63    1496.27 0.0000e+00
        620     10.000    15.9758    15.9648   3.968976   3.970186     2.2041      98.68     0.0765 1.9221e-01 3.1101e+01     25.778 287.390322    4.97109    31.2881    31.3074    22.9006    1505.59    1497.20 0.0000e+00
        641     11.000    15.9785    15.9798   3.984341   3.987093     2.1860      98.68     0.0629 1.6007e-01 3.1101e+01     26.651 287.390332    4.87997    31.4205    31.4437    23.0018    1505.76    1497.97 0.0000e+00
        663     12.000    15.8281    15.8314   3.982685   3.985939     2.1657      98.70     0.0564 1.3662e-01 3.1101e+01     27.566 287.390342    4.84293    31.5250    31.5511    23.1154    1505.43    1498.59 0.0000e+00
        684     13.000    15.5857    15.5762   3.980484   3.981382     2.1503      98.70     0.0530 1.2052e-01 3.1101e+01     28.476 287.390353    4.83690    31.6991    31.7147    23.3025    1504.89    1499.07 0.0000e+00
        706     14.000    15.5335    15.5159   3.988868   3.990973     2.1390      98.72     0.0516 1.0299e-01 3.1101e+01     29.370 287.390363    4.82530    31.8153    31.8482    23.4033    1504.88    1499.49 0.0000e+00
        727     15.000    15.3011    15.2982   3.981171   3.982999     2.1311      98.73     0.0462 8.8446e-02 3.1101e+01     30.268 287.390373    4.84119    31.9346    31.9533    23.5457    1504.30    1499.81 0.0000e+00
        749     16.000    15.0275    15.0247   3.966158   3.968160     2.1266      98.75     0.0441 7.8975e-02 3.1101e+01     31.162 287.390384    4.86866    32.0229    32.0432    23.6727    1503.55    1500.04 0.0000e+00
        770     17.000    14.9408    14.9370   3.963612   3.965542     2.1248      98.75     0.0452 7.1567e-02 3.0914e+01     32.052 287.390394    4.88662    32.0707    32.0912    23.7281    1503.35    1500.23 0.0000e+00
        792     18.000    14.6835    14.6758   3.946632   3.947924     2.1260      98.76     0.0454 6.2287e-02 3.0306e+01     32.947 287.390405    4.94308    32.1286    32.1467    23.8274    1502.61    1500.37 0.0000e+00
        813     19.000    14.5477    14.5447   3.938329   3.940274     2.1332      98.78     0.0462 5.1826e-02 2.9891e+01     33.839 287.390415    4.98449    32.1652    32.1854    23.8842    1502.23    1500.46 0.0000e+00
        835     20.000    14.4812    14.4783   3.939767   3.941627     2.1359      98.78     0.0430 5.1265e-02 3.0478e+01     34.732 287.390425    4.97592    32.2331    32.2525    23.9506    1502.11    1500.55 0.0000e+00
        856     21.000    14.2894    14.2875   3.927894   3.929720     2.1366      98.78     0.0421 5.1259e-02 2.9619e+01     35.626 287.390435    4.98593    32.2840    32.3023    24.0299    1501.56    1500.59 0.0000e+00
        877     22.000    14.1744    14.1730   3.926631   3.928716     2.1354      98.78     0.0392 5.1273e-02 2.9249e+01     36.513 287.390446    4.98037    32.3683    32.3886    24.1188    1501.31    1500.63 0.0000e+00
        899     23.000    14.0440    14.0404   3.921090   3.922778     2.1326      98.78     0.0403 5.1273e-02 2.9157e+01     37.412 287.390456    4.98296    32.4265    32.4451    24.1907    1500.97    1500.64 0.0000e+00
        921     24.000    13.9321    13.9308   3.917902   3.920092     2.1310      98.78     0.0407 5.1280e-02 2.9157e+01     38.316 287.390467    4.99917    32.4911    32.5125    24.2636    1500.69    1500.64 0.0000e+00
        942     25.000    13.9314    13.9308   3.922655   3.924697     2.1316      98.78     0.0416 5.1273e-02 2.9157e+01     39.205 287.390477    5.00982    32.5353    32.5547    24.2978    1500.76    1500.65 0.0000e+00
        964     26.000    13.8925    13.8917   3.921656   3.923721     2.1329      98.78     0.0396 5.1273e-02 2.9157e+01     40.106 287.390487    5.02673    32.5586    32.5784    24.3238    1500.68    1500.65 0.0000e+00
        985     27.000    13.8398    13.8387   3.920069   3.922061     2.1366      98.78     0.0397 5.1273e-02 2.9157e+01     41.012 287.390498    5.05505    32.5882    32.6076    24.3574    1500.55    1500.65 0.0000e+00
       1007     28.000    13.7536    13.7510   3.916868   3.918793     2.1412      98.78     0.0379 5.1266e-02 2.5385e+01     41.899 287.390508    5.07570    32.6314    32.6515    24.4084    1500.34    1500.63 0.0000e+00
       1028     29.000    13.5815    13.5798   3.908960   3.910859     2.1444      98.78     0.0384 5.1266e-02 2.8890e+01     42.799 287.390518    5.09391    32.7043    32.7234    24.4996    1499.87    1500.61 0.0000e+00
       1050     30.000    13.4770    13.4732   3.901793   3.903280     2.1461      98.78     0.0421 5.1273e-02 2.9154e+01     43.694 287.390529    5.09380    32.7265    32.7436    24.5378    1499.57    1500.57 0.0000e+00
       1071     31.000    13.3782    13.3789   3.894513   3.896833     2.1447      98.78     0.0416 5.1267e-02 2.9157e+01     44.594 287.390539    5.08808    32.7427    32.7639    24.5703    1499.28    1500.53 0.0000e+00
       1093     32.000    13.4298    13.4287   3.903336   3.905331     2.1423      98.78     0.0416 5.1273e-02 2.9157e+01     45.498 287.390550    5.07671    32.7806    32.8002    24.5892    1499.51    1500.50 0.0000e+00
       1114     33.000    13.3924    13.3918   3.901017   3.902924     2.1418      98.78     0.0401 5.1273e-02 2.9157e+01     46.394 287.390560    5.09236    32.7907    32.8090    24.6045    1499.42    1500.47 0.0000e+00
       1136     34.000    13.2771    13.2767   3.890303   3.892227     2.1431      98.78     0.0383 5.1273e-02 2.9157e+01     47.296 287.390571    5.12044    32.7890    32.8075    24.6263    1499.05    1500.43 0.0000e+00
       1158     35.000    13.2180    13.2169   3.886300   3.888286     2.1460      98.78     0.0427 5.1273e-02 2.9157e+01     48.196 287.390581    5.14203    32.8020    32.8216    24.6480    1498.88    1500.38 0.0000e+00
       1179     36.000    13.1906    13.1896   3.885779   3.887850     2.1488      98.78     0.0474 5.1273e-02 2.9157e+01     49.085 287.390591    5.14184    32.8203    32.8407    24.6677    1498.83    1500.34 0.0000e+00
       1201     37.000    13.1468    13.1463   3.885417   3.887636     2.1481      98.78     0.0474 5.1273e-02 2.9156e+01     49.984 287.390602    5.12117    32.8544    32.8757    24.7027    1498.74    1500.30 0.0000e+00
       1222     38.000    13.1419    13.1414   3.888158   3.890289     2.1444      98.78     0.0485 5.1273e-02 2.8209e+01     50.870 287.390612    5.09755    32.8840    32.9046    24.7266    1498.78    1500.26 0.0000e+00
       1243     39.000    13.0970    13.0968   3.888500   3.890638     2.1400      98.78     0.0480 5.1253e-02 2.4864e+01     51.767 287.390622    5.09190    32.9258    32.9461    24.7678    1498.69    1500.22 0.0000e+00
       1265     40.000    13.0527    13.0521   3.888103   3.890232     2.1375      98.76     0.0460 5.1266e-02 2.7106e+01     52.667 287.390633    5.10194    32.9601    32.9807    24.8032    1498.60    1500.17 0.0000e+00
       1286     41.000    12.9958    12.9946   3.886208   3.888238     2.1367      98.72     0.0434 5.1266e-02 2.7212e+01     53.556 287.390643    5.10871    32.9913    33.0115    24.8385    1498.47    1500.13 0.0000e+00
       1308     42.000    12.9447    12.9437   3.885031   3.887146     2.1357      98.55     0.0442 5.1266e-02 2.7213e+01     54.451 287.390653    5.11045    33.0243    33.0452    24.8741    1498.35    1500.09 0.0000e+00
       1329     43.000    12.8920    12.8903   3.882946   3.884919     2.1345      98.72     0.0431 5.1273e-02 2.7213e+01     55.352 287.390664    5.10079    33.0501    33.0703    24.9045    1498.22    1500.05 0.0000e+00
       1351     44.000    12.7981    12.7966   3.876816   3.878812     2.1305      98.75     0.0428 5.1273e-02 2.7213e+01     56.247 287.390674    5.09284    33.0736    33.0939    24.9411    1497.95    1500.00 0.0000e+00
       1373     45.000    12.7602    12.7593   3.876725   3.878846     2.1275      98.78     0.0443 5.1266e-02 2.7213e+01     57.146 287.390685    5.09795    33.1056    33.1265    24.9732    1497.88    1499.95 0.0000e+00
       1394     46.000    12.7181    12.7165   3.875150   3.877162     2.1269      98.78     0.0452 5.1273e-02 2.7213e+01     58.048 287.390695    5.10956    33.1271    33.1477    24.9981    1497.78    1499.90 0.0000e+00
       1416     47.000    12.6237    12.6219   3.870337   3.872293     2.1260      98.78     0.0442 5.1280e-02 2.7213e+01     58.945 287.390705    5.11401    33.1638    33.1841    25.0448    1497.52    1499.85 0.0000e+00
       1437     48.000    12.5555    12.5541   3.867257   3.869270     2.1255      98.78     0.0441 5.1266e-02 2.7213e+01     59.838 287.390716    5.12948    33.1941    33.2146    25.0815    1497.34    1499.80 0.0000e+00
       1459     49.000    12.4796    12.4786   3.863635   3.865675     2.1268      98.78     0.0464 5.1273e-02 2.7213e+01     60.735 287.390726    5.14242    33.2260    33.2464    25.1209    1497.14    1499.75 0.0000e+00
       1480     50.000    12.4486    12.4479   3.862061   3.864114     2.1268      98.78     0.0493 5.1273e-02 2.7213e+01     61.633 287.390736    5.13898    33.2379    33.2582    25.1361    1497.06    1499.69 0.0000e+00
       1502     51.000    12.4001    12.3986   3.860270   3.862307     2.1260      98.78     0.0525 5.1266e-02 2.7212e+01     62.533 287.390747    5.13925    33.2633    33.2842    25.1650    1496.95    1499.64 0.0000e+00
       1523     52.000    12.3221    12.3212   3.856735   3.858748     2.1254      98.78     0.0521 5.1273e-02 2.3116e+01     63.428 287.390757    5.14138    33.2981    33.3182    25.2070    1496.74    1499.58 0.0000e+00
       1545     53.000    12.2250    12.2241   3.850785   3.852880     2.1234      98.78     0.0509 5.1273e-02 2.5689e+01     64.326 287.390768    5.13850    33.3267    33.3477    25.2477    1496.46    1499.52 0.0000e+00
       1566     54.000    12.1166    12.1131   3.843775   3.845482     2.1206      98.78     0.0494 5.1273e-02 2.5271e+01     65.226 287.390778    5.13564    33.3552    33.3749    25.2904    1496.14    1499.46 0.0000e+00
       1588     55.000    11.9203    11.9174   3.826619   3.828535     2.1173      98.78     0.0462 5.1273e-02 2.5269e+01     66.119 287.390788    5.14542    33.3640    33.3852    25.3341    1495.49    1499.39 0.0000e+00
       1609     56.000    11.8375    11.8346   3.829679   3.831719     2.1137      98.78     0.0425 5.1273e-02 2.5269e+01     67.018 287.390799    5.14146    33.4677    33.4902    25.4301    1495.35    1499.32 0.0000e+00
       1631     57.000    11.7179    11.7134   3.823910   3.825586     2.1116      98.78     0.0451 5.1273e-02 2.5269e+01     67.903 287.390809    5.18000    33.5188    33.5392    25.4920    1495.02    1499.24 0.0000e+00
       1652     58.000    11.4659    11.4601   3.808032   3.809537     2.1160      98.78     0.0477 5.1273e-02 2.5269e+01     68.795 287.390819    5.23109    33.5910    33.6110    25.5946    1494.25    1499.16 0.0000e+00
       1674     59.000    11.3026    11.3000   3.799195   3.800897     2.1159      98.78     0.0454 5.1273e-02 2.5269e+01     69.700 287.390830    5.20512    33.6522    33.6713    25.6719    1493.77    1499.06 0.0000e+00
       1695     60.000    11.2453    11.2437   3.794678   3.796414     2.1103      98.78     0.0448 5.1273e-02 2.5269e+01     70.597 287.390840    5.18245    33.6594    33.6780    25.6880    1493.59    1498.97 0.0000e+00
       1717     61.000    11.1155    11.1134   3.783155   3.784830     2.1065      98.78     0.0450 5.1273e-02 2.5269e+01     71.495 287.390851    5.19483    33.6636    33.6821    25.7147    1493.16    1498.88 0.0000e+00
       1739     62.000    10.9084    10.8993   3.771213   3.772302     2.1033      98.78     0.0435 5.1273e-02 2.5269e+01     72.396 287.390861    5.20394    33.7345    33.7538    25.8069    1492.54    1498.77 0.0000e+00
       1760     63.000    10.7239    10.7209   3.759005   3.760665     2.0989      98.78     0.0403 5.1273e-02 2.2724e+01     73.287 287.390871    5.21434    33.7823    33.8017    25.8768    1491.96    1498.66 0.0000e+00
       1782     64.000    10.5225    10.5166   3.743768   3.745117     2.0970      98.78     0.0384 5.1266e-02 2.5277e+01     74.190 287.390882    5.24649    33.8155    33.8345    25.9379    1491.30    1498.55 0.0000e+00
       1803     65.000    10.3704    10.3683   3.737862   3.739784     2.0964      98.78     0.0413 5.1266e-02 2.5269e+01     75.088 287.390892    5.26146    33.8970    33.9184    26.0278    1490.88    1498.43 0.0000e+00
       1825     66.000    10.2149    10.2111   3.730761   3.732122     2.0945      98.78     0.0373 5.1273e-02 2.5269e+01     75.982 287.390903    5.27113    33.9701    33.9874    26.1116    1490.43    1498.31 0.0000e+00
       1846     67.000    10.0056    10.0021   3.715727   3.717351     2.0940      98.78     0.0381 5.1266e-02 2.5269e+01     76.881 287.390913    5.29395    34.0133    34.0332    26.1809    1489.74    1498.18 0.0000e+00
       1868     68.000     9.7461     9.7411   3.702636   3.704057     2.0914      98.78     0.0395 5.1273e-02 2.5269e+01     77.772 287.390923    5.28013    34.1241    34.1435    26.3111    1488.96    1498.04 0.0000e+00
       1889     69.000     9.5305     9.5268   3.692591   3.694162     2.0835      98.78     0.0415 5.1273e-02 2.5269e+01     78.663 287.390934    5.23920    34.2254    34.2451    26.4260    1488.32    1497.90 0.0000e+00
       1911     70.000     9.4638     9.4623   3.689268   3.691198     2.0722      98.78     0.0418 5.1266e-02 2.5180e+01     79.566 287.390944    5.18727    34.2543    34.2757    26.4596    1488.13    1497.76 0.0000e+00
       1932     71.000     9.3713     9.3684   3.687731   3.689471     2.0589      98.78     0.0415 5.1266e-02 2.5007e+01     80.466 287.390954    5.12667    34.3266    34.3474    26.5312    1487.89    1497.62 0.0000e+00
       1954     72.000     9.2722     9.2703   3.683064   3.684861     2.0419      98.78     0.0380 5.1273e-02 2.4621e+01     81.364 287.390965    5.05001    34.3729    34.3934    26.5836    1487.60    1497.48 0.0000e+00
       1975     73.000     9.1681     9.1653   3.677021   3.678762     2.0223      98.78     0.0342 5.1273e-02 1.9756e+01     82.260 287.390975    4.97815    34.4099    34.4308    26.6294    1487.28    1497.34 0.0000e+00
       1997     74.000     9.0602     9.0584   3.671397   3.673212     2.0016      98.78     0.0347 5.1273e-02 2.3747e+01     83.153 287.390986    4.90428    34.4551    34.4758    26.6821    1486.96    1497.20 0.0000e+00
       2018     75.000     9.0025     9.0010   3.668782   3.670678     1.9788      98.78     0.0387 5.1273e-02 -9.990e-29     84.057 287.390996    4.82631    34.4832    34.5045    26.7133    1486.80    1497.06 0.0000e+00
