testdata/CTD/sta0425.cnv
* Sea-Bird SBE 9 Data File:
* FileName = C:\Seabird\CTDData\sta0425.hex
* Software Version Seasave V 7.21f
* Temperature SN = 4557
* Conductivity SN = 1337
* Number of Bytes Per Scan = 40
* Number of Voltage Words = 5
* Number of Scans Averaged by the Deck Unit = 1
* NMEA Latitude = 61 27.01 N
* NMEA Longitude = 005 29.10 E
* NMEA UTC (Time) = Oct 19 2018 22:55:48
* NMEA baud rate = 4800
** Ship: 10 F/F "G. O. Sars"
** Station: 0425
** Echodepth: 410
** Log: 5692.426
** Wind-Dir Force: 10 06
** Air-temp (dry): 7.9
** Weather Sky: 0 0
** Sea Ice: 0 0
# nquan = 20                                
# nvalues = 399                         
# units = specified
# name 0 = scan: Scan Count
# name 1 = prDM: Pressure, Digiquartz [db]
# name 2 = t068C: Temperature [ITS-68, deg C]
# name 3 = t168C: Temperature, 2 [ITS-68, deg C]
# name 4 = c0S/m: Conductivity [S/m]
# name 5 = c1S/m: Conductivity, 2 [S/m]
# name 6 = sbeox0V: Oxygen raw, SBE 43 [V]
# name 7 = altM: Altimeter [m]
# name 8 = flC: Fluorescence, Chelsea Aqua 3 Chl Con [ug/l]
# name 9 = par: PAR/Irradiance, Biospherical/Licor
# name 10 = spar: SPAR/Surface Irradiance
# name 11 = timeS: Time, Elapsed [seconds]
# name 12 = timeJ: Julian Days
# name 13 = sbeox0ML/L: Oxygen, SBE 43 [ml/l], WS = 2
# name 14 = sal00: Salinity, Practical [PSU]
# name 15 = sal11: Salinity, Practical, 2 [PSU]
# name 16 = sigma-t00: Density [sigma-t, Kg/m^3 ]
# name 17 = svCM: Sound Velocity [Chen-Millero, m/s]
# name 18 = avgsvCM: Average Sound Velocity [Chen-Millero, m/s], minP = 1, minS = 5
# name 19 = flag: flag
# span 0 =        649,       9179       
# span 1 =      2.000,    400.000       
# span 2 =     8.0600,    14.3957       
# span 3 =     8.0599,    14.3977       
# span 4 =   1.006264,   3.854981       
# span 5 =   1.073381,   3.856815       
# span 6 =     1.5163,     2.4249       
# span 7 =      17.61,      99.55       
# span 8 =     0.0221,     0.2152       
# span 9 = 5.1239e-02, 1.1028e+00       
# span 10 = 1.9438e+00, 1.9438e+00      
# span 11 =     27.015,    382.424      
# span 12 = 292.955764, 292.959878      
# span 13 =    3.47337,    7.25872      
# span 14 =     8.2540,    34.7788      
# span 15 =     8.8262,    34.7992      
# span 16 =     6.1804,    27.0906      
# span 17 =    1456.13,    1500.67      
# span 18 =    1456.13,    1495.71      
# span 19 = 0.0000e+00, 0.0000e+00      
# interval = decibars: 1                
# start_time = Oct 19 2018 22:55:51 [System UTC, header]
# bad_flag = -9.990e-29
*END*
[from data line 73]
       2232     75.000     8.6516     8.6493   3.637280   3.638741     1.7449      98.80     0.0366 5.1273e-02 1.9438e+00     92.946 292.956527    3.99884    34.4934    34.5110    26.7768    1485.51    1494.50 0.0000e+00
       2253     76.000     8.5698     8.5688   3.632467   3.634015     1.7162      98.80     0.0356 5.1273e-02 1.9438e+00     93.843 292.956537    3.90382    34.5219    34.5393    26.8119    1485.26    1494.38 0.0000e+00
       2275     77.000     8.5118     8.5116   3.629420   3.631069     1.6884      98.80     0.0372 5.1266e-02 1.9438e+00     94.741 292.956548    3.83303    34.5459    34.5636    26.8397    1485.09    1494.26 0.0000e+00
       2296     78.000     8.4770     8.4768   3.627518   3.629182     1.6640      98.80     0.0373 5.1266e-02 1.9438e+00     95.638 292.956558    3.78304    34.5594    34.5772    26.8557    1484.99    1494.14 0.0000e+00
       2318     79.000     8.4213     8.4199   3.624461   3.626113     1.6436      98.80     0.0405 5.1273e-02 -9.990e-29     96.533 292.956569    3.75169    34.5811    34.6000    26.8813    1484.83    1494.02 0.0000e+00
       2339     80.000     8.3674     8.3658   3.620996   3.622657     1.6265      98.80     0.0415 5.1266e-02 -9.990e-29     97.431 292.956579    3.72157    34.5968    34.6160    26.9018    1484.66    1493.90 0.0000e+00
       2361     81.000     8.3363     8.3341   3.619502   3.621148     1.6117      98.80     0.0399 5.1273e-02 -9.990e-29     98.328 292.956589    3.68537    34.6110    34.6307    26.9177    1484.58    1493.79 0.0000e+00
       2382     82.000     8.2867     8.2853   3.616890   3.618626     1.5976      98.80     0.0374 5.1273e-02 -9.990e-29     99.223 292.956600    3.64752    34.6315    34.6514    26.9414    1484.44    1493.67 0.0000e+00
       2404     83.000     8.2718     8.2712   3.616512   3.618327     1.5840      98.80     0.0381 5.1266e-02 1.9438e+00    100.126 292.956610    3.60034    34.6417    34.6616    26.9517    1484.41    1493.56 0.0000e+00
       2426     84.000     8.2626     8.2617   3.616216   3.618031     1.5700      98.80     0.0354 5.1280e-02 1.9438e+00    101.023 292.956621    3.55916    34.6471    34.6674    26.9574    1484.40    1493.45 0.0000e+00
       2447     85.000     8.2580     8.2578   3.616105   3.617962     1.5581      98.80     0.0325 5.1273e-02 1.9438e+00    101.916 292.956631    3.53220    34.6500    34.6700    26.9603    1484.40    1493.34 0.0000e+00
       2468     86.000     8.2402     8.2393   3.615338   3.617165     1.5470      98.80     0.0349 5.1266e-02 1.9438e+00    102.811 292.956641    3.50939    34.6589    34.6793    26.9700    1484.36    1493.24 0.0000e+00
       2490     87.000     8.2211     8.2206   3.614808   3.616696     1.5382      98.80     0.0354 5.1259e-02 1.9438e+00    103.702 292.956652    3.49922    34.6716    34.6923    26.9829    1484.32    1493.13 0.0000e+00
       2511     88.000     8.2193     8.2188   3.614958   3.616854     1.5311      98.80     0.0369 5.1273e-02 1.9438e+00    104.596 292.956662    3.48651    34.6745    34.6952    26.9854    1484.34    1493.03 0.0000e+00
       2533     89.000     8.2157     8.2150   3.614855   3.616754     1.5248      98.78     0.0362 5.1266e-02 1.9438e+00    105.491 292.956672    3.47337    34.6765    34.6974    26.9875    1484.34    1492.94 0.0000e+00
       2554     90.000     8.2102     8.2096   3.614778   3.616696     1.5196      87.76     0.0365 5.1259e-02 1.9438e+00    106.379 292.956683    3.48059    34.6806    34.7017    26.9916    1484.34    1492.84 0.0000e+00
       2575     91.000     8.1981     8.1973   3.614282   3.616182     1.5186      93.60     0.0389 5.1266e-02 1.9438e+00    107.262 292.956693    3.49822    34.6868    34.7079    26.9983    1484.32    1492.75 0.0000e+00
       2596     92.000     8.1835     8.1826   3.613720   3.615620     1.5174      98.76     0.0369 5.1266e-02 1.9438e+00    108.143 292.956703    3.49600    34.6947    34.7159    27.0067    1484.29    1492.65 0.0000e+00
       2618     93.000     8.1761     8.1755   3.613429   3.615364     1.5166      95.82     0.0367 5.1273e-02 -9.990e-29    109.025 292.956713    3.49788    34.6984    34.7197    27.0108    1484.29    1492.56 0.0000e+00
       2639     94.000     8.1709     8.1701   3.613271   3.615198     1.5164      93.76     0.0368 5.1253e-02 -9.990e-29    109.914 292.956724    3.50107    34.7014    34.7228    27.0139    1484.29    1492.47 0.0000e+00
       2660     95.000     8.1647     8.1641   3.613119   3.615056     1.5163      98.77     0.0357 5.1259e-02 -9.990e-29    110.793 292.956734    3.50905    34.7054    34.7267    27.0180    1484.28    1492.39 0.0000e+00
       2681     96.000     8.1623     8.1618   3.613103   3.615050     1.5174      98.75     0.0360 5.1280e-02 -9.990e-29    111.668 292.956744    3.51074    34.7072    34.7285    27.0197    1484.29    1492.30 0.0000e+00
       2702     97.000     8.1574     8.1567   3.612967   3.614926     1.5169      88.25     0.0347 5.1252e-02 1.9438e+00    112.551 292.956754    3.50948    34.7101    34.7317    27.0227    1484.29    1492.22 0.0000e+00
       2723     98.000     8.1538     8.1533   3.612895   3.614864     1.5180      98.86     0.0309 5.1273e-02 1.9438e+00    113.423 292.956764    3.52686    34.7124    34.7339    27.0251    1484.30    1492.14 0.0000e+00
       2744     99.000     8.1532     8.1528   3.612920   3.614891     1.5199      98.78     0.0320 5.1266e-02 1.9438e+00    114.303 292.956774    3.54592    34.7128    34.7342    27.0255    1484.32    1492.06 0.0000e+00
       2765    100.000     8.1526     8.1521   3.612961   3.614926     1.5238      94.90     0.0334 5.1253e-02 1.9438e+00    115.185 292.956785    3.57876    34.7133    34.7348    27.0260    1484.33    1491.98 0.0000e+00
       2786    101.000     8.1516     8.1511   3.612983   3.614964     1.5294      96.47     0.0359 5.1266e-02 1.9438e+00    116.062 292.956795    3.60833    34.7140    34.7357    27.0267    1484.34    1491.91 0.0000e+00
       2808    102.000     8.1506     8.1501   3.613003   3.614976     1.5353      98.74     0.0337 5.1259e-02 1.9438e+00    116.945 292.956805    3.62482    34.7148    34.7364    27.0275    1484.36    1491.83 0.0000e+00
       2829    103.000     8.1449     8.1445   3.612899   3.614874     1.5399      98.19     0.0344 5.1273e-02 -9.990e-29    117.827 292.956815    3.63405    34.7188    34.7403    27.0315    1484.36    1491.76 0.0000e+00
       2850    104.000     8.1398     8.1392   3.612785   3.614754     1.5441      94.57     0.0354 5.1259e-02 -9.990e-29    118.710 292.956825    3.64099    34.7222    34.7438    27.0349    1484.36    1491.69 0.0000e+00
       2871    105.000     8.1362     8.1356   3.612719   3.614682     1.5471      98.83     0.0348 5.1266e-02 -9.990e-29    119.594 292.956836    3.66224    34.7245    34.7461    27.0373    1484.36    1491.62 0.0000e+00
       2892    106.000     8.1344     8.1339   3.612707   3.614678     1.5534      98.79     0.0347 5.1273e-02 1.9438e+00    120.477 292.956846    3.71498    34.7257    34.7473    27.0385    1484.38    1491.55 0.0000e+00
       2914    107.000     8.1323     8.1317   3.612691   3.614657     1.5623      91.22     0.0355 5.1246e-02 1.9438e+00    121.359 292.956856    3.76912    34.7271    34.7488    27.0399    1484.39    1491.48 0.0000e+00
       2935    108.000     8.1283     8.1278   3.612637   3.614593     1.5736      97.99     0.0375 5.1252e-02 1.9438e+00    122.243 292.956866    3.83015    34.7300    34.7515    27.0428    1484.39    1491.41 0.0000e+00
       2956    109.000     8.1266     8.1261   3.612624   3.614597     1.5863      98.80     0.0343 5.1273e-02 1.9438e+00    123.122 292.956876    3.87111    34.7311    34.7527    27.0439    1484.40    1491.35 0.0000e+00
       2977    110.000     8.1240     8.1235   3.612596   3.614554     1.5970      96.62     0.0333 5.1259e-02 1.9438e+00    124.006 292.956887    3.90762    34.7329    34.7543    27.0457    1484.41    1491.29 0.0000e+00
       2998    111.000     8.1227     8.1222   3.612605   3.614568     1.6096      93.71     0.0306 5.1273e-02 1.9438e+00    124.890 292.956897    3.97285    34.7338    34.7553    27.0466    1484.42    1491.22 0.0000e+00
       3019    112.000     8.1211     8.1206   3.612591   3.614557     1.6239      98.89     0.0293 5.1259e-02 1.9438e+00    125.766 292.956907    4.02813    34.7347    34.7563    27.0476    1484.44    1491.16 0.0000e+00
       3040    113.000     8.1198     8.1194   3.612585   3.614557     1.6373      98.80     0.0301 5.1273e-02 1.9438e+00    126.645 292.956917    4.06748    34.7355    34.7570    27.0484    1484.45    1491.10 0.0000e+00
       3062    114.000     8.1191     8.1186   3.612605   3.614575     1.6501      98.52     0.0336 5.1273e-02 1.9438e+00    127.526 292.956927    4.10686    34.7359    34.7575    27.0488    1484.46    1491.05 0.0000e+00
       3083    115.000     8.1188     8.1184   3.612634   3.614605     1.6622      98.47     0.0308 5.1273e-02 1.9438e+00    128.404 292.956938    4.13960    34.7360    34.7575    27.0490    1484.48    1490.99 0.0000e+00
       3104    116.000     8.1184     8.1180   3.612686   3.614652     1.6726      98.79     0.0283 5.1273e-02 1.9438e+00    129.290 292.956948    4.15935    34.7365    34.7579    27.0494    1484.49    1490.93 0.0000e+00
       3125    117.000     8.1178     8.1174   3.612708   3.614667     1.6813      98.80     0.0272 5.1273e-02 -9.990e-29    130.166 292.956958    4.17595    34.7368    34.7582    27.0497    1484.51    1490.88 0.0000e+00
       3146    118.000     8.1174     8.1170   3.612724   3.614680     1.6886      98.61     0.0288 5.1280e-02 -9.990e-29    131.050 292.956968    4.18861    34.7369    34.7583    27.0499    1484.52    1490.82 0.0000e+00
       3167    119.000     8.1167     8.1163   3.612741   3.614693     1.6945      98.46     0.0293 5.1266e-02 -9.990e-29    131.930 292.956978    4.20009    34.7373    34.7586    27.0503    1484.54    1490.77 0.0000e+00
       3188    120.000     8.1162     8.1157   3.612768   3.614719     1.6996      98.80     0.0313 5.1273e-02 -9.990e-29    132.810 292.956989    4.20612    34.7376    34.7590    27.0506    1484.55    1490.72 0.0000e+00
       3210    121.000     8.1158     8.1154   3.612834   3.614779     1.7029      98.80     0.0314 5.1273e-02 1.9438e+00    133.699 292.956999    4.20322    34.7382    34.7594    27.0511    1484.57    1490.67 0.0000e+00
       3231    122.000     8.1147     8.1142   3.612812   3.614773     1.7049      94.08     0.0272 5.1259e-02 1.9438e+00    134.580 292.957009    4.20584    34.7386    34.7601    27.0516    1484.58    1490.62 0.0000e+00
       3252    123.000     8.1124     8.1119   3.612725   3.614674     1.7073      98.79     0.0279 5.1273e-02 1.9438e+00    135.457 292.957019    4.22174    34.7395    34.7608    27.0526    1484.59    1490.57 0.0000e+00
       3273    124.000     8.1107     8.1102   3.612678   3.614628     1.7106      98.80     0.0301 5.1266e-02 1.9438e+00    136.341 292.957029    4.24019    34.7402    34.7615    27.0534    1484.60    1490.52 0.0000e+00
       3294    125.000     8.1098     8.1092   3.612706   3.614637     1.7140      96.19     0.0322 5.1266e-02 1.9438e+00    137.217 292.957040    4.24268    34.7409    34.7621    27.0541    1484.61    1490.47 0.0000e+00
       3315    126.000     8.1066     8.1062   3.612614   3.614554     1.7153      97.35     0.0302 5.1280e-02 -9.990e-29    138.100 292.957050    4.23714    34.7426    34.7637    27.0559    1484.62    1490.43 0.0000e+00
       3337    127.000     8.1055     8.1052   3.612627   3.614570     1.7166      98.77     0.0314 5.1273e-02 -9.990e-29    138.984 292.957060    4.23709    34.7433    34.7644    27.0567    1484.63    1490.38 0.0000e+00
       3358    128.000     8.1041     8.1037   3.612588   3.614537     1.7167      98.75     0.0312 5.1273e-02 -9.990e-29    139.869 292.957070    4.23721    34.7438    34.7651    27.0573    1484.65    1490.33 0.0000e+00
       3379    129.000     8.1028     8.1025   3.612585   3.614514     1.7180      98.09     0.0313 5.1266e-02 -9.990e-29    140.756 292.957080    4.25258    34.7446    34.7655    27.0581    1484.66    1490.29 0.0000e+00
       3400    130.000     8.1023     8.1019   3.612605   3.614545     1.7199      98.81     0.0314 5.1266e-02 1.9438e+00    141.638 292.957091    4.26207    34.7448    34.7660    27.0583    1484.67    1490.25 0.0000e+00
       3421    131.000     8.1015     8.1012   3.612631   3.614574     1.7215      98.26     0.0297 5.1266e-02 1.9438e+00    142.514 292.957101    4.25755    34.7454    34.7665    27.0589    1484.69    1490.20 0.0000e+00
       3442    132.000     8.1013     8.1009   3.612675   3.614620     1.7216      98.24     0.0289 5.1247e-02 1.9438e+00    143.395 292.957111    4.25356    34.7456    34.7668    27.0591    1484.70    1490.16 0.0000e+00
       3464    133.000     8.1012     8.1008   3.612725   3.614655     1.7221      98.30     0.0276 5.1266e-02 1.9438e+00    144.272 292.957121    4.26259    34.7457    34.7668    27.0592    1484.72    1490.12 0.0000e+00
       3485    134.000     8.1005     8.1001   3.612752   3.614680     1.7234      98.61     0.0290 5.1273e-02 1.9438e+00    145.147 292.957131    4.27315    34.7462    34.7673    27.0597    1484.73    1490.08 0.0000e+00
       3506    135.000     8.1001     8.0996   3.612783   3.614718     1.7251      98.63     0.0321 5.1266e-02 1.9438e+00    146.034 292.957142    4.28453    34.7465    34.7677    27.0600    1484.75    1490.04 0.0000e+00
       3527    136.000     8.0987     8.0983   3.612770   3.614707     1.7274      98.47     0.0326 5.1273e-02 1.9438e+00    146.917 292.957152    4.29903    34.7472    34.7684    27.0608    1484.76    1490.00 0.0000e+00
       3548    137.000     8.0973     8.0969   3.612789   3.614711     1.7303      98.80     0.0327 5.1273e-02 1.9438e+00    147.797 292.957162    4.30884    34.7483    34.7693    27.0619    1484.77    1489.96 0.0000e+00
       3569    138.000     8.0970     8.0966   3.612826   3.614758     1.7322      98.80     0.0289 5.1266e-02 1.9438e+00    148.682 292.957172    4.30877    34.7486    34.7696    27.0621    1484.79    1489.93 0.0000e+00
       3590    139.000     8.0970     8.0966   3.612876   3.614805     1.7337      98.80     0.0284 5.1273e-02 1.9438e+00    149.556 292.957182    4.30776    34.7486    34.7697    27.0621    1484.81    1489.89 0.0000e+00
       3612    140.000     8.0967     8.0963   3.612925   3.614861     1.7344      98.70     0.0293 5.1273e-02 -9.990e-29    150.439 292.957193    4.31332    34.7490    34.7701    27.0624    1484.82    1489.85 0.0000e+00
       3633    141.000     8.0960     8.0956   3.612968   3.614890     1.7361      98.77     0.0306 5.1273e-02 -9.990e-29    151.323 292.957203    4.32570    34.7496    34.7706    27.0631    1484.84    1489.82 0.0000e+00
       3654    142.000     8.0951     8.0948   3.612992   3.614915     1.7381      98.79     0.0328 5.1273e-02 -9.990e-29    152.203 292.957213    4.32958    34.7503    34.7712    27.0637    1484.85    1489.78 0.0000e+00
       3675    143.000     8.0947     8.0943   3.613031   3.614958     1.7391      98.64     0.0332 5.1273e-02 -9.990e-29    153.089 292.957223    4.33508    34.7506    34.7716    27.0641    1484.87    1489.75 0.0000e+00
       3696    144.000     8.0944     8.0941   3.613082   3.615000     1.7412      98.48     0.0275 5.1273e-02 1.9438e+00    153.967 292.957233    4.35182    34.7510    34.7718    27.0644    1484.88    1489.71 0.0000e+00
       3717    145.000     8.0928     8.0924   3.613083   3.614992     1.7441      98.41     0.0264 5.1266e-02 1.9438e+00    154.849 292.957244    4.36833    34.7521    34.7729    27.0655    1484.89    1489.68 0.0000e+00
