testdata/CTD/sta0403.cnv
* Sea-Bird SBE 9 Data File:
* FileName = C:\Seabird\CTDData\sta0403.hex
* Software Version Seasave V 7.21f
* Temperature SN = 4557
* Conductivity SN = 1337
* Number of Bytes Per Scan = 40
* Number of Voltage Words = 5
* Number of Scans Averaged by the Deck Unit = 1
* NMEA Latitude = 60 48.35 N
* NMEA Longitude = 005 17.04 E
* NMEA UTC (Time) = Oct 14 2018 04:59:48
* NMEA baud rate = 4800
** Ship: 10 F/F "G. O. Sars"
** Station: 0403
** Echodepth: 196
** Log: 5336.42
** Wind-Dir Force: 17 15
** Air-temp (dry): 18.9
** Weather Sky: 8 8
** Sea Ice: 3 0
# nquan = 20                                
# nvalues = 187                         
# units = specified
# name 0 = scan: Scan Count
# name 1 = prDM: Pressure, Digiquartz [db]
# name 2 = t068C: Temperature [ITS-68, deg C]
# name 3 = t168C: Temperature, 2 [ITS-68, deg C]
# name 4 = c0S/m: Conductivity [S/m]
# name 5 = c1S/m: Conductivity, 2 [S/m]
# name 6 = sbeox0V: Oxygen raw, SBE 43 [V]
# name 7 = altM: Altimeter [m]
# name 8 = flC: Fluorescence, Chelsea Aqua 3 Chl Con [ug/l]
# name 9 = par: PAR/Irradiance, Biospherical/Licor
# name 10 = spar: SPAR/Surface Irradiance
# name 11 = timeS: Time, Elapsed [seconds]
# name 12 = timeJ: Julian Days
# name 13 = sbeox0ML/L: Oxygen, SBE 43 [ml/l], WS = 2
# name 14 = sal00: Salinity, Practical [PSU]
# name 15 = sal11: Salinity, Practical, 2 [PSU]
# name 16 = sigma-t00: Density [sigma-t, Kg/m^3 ]
# name 17 = svCM: Sound Velocity [Chen-Millero, m/s]
# name 18 = avgsvCM: Average Sound Velocity [Chen-Millero, m/s], minP = 1, minS = 5
# name 19 = flag: flag
# span 0 =        845,       4830       
# span 1 =      4.000,    190.000       
# span 2 =     7.9952,    14.5232       
# span 3 =     7.9944,    14.5326       
# span 4 =   3.460833,   3.870438       
# span 5 =   3.462651,   3.872657       
# span 6 =     1.8090,     2.1894       
# span 7 =       5.66,      99.03       
# span 8 =     0.0240,     0.1759       
# span 9 = 5.1241e-02, 4.5883e-01       
# span 10 = 1.9438e+00, 1.9438e+00      
# span 11 =     35.156,    201.204      
# span 12 = 287.208624, 287.210546      
# span 13 =    4.56794,    5.37299      
# span 14 =    28.3650,    35.0009      
# span 15 =    28.3825,    35.0249      
# span 16 =    21.0939,    27.2756      
# span 17 =    1485.10,    1500.57      
# span 18 =    1491.18,    1498.44      
# span 19 = 0.0000e+00, 0.0000e+00      
# interval = decibars: 1                
# start_time = Oct 14 2018 04:59:50 [System UTC, header]
# bad_flag = -9.990e-29
*END*
[from data line 73]
       2437     77.000    11.2002    11.1978   3.795103   3.797060     2.0987      98.79     0.0586 5.1266e-02 -9.990e-29    101.514 287.209393    5.14861    33.6975    33.7190    25.7258    1493.76    1497.07 0.0000e+00
       2459     78.000    11.1321    11.1304   3.791349   3.793380     2.0919      98.78     0.0537 5.1273e-02 -9.990e-29    102.421 287.209403    5.12688    33.7222    33.7439    25.7573    1493.57    1497.02 0.0000e+00
       2481     79.000    11.1167    11.1175   3.790492   3.792690     2.0843      98.79     0.0500 5.1266e-02 -9.990e-29    103.321 287.209413    5.10551    33.7274    33.7485    25.7641    1493.54    1496.98 0.0000e+00
       2502     80.000    11.1157    11.1158   3.790515   3.792698     2.0787      98.78     0.0478 5.1266e-02 -9.990e-29    104.213 287.209424    5.10385    33.7281    33.7497    25.7648    1493.55    1496.94 0.0000e+00
       2524     81.000    11.1078    11.1075   3.790138   3.792322     2.0748      98.78     0.0490 5.1266e-02 -9.990e-29    105.113 287.209434    5.10056    33.7312    33.7531    25.7686    1493.55    1496.90 0.0000e+00
       2545     82.000    11.1005    11.0991   3.789807   3.791926     2.0713      98.78     0.0501 5.1266e-02 -9.990e-29    106.013 287.209445    5.09322    33.7342    33.7565    25.7723    1493.54    1496.85 0.0000e+00
       2567     83.000    11.0541    11.0508   3.787304   3.789278     2.0684      98.78     0.0500 5.1273e-02 -9.990e-29    106.913 287.209455    5.09596    33.7515    33.7741    25.7941    1493.41    1496.81 0.0000e+00
       2588     84.000    10.9839    10.9849   3.783504   3.785734     2.0664      98.78     0.0519 5.1273e-02 -9.990e-29    107.807 287.209465    5.09328    33.7778    33.7991    25.8271    1493.22    1496.77 0.0000e+00
       2610     85.000    10.9540    10.9539   3.781973   3.784080     2.0626      98.78     0.0550 5.1273e-02 -9.990e-29    108.698 287.209476    5.07147    33.7897    33.8107    25.8417    1493.14    1496.73 0.0000e+00
       2631     86.000    10.8083    10.7971   3.774317   3.775712     2.0576      98.78     0.0547 5.1273e-02 -9.990e-29    109.581 287.209486    5.07012    33.8473    33.8716    25.9125    1492.71    1496.68 0.0000e+00
       2652     87.000    10.3703    10.3668   3.750288   3.751833     2.0537      98.79     0.0530 5.1273e-02 -9.990e-29    110.458 287.209496    5.09446    34.0128    34.0317    26.1182    1491.38    1496.62 0.0000e+00
       2673     88.000    10.2153    10.2133   3.741371   3.743171     2.0465      98.78     0.0499 5.1273e-02 -9.990e-29    111.344 287.209506    5.05476    34.0674    34.0876    26.1874    1490.91    1496.55 0.0000e+00
       2695     89.000    10.1173    10.1173   3.735626   3.737668     2.0355      98.76     0.0475 5.1259e-02 -9.990e-29    112.229 287.209516    5.02012    34.1008    34.1216    26.2303    1490.61    1496.49 0.0000e+00
       2716     90.000    10.0719    10.0752   3.732926   3.735165     2.0260      98.27     0.0479 5.1273e-02 -9.990e-29    113.111 287.209527    5.00680    34.1157    34.1353    26.2496    1490.49    1496.42 0.0000e+00
       2737     91.000    10.0080    10.0104   3.729492   3.731680     2.0181      96.52     0.0490 5.1280e-02 -9.990e-29    114.004 287.209537    4.98906    34.1405    34.1606    26.2799    1490.30    1496.35 0.0000e+00
       2758     92.000     9.9926     9.9909   3.728707   3.730733     2.0089      95.67     0.0483 5.1266e-02 -9.990e-29    114.887 287.209547    4.95234    34.1466    34.1689    26.2872    1490.27    1496.29 0.0000e+00
       2780     93.000     9.9884     9.9910   3.728635   3.730934     1.9995      95.87     0.0446 5.1266e-02 -9.990e-29    115.778 287.209558    4.92439    34.1494    34.1704    26.2901    1490.28    1496.22 0.0000e+00
       2801     94.000     9.9832     9.9867   3.728453   3.730775     1.9907      95.67     0.0405 5.1273e-02 -9.990e-29    116.670 287.209568    4.90246    34.1520    34.1724    26.2930    1490.28    1496.16 0.0000e+00
       2822     95.000     9.9234     9.9119   3.725274   3.726796     1.9833      95.13     0.0395 5.1254e-02 -9.990e-29    117.557 287.209578    4.89793    34.1757    34.2021    26.3216    1490.11    1496.09 0.0000e+00
       2844     96.000     9.8301     9.8276   3.720301   3.722285     1.9771      94.97     0.0401 5.1266e-02 -9.990e-29    118.448 287.209589    4.87996    34.2128    34.2355    26.3663    1489.83    1496.03 0.0000e+00
       2865     97.000     9.7623     9.7716   3.716592   3.719256     1.9686      94.34     0.0429 5.1259e-02 -9.990e-29    119.331 287.209599    4.84663    34.2387    34.2572    26.3979    1489.63    1495.96 0.0000e+00
       2886     98.000     9.7219     9.7211   3.714365   3.716465     1.9600      94.06     0.0423 5.1259e-02 -9.990e-29    120.204 287.209609    4.82787    34.2538    34.2762    26.4165    1489.52    1495.90 0.0000e+00
       2907     99.000     9.7117     9.7118   3.713862   3.716048     1.9527      94.09     0.0395 5.1273e-02 1.9438e+00    121.087 287.209619    4.81326    34.2579    34.2803    26.4214    1489.51    1495.83 0.0000e+00
       2928    100.000     9.6996     9.6961   3.713254   3.715241     1.9460      93.18     0.0388 5.1241e-02 1.9438e+00    121.974 287.209629    4.80583    34.2627    34.2865    26.4271    1489.49    1495.77 0.0000e+00
       2950    101.000     9.6793     9.6805   3.712202   3.714432     1.9420      92.39     0.0422 5.1246e-02 1.9438e+00    122.863 287.209640    4.81618    34.2708    34.2926    26.4368    1489.44    1495.71 0.0000e+00
       2971    102.000     9.6575     9.6646   3.711052   3.713641     1.9397      90.62     0.0437 5.1266e-02 1.9438e+00    123.751 287.209650    4.81510    34.2793    34.2992    26.4471    1489.39    1495.64 0.0000e+00
       2992    103.000     9.6341     9.6347   3.709876   3.712097     1.9370      95.20     0.0422 5.1252e-02 1.9438e+00    124.633 287.209660    4.80915    34.2891    34.3114    26.4586    1489.33    1495.58 0.0000e+00
       3014    104.000     9.6029     9.6054   3.708219   3.710571     1.9349      97.22     0.0399 5.1273e-02 1.9438e+00    125.524 287.209670    4.80915    34.3013    34.3232    26.4734    1489.25    1495.52 0.0000e+00
       3035    105.000     9.5911     9.5892   3.707640   3.709752     1.9327      98.80     0.0407 5.1273e-02 1.9438e+00    126.419 287.209681    4.80066    34.3062    34.3298    26.4791    1489.23    1495.46 0.0000e+00
       3056    106.000     9.5994     9.5961   3.708141   3.710174     1.9303      98.80     0.0427 5.1273e-02 1.9438e+00    127.311 287.209691    4.79438    34.3030    34.3271    26.4752    1489.27    1495.40 0.0000e+00
       3078    107.000     9.5167     9.5135   3.703605   3.705543     1.9286      98.80     0.0403 5.1266e-02 1.9438e+00    128.197 287.209701    4.80004    34.3348    34.3579    26.5138    1489.03    1495.34 0.0000e+00
       3099    108.000     9.4604     9.4610   3.700638   3.702857     1.9267      98.80     0.0420 5.1273e-02 1.9438e+00    129.071 287.209712    4.78929    34.3576    34.3800    26.5409    1488.86    1495.28 0.0000e+00
       3120    109.000     9.4464     9.4384   3.699850   3.701537     1.9226      98.80     0.0412 5.1273e-02 -9.990e-29    129.954 287.209722    4.77289    34.3624    34.3876    26.5470    1488.84    1495.22 0.0000e+00
       3141    110.000     9.3228     9.3152   3.693114   3.694835     1.9198      98.80     0.0377 5.1273e-02 -9.990e-29    130.841 287.209732    4.78231    34.4109    34.4361    26.6051    1488.46    1495.16 0.0000e+00
       3162    111.000     9.2807     9.2791   3.690848   3.692904     1.9168      97.76     0.0359 5.1273e-02 -9.990e-29    131.729 287.209742    4.76534    34.4275    34.4504    26.6249    1488.34    1495.10 0.0000e+00
       3184    112.000     9.2518     9.2500   3.689202   3.691259     1.9115      98.79     0.0324 5.1273e-02 -9.990e-29    132.618 287.209753    4.73771    34.4378    34.4609    26.6377    1488.27    1495.04 0.0000e+00
       3205    113.000     9.1344     9.1254   3.682948   3.684570     1.9059      98.80     0.0347 5.1259e-02 -9.990e-29    133.498 287.209763    4.72867    34.4856    34.5112    26.6941    1487.91    1494.97 0.0000e+00
       3226    114.000     9.0296     9.0260   3.677329   3.679252     1.9001      98.80     0.0372 5.1273e-02 -9.990e-29    134.373 287.209773    4.71828    34.5280    34.5516    26.7441    1487.59    1494.91 0.0000e+00
       3247    115.000     8.9931     8.9940   3.675334   3.677537     1.8943      98.80     0.0344 5.1273e-02 -9.990e-29    135.263 287.209783    4.70711    34.5421    34.5642    26.7610    1487.49    1494.84 0.0000e+00
       3268    116.000     8.9636     8.9630   3.673814   3.675886     1.8894      98.80     0.0366 5.1273e-02 -9.990e-29    136.146 287.209793    4.69912    34.5543    34.5766    26.7753    1487.42    1494.78 0.0000e+00
       3289    117.000     8.9291     8.9199   3.671851   3.673568     1.8849      98.80     0.0371 5.1273e-02 -9.990e-29    137.017 287.209803    4.68435    34.5668    34.5938    26.7906    1487.32    1494.72 0.0000e+00
       3310    118.000     8.8979     8.8962   3.670291   3.672372     1.8794      98.80     0.0367 5.1253e-02 -9.990e-29    137.893 287.209814    4.66535    34.5804    34.6039    26.8062    1487.24    1494.65 0.0000e+00
       3332    119.000     8.8760     8.8754   3.669123   3.671259     1.8742      98.80     0.0347 5.1273e-02 -9.990e-29    138.775 287.209824    4.65959    34.5890    34.6120    26.8164    1487.19    1494.59 0.0000e+00
       3353    120.000     8.8218     8.8183   3.666142   3.668068     1.8706      98.80     0.0331 5.1273e-02 -9.990e-29    139.650 287.209834    4.66262    34.6100    34.6337    26.8415    1487.03    1494.53 0.0000e+00
       3374    121.000     8.7327     8.7308   3.661350   3.663308     1.8674      98.80     0.0329 5.1273e-02 -9.990e-29    140.526 287.209844    4.66105    34.6462    34.6687    26.8838    1486.76    1494.46 0.0000e+00
       3395    122.000     8.6522     8.6523   3.656993   3.659127     1.8642      98.80     0.0327 5.1273e-02 -9.990e-29    141.403 287.209854    4.65769    34.6786    34.7010    26.9219    1486.52    1494.40 0.0000e+00
       3416    123.000     8.6373     8.6378   3.656151   3.658339     1.8607      98.80     0.0341 5.1266e-02 -9.990e-29    142.286 287.209864    4.64369    34.6838    34.7064    26.9283    1486.48    1494.33 0.0000e+00
       3437    124.000     8.6181     8.6172   3.655144   3.657248     1.8565      98.80     0.0328 5.1273e-02 -9.990e-29    143.165 287.209875    4.62889    34.6915    34.7147    26.9374    1486.44    1494.27 0.0000e+00
       3458    125.000     8.5669     8.5638   3.652435   3.654408     1.8527      98.80     0.0308 5.1273e-02 -9.990e-29    144.040 287.209885    4.62511    34.7127    34.7366    26.9619    1486.29    1494.20 0.0000e+00
       3479    126.000     8.5279     8.5278   3.650420   3.652603     1.8493      98.80     0.0303 5.1273e-02 -9.990e-29    144.922 287.209895    4.62030    34.7292    34.7525    26.9810    1486.18    1494.14 0.0000e+00
       3500    127.000     8.5263     8.5261   3.650388   3.652565     1.8462      98.80     0.0342 5.1273e-02 1.9438e+00    145.799 287.209905    4.61754    34.7300    34.7532    26.9818    1486.19    1494.08 0.0000e+00
       3521    128.000     8.5232     8.5212   3.650296   3.652394     1.8441      98.80     0.0341 5.1273e-02 1.9438e+00    146.676 287.209915    4.61661    34.7316    34.7558    26.9835    1486.20    1494.01 0.0000e+00
       3542    129.000     8.5203     8.5199   3.650242   3.652421     1.8421      98.80     0.0342 5.1266e-02 1.9438e+00    147.558 287.209925    4.61243    34.7334    34.7569    26.9854    1486.21    1493.95 0.0000e+00
       3563    130.000     8.4870     8.4854   3.648517   3.650590     1.8406      98.80     0.0345 5.1266e-02 1.9438e+00    148.432 287.209935    4.61213    34.7474    34.7710    27.0016    1486.12    1493.89 0.0000e+00
       3585    131.000     8.4454     8.4460   3.646340   3.648538     1.8389      98.80     0.0359 5.1273e-02 1.9438e+00    149.314 287.209946    4.60638    34.7648    34.7876    27.0217    1486.00    1493.83 0.0000e+00
       3606    132.000     8.3973     8.3964   3.643801   3.645917     1.8366      98.80     0.0352 5.1273e-02 1.9438e+00    150.192 287.209956    4.60363    34.7848    34.8082    27.0448    1485.86    1493.77 0.0000e+00
       3627    133.000     8.3673     8.3684   3.642197   3.644392     1.8345      98.80     0.0346 5.1273e-02 -9.990e-29    151.063 287.209966    4.59600    34.7969    34.8192    27.0589    1485.78    1493.71 0.0000e+00
       3648    134.000     8.2986     8.3000   3.638539   3.640722     1.8318      98.80     0.0340 5.1273e-02 -9.990e-29    151.938 287.209976    4.59656    34.8255    34.8473    27.0918    1485.58    1493.65 0.0000e+00
       3669    135.000     8.2700     8.2703   3.637086   3.639287     1.8300      98.80     0.0320 5.1266e-02 -9.990e-29    152.820 287.209986    4.59662    34.8378    34.8610    27.1059    1485.50    1493.59 0.0000e+00
       3690    136.000     8.2259     8.2247   3.634895   3.636965     1.8281      98.80     0.0301 5.1273e-02 -9.990e-29    153.702 287.209997    4.59686    34.8577    34.8810    27.1282    1485.38    1493.53 0.0000e+00
       3711    137.000     8.1853     8.1850   3.632790   3.634931     1.8267      98.80     0.0325 5.1273e-02 1.9438e+00    154.585 287.210007    4.60412    34.8750    34.8982    27.1480    1485.26    1493.47 0.0000e+00
       3732    138.000     8.1641     8.1635   3.631802   3.633937     1.8263      98.80     0.0334 5.1273e-02 1.9438e+00    155.460 287.210017    4.61263    34.8850    34.9085    27.1591    1485.21    1493.41 0.0000e+00
       3753    139.000     8.1431     8.1427   3.630858   3.633023     1.8264      98.80     0.0315 5.1273e-02 1.9438e+00    156.333 287.210027    4.62351    34.8953    34.9189    27.1704    1485.16    1493.35 0.0000e+00
       3774    140.000     8.1336     8.1331   3.630486   3.632648     1.8277      98.79     0.0274 5.1273e-02 1.9438e+00    157.211 287.210037    4.63821    34.9003    34.9239    27.1757    1485.15    1493.29 0.0000e+00
       3795    141.000     8.1216     8.1209   3.629970   3.632123     1.8295      98.79     0.0298 5.1273e-02 1.9438e+00    158.092 287.210047    4.65083    34.9062    34.9300    27.1822    1485.13    1493.23 0.0000e+00
       3816    142.000     8.1122     8.1121   3.629576   3.631768     1.8318      98.79     0.0309 5.1259e-02 -9.990e-29    158.972 287.210057    4.66212    34.9109    34.9345    27.1873    1485.11    1493.17 0.0000e+00
       3837    143.000     8.1055     8.1048   3.629348   3.631503     1.8339      98.79     0.0308 5.1273e-02 -9.990e-29    159.850 287.210068    4.67216    34.9146    34.9384    27.1912    1485.11    1493.12 0.0000e+00
       3858    144.000     8.1016     8.1009   3.629232   3.631407     1.8364      98.78     0.0317 5.1273e-02 -9.990e-29    160.728 287.210078    4.67843    34.9168    34.9408    27.1935    1485.11    1493.06 0.0000e+00
       3880    145.000     8.0974     8.0964   3.629099   3.631264     1.8381      98.78     0.0304 5.1266e-02 -9.990e-29    161.614 287.210088    4.67862    34.9191    34.9433    27.1959    1485.12    1493.01 0.0000e+00
       3901    146.000     8.0915     8.0903   3.628879   3.631032     1.8389      98.78     0.0293 5.1273e-02 -9.990e-29    162.495 287.210098    4.67619    34.9221    34.9464    27.1992    1485.12    1492.95 0.0000e+00
       3922    147.000     8.0827     8.0818   3.628506   3.630664     1.8394      98.78     0.0276 5.1273e-02 -9.990e-29    163.372 287.210108    4.67852    34.9264    34.9504    27.2039    1485.10    1492.90 0.0000e+00
