testdata/CTD/sta0423.cnv
* Sea-Bird SBE 9 Data File:
* FileName = C:\Seabird\CTDData\sta0423.hex
* Software Version Seasave V 7.21f
* Temperature SN = 4557
* Conductivity SN = 1337
* Number of Bytes Per Scan = 40
* Number of Voltage Words = 5
* Number of Scans Averaged by the Deck Unit = 1
* NMEA Latitude = 61 28.93 N
* NMEA Longitude = 005 25.89 E
* NMEA UTC (Time) = Oct 19 2018 05:01:18
* NMEA baud rate = 4800
** Ship: 10 F/F "G. O. Sars"
** Station: 0423
** Echodepth: 306
** Log: 5679.83
** Wind-Dir Force: 90 01
** Air-temp (dry): 7.5
** Weather Sky: 0 4
** Sea Ice: 1 0
# nquan = 20                                
# nvalues = 297                         
# units = specified
# name 0 = scan: Scan Count
# name 1 = prDM: Pressure, Digiquartz [db]
# name 2 = t068C: Temperature [ITS-68, deg C]
# name 3 = t168C: Temperature, 2 [ITS-68, deg C]
# name 4 = c0S/m: Conductivity [S/m]
# name 5 = c1S/m: Conductivity, 2 [S/m]
# name 6 = sbeox0V: Oxygen raw, SBE 43 [V]
# name 7 = altM: Altimeter [m]
# name 8 = flC: Fluorescence, Chelsea Aqua 3 Chl Con [ug/l]
# name 9 = par: PAR/Irradiance, Biospherical/Licor
# name 10 = spar: SPAR/Surface Irradiance
# name 11 = timeS: Time, Elapsed [seconds]
# name 12 = timeJ: Julian Days
# name 13 = sbeox0ML/L: Oxygen, SBE 43 [ml/l], WS = 2
# name 14 = sal00: Salinity, Practical [PSU]
# name 15 = sal11: Salinity, Practical, 2 [PSU]
# name 16 = sigma-t00: Density [sigma-t, Kg/m^3 ]
# name 17 = svCM: Sound Velocity [Chen-Millero, m/s]
# name 18 = avgsvCM: Average Sound Velocity [Chen-Millero, m/s], minP = 1, minS = 5
# name 19 = flag: flag
# span 0 =        430,       6778       
# span 1 =      4.000,    300.000       
# span 2 =     7.6953,    13.8104       
# span 3 =     7.6950,    13.8109       
# span 4 =   3.305676,   3.857034       
# span 5 =   3.310547,   3.859213       
# span 6 =     1.8238,     2.2355       
# span 7 =      11.79,      99.50       
# span 8 =     0.0145,     0.1275       
# span 9 = 5.1208e-02, 2.4349e-01       
# span 10 = 1.9438e+00, 1.9438e+00      
# span 11 =     17.862,    282.361      
# span 12 = 292.209478, 292.212539      
# span 13 =    4.53791,    5.63901      
# span 14 =    27.9535,    35.0629      
# span 15 =    27.9964,    35.0858      
# span 16 =    21.0367,    27.3689      
# span 17 =    1484.35,    1499.09      
# span 18 =    1488.93,    1496.56      
# span 19 = 0.0000e+00, 0.0000e+00      
# interval = decibars: 1                
# start_time = Oct 19 2018 05:01:21 [System UTC, header]
# bad_flag = -9.990e-29
*END*
[from data line 145]
       3538    149.000     7.9146     7.9138   3.603683   3.605821     1.8751      98.80     0.0270 5.1266e-02 1.9438e+00    147.373 292.210977    4.87717    34.8263    34.8501    27.1505    1484.38    1492.53 0.0000e+00
       3559    150.000     7.9086     7.9078   3.603449   3.605594     1.8805      98.79     0.0263 5.1273e-02 1.9438e+00    148.246 292.210987    4.89616    34.8293    34.8532    27.1538    1484.38    1492.47 0.0000e+00
       3580    151.000     7.9068     7.9062   3.603432   3.605623     1.8856      90.77     0.0248 5.1245e-02 1.9438e+00    149.132 292.210997    4.91558    34.8304    34.8546    27.1549    1484.39    1492.42 0.0000e+00
       3601    152.000     7.9045     7.9038   3.603469   3.605621     1.8910      98.60     0.0273 5.1274e-02 1.9438e+00    150.018 292.211007    4.93246    34.8326    34.8565    27.1570    1484.40    1492.37 0.0000e+00
       3623    153.000     7.9009     7.9001   3.603277   3.605411     1.8956      98.56     0.0270 5.1266e-02 -9.990e-29    150.898 292.211017    4.94634    34.8337    34.8574    27.1583    1484.40    1492.31 0.0000e+00
       3644    154.000     7.8890     7.8881   3.602405   3.604570     1.9003      98.61     0.0250 5.1266e-02 -9.990e-29    151.786 292.211028    4.95898    34.8357    34.8599    27.1617    1484.38    1492.26 0.0000e+00
       3665    155.000     7.8812     7.8804   3.602166   3.604340     1.9036      98.50     0.0292 5.1246e-02 -9.990e-29    152.663 292.211038    4.95778    34.8404    34.8646    27.1665    1484.37    1492.21 0.0000e+00
       3686    156.000     7.8704     7.8699   3.601710   3.603866     1.9053      98.05     0.0309 5.1266e-02 -9.990e-29    153.545 292.211048    4.95784    34.8457    34.8695    27.1724    1484.35    1492.16 0.0000e+00
       3707    157.000     7.8661     7.8654   3.601839   3.603995     1.9074      98.42     0.0278 5.1266e-02 1.9438e+00    154.425 292.211058    4.97116    34.8509    34.8749    27.1771    1484.36    1492.11 0.0000e+00
       3728    158.000     7.8566     7.8560   3.601827   3.603985     1.9095      98.70     0.0265 5.1266e-02 1.9438e+00    155.303 292.211068    4.97783    34.8598    34.8837    27.1854    1484.35    1492.06 0.0000e+00
       3750    159.000     7.8566     7.8559   3.602167   3.604330     1.9117      98.12     0.0235 5.1273e-02 1.9438e+00    156.188 292.211079    4.99429    34.8630    34.8870    27.1879    1484.37    1492.01 0.0000e+00
       3771    160.000     7.8552     7.8547   3.602360   3.604512     1.9150      97.93     0.0253 5.1273e-02 1.9438e+00    157.071 292.211089    5.01009    34.8660    34.8897    27.1905    1484.38    1491.96 0.0000e+00
       3792    161.000     7.8513     7.8506   3.602444   3.604605     1.9181      98.18     0.0238 5.1239e-02 1.9438e+00    157.951 292.211099    5.02411    34.8703    34.8943    27.1945    1484.39    1491.92 0.0000e+00
       3813    162.000     7.8462     7.8456   3.602506   3.604681     1.9216      98.57     0.0243 5.1266e-02 -9.990e-29    158.838 292.211109    5.03673    34.8756    34.8996    27.1994    1484.39    1491.87 0.0000e+00
       3834    163.000     7.8445     7.8439   3.602661   3.604828     1.9246      94.94     0.0244 5.1266e-02 -9.990e-29    159.719 292.211119    5.04750    34.8784    34.9024    27.2019    1484.41    1491.82 0.0000e+00
       3855    164.000     7.8422     7.8416   3.603322   3.605515     1.9279      95.21     0.0257 5.1240e-02 -9.990e-29    160.603 292.211130    5.06275    34.8874    34.9116    27.2093    1484.43    1491.78 0.0000e+00
       3877    165.000     7.8423     7.8417   3.604249   3.606414     1.9317      97.35     0.0263 5.1252e-02 -9.990e-29    161.488 292.211140    5.07783    34.8968    34.9207    27.2166    1484.46    1491.73 0.0000e+00
       3898    166.000     7.8414     7.8407   3.604329   3.606489     1.9349      93.12     0.0286 5.1259e-02 1.9438e+00    162.359 292.211150    5.07865    34.8980    34.9220    27.2178    1484.47    1491.69 0.0000e+00
       3919    167.000     7.8356     7.8349   3.603875   3.606030     1.9365      98.00     0.0268 5.1253e-02 1.9438e+00    163.237 292.211160    5.07744    34.8985    34.9224    27.2189    1484.46    1491.65 0.0000e+00
       3940    168.000     7.8354     7.8348   3.603967   3.606118     1.9385      94.31     0.0255 5.1246e-02 1.9438e+00    164.116 292.211170    5.09516    34.8992    34.9230    27.2195    1484.48    1491.60 0.0000e+00
       3961    169.000     7.8355     7.8350   3.604144   3.606303     1.9414      98.66     0.0267 5.1273e-02 1.9438e+00    164.992 292.211180    5.11034    34.9005    34.9243    27.2206    1484.50    1491.56 0.0000e+00
       3982    170.000     7.8364     7.8359   3.604490   3.606671     1.9444      96.25     0.0257 5.1259e-02 1.9438e+00    165.875 292.211191    5.11759    34.9028    34.9268    27.2223    1484.52    1491.52 0.0000e+00
       4003    171.000     7.8393     7.8388   3.605255   3.607430     1.9469      96.96     0.0248 5.1259e-02 1.9438e+00    166.755 292.211201    5.12431    34.9077    34.9316    27.2257    1484.56    1491.48 0.0000e+00
       4024    172.000     7.8440     7.8436   3.606009   3.608193     1.9492      98.65     0.0259 5.1260e-02 -9.990e-29    167.645 292.211211    5.13113    34.9106    34.9346    27.2273    1484.59    1491.44 0.0000e+00
       4046    173.000     7.8457     7.8451   3.606439   3.608602     1.9514      98.28     0.0256 5.1266e-02 -9.990e-29    168.531 292.211221    5.13297    34.9131    34.9370    27.2289    1484.62    1491.40 0.0000e+00
       4067    174.000     7.8504     7.8500   3.607419   3.609610     1.9523      90.98     0.0259 5.1253e-02 -9.990e-29    169.407 292.211232    5.12526    34.9185    34.9425    27.2325    1484.66    1491.36 0.0000e+00
       4088    175.000     7.8557     7.8552   3.608509   3.610674     1.9525      98.32     0.0253 5.1273e-02 -9.990e-29    170.285 292.211242    5.12143    34.9244    34.9482    27.2364    1484.70    1491.32 0.0000e+00
       4109    176.000     7.8591     7.8586   3.609267   3.611436     1.9526      98.27     0.0241 5.1273e-02 1.9438e+00    171.167 292.211252    5.12065    34.9287    34.9526    27.2392    1484.74    1491.29 0.0000e+00
       4130    177.000     7.8659     7.8655   3.610553   3.612740     1.9524      98.43     0.0246 5.1273e-02 1.9438e+00    172.044 292.211262    5.11908    34.9353    34.9592    27.2434    1484.79    1491.25 0.0000e+00
       4151    178.000     7.8705     7.8700   3.611391   3.613559     1.9524      98.26     0.0264 5.1266e-02 1.9438e+00    172.929 292.211272    5.12245    34.9392    34.9631    27.2458    1484.83    1491.21 0.0000e+00
       4172    179.000     7.8773     7.8769   3.612607   3.614793     1.9530      98.45     0.0273 5.1273e-02 1.9438e+00    173.810 292.211282    5.12819    34.9450    34.9690    27.2493    1484.88    1491.18 0.0000e+00
       4193    180.000     7.8812     7.8808   3.613289   3.615462     1.9534      93.16     0.0280 5.1266e-02 1.9438e+00    174.684 292.211293    5.12065    34.9480    34.9718    27.2511    1484.91    1491.14 0.0000e+00
       4215    181.000     7.8843     7.8838   3.613858   3.616016     1.9530      86.97     0.0242 5.1219e-02 1.9438e+00    175.569 292.211303    5.12162    34.9505    34.9743    27.2526    1484.94    1491.11 0.0000e+00
       4236    182.000     7.8883     7.8877   3.614565   3.616733     1.9530      98.52     0.0235 5.1272e-02 1.9438e+00    176.448 292.211313    5.12478    34.9537    34.9776    27.2545    1484.98    1491.07 0.0000e+00
       4257    183.000     7.8911     7.8906   3.615108   3.617259     1.9537      98.77     0.0231 5.1266e-02 1.9438e+00    177.329 292.211323    5.12308    34.9562    34.9799    27.2561    1485.01    1491.04 0.0000e+00
       4278    184.000     7.8936     7.8931   3.615731   3.617887     1.9527      85.20     0.0213 5.1232e-02 1.9438e+00    178.213 292.211333    5.11175    34.9599    34.9836    27.2586    1485.04    1491.01 0.0000e+00
       4299    185.000     7.8999     7.8995   3.616966   3.619147     1.9519      98.59     0.0218 5.1273e-02 1.9438e+00    179.090 292.211344    5.10730    34.9664    34.9903    27.2628    1485.09    1490.98 0.0000e+00
       4320    186.000     7.9045     7.9041   3.617884   3.620058     1.9506      88.50     0.0243 5.1245e-02 -9.990e-29    179.966 292.211354    5.10737    34.9712    34.9950    27.2659    1485.13    1490.94 0.0000e+00
       4341    187.000     7.9133     7.9129   3.619377   3.621557     1.9510      94.98     0.0272 5.1260e-02 -9.990e-29    180.850 292.211364    5.11675    34.9780    35.0019    27.2699    1485.19    1490.91 0.0000e+00
       4362    188.000     7.9153     7.9147   3.619892   3.622052     1.9508      98.85     0.0275 5.1273e-02 -9.990e-29    181.727 292.211374    5.11367    34.9811    35.0049    27.2720    1485.21    1490.88 0.0000e+00
       4384    189.000     7.9113     7.9105   3.619727   3.621854     1.9510      94.71     0.0274 5.1273e-02 -9.990e-29    182.607 292.211384    5.11467    34.9828    35.0065    27.2740    1485.22    1490.85 0.0000e+00
       4405    190.000     7.9152     7.9151   3.620579   3.622787     1.9510      83.01     0.0272 5.1246e-02 1.9438e+00    183.490 292.211395    5.12501    34.9876    35.0115    27.2771    1485.26    1490.82 0.0000e+00
       4426    191.000     7.9238     7.9234   3.621871   3.624052     1.9524      98.43     0.0249 5.1273e-02 1.9438e+00    184.366 292.211405    5.13005    34.9924    35.0163    27.2796    1485.31    1490.79 0.0000e+00
       4447    192.000     7.9271     7.9267   3.622669   3.624828     1.9532      98.77     0.0209 5.1252e-02 1.9438e+00    185.247 292.211415    5.12513    34.9972    35.0208    27.2829    1485.35    1490.77 0.0000e+00
       4468    193.000     7.9265     7.9260   3.622859   3.625021     1.9528      86.19     0.0192 5.1232e-02 1.9438e+00    186.125 292.211425    5.12763    34.9994    35.0231    27.2847    1485.36    1490.74 0.0000e+00
       4489    194.000     7.9262     7.9257   3.623050   3.625194     1.9545      98.49     0.0202 5.1266e-02 1.9438e+00    187.015 292.211435    5.14062    35.0012    35.0248    27.2862    1485.38    1490.71 0.0000e+00
       4511    195.000     7.9151     7.9145   3.622064   3.624185     1.9550      98.79     0.0215 5.1239e-02 -9.990e-29    187.913 292.211446    5.13262    35.0012    35.0247    27.2879    1485.35    1490.68 0.0000e+00
       4532    196.000     7.9095     7.9089   3.621870   3.624007     1.9546      90.63     0.0232 5.1252e-02 -9.990e-29    188.794 292.211456    5.12643    35.0043    35.0279    27.2911    1485.35    1490.66 0.0000e+00
       4554    197.000     7.9071     7.9066   3.621858   3.624009     1.9542      89.63     0.0246 5.1260e-02 -9.990e-29    189.688 292.211466    5.13755    35.0061    35.0297    27.2929    1485.36    1490.63 0.0000e+00
       4575    198.000     7.9057     7.9051   3.621890   3.624014     1.9553      98.73     0.0227 5.1266e-02 -9.990e-29    190.578 292.211477    5.14662    35.0073    35.0308    27.2941    1485.38    1490.60 0.0000e+00
       4596    199.000     7.9040     7.9034   3.621875   3.624017     1.9564      98.78     0.0242 5.1252e-02 1.9438e+00    191.459 292.211487    5.14980    35.0084    35.0320    27.2951    1485.39    1490.58 0.0000e+00
       4618    200.000     7.9030     7.9025   3.621953   3.624094     1.9572      72.75     0.0263 5.1267e-02 1.9438e+00    192.361 292.211497    5.16556    35.0097    35.0333    27.2964    1485.40    1490.55 0.0000e+00
       4639    201.000     7.9018     7.9014   3.622006   3.624141     1.9602      98.66     0.0244 5.1273e-02 1.9438e+00    193.246 292.211507    5.17712    35.0110    35.0344    27.2975    1485.41    1490.52 0.0000e+00
       4660    202.000     7.8984     7.8979   3.621834   3.623955     1.9616      98.75     0.0271 5.1266e-02 1.9438e+00    194.141 292.211518    5.17515    35.0121    35.0354    27.2989    1485.42    1490.50 0.0000e+00
       4682    203.000     7.8916     7.8909   3.621509   3.623618     1.9625      75.66     0.0240 5.1273e-02 1.9438e+00    195.056 292.211528    5.18332    35.0149    35.0383    27.3021    1485.41    1490.47 0.0000e+00
       4704    204.000     7.8878     7.8872   3.621541   3.623665     1.9653      95.72     0.0209 5.1273e-02 1.9438e+00    195.947 292.211539    5.20056    35.0186    35.0420    27.3056    1485.42    1490.45 0.0000e+00
       4725    205.000     7.8882     7.8878   3.621908   3.624051     1.9668      97.72     0.0209 5.1273e-02 -9.990e-29    196.849 292.211549    5.19387    35.0216    35.0451    27.3079    1485.44    1490.42 0.0000e+00
       4747    206.000     7.8874     7.8870   3.622094   3.624221     1.9671      88.60     0.0201 5.1273e-02 -9.990e-29    197.746 292.211560    5.18974    35.0239    35.0472    27.3099    1485.46    1490.40 0.0000e+00
       4768    207.000     7.8796     7.8791   3.621664   3.623784     1.9682      85.02     0.0197 5.1273e-02 -9.990e-29    198.631 292.211570    5.21134    35.0266    35.0500    27.3131    1485.45    1490.38 0.0000e+00
       4790    208.000     7.8817     7.8813   3.622179   3.624289     1.9707      98.16     0.0194 5.1260e-02 -9.990e-29    199.542 292.211580    5.22240    35.0296    35.0527    27.3152    1485.48    1490.35 0.0000e+00
       4812    209.000     7.8767     7.8761   3.622049   3.624158     1.9729      98.53     0.0220 5.1273e-02 -9.990e-29    200.446 292.211591    5.22379    35.0327    35.0560    27.3184    1485.48    1490.33 0.0000e+00
       4833    210.000     7.8731     7.8726   3.621823   3.623950     1.9737      69.15     0.0225 5.1273e-02 -9.990e-29    201.352 292.211601    5.23294    35.0334    35.0568    27.3194    1485.48    1490.31 0.0000e+00
       4856    211.000     7.8719     7.8714   3.621814   3.623918     1.9767      98.58     0.0233 5.1266e-02 -9.990e-29    202.277 292.211612    5.25179    35.0340    35.0572    27.3201    1485.49    1490.28 0.0000e+00
       4877    212.000     7.8714     7.8709   3.621863   3.623986     1.9793      98.28     0.0189 5.1266e-02 -9.990e-29    203.177 292.211622    5.25297    35.0346    35.0579    27.3206    1485.51    1490.26 0.0000e+00
       4899    213.000     7.8607     7.8601   3.621002   3.623085     1.9799      68.80     0.0173 5.1273e-02 1.9438e+00    204.096 292.211633    5.24943    35.0355    35.0586    27.3229    1485.49    1490.24 0.0000e+00
       4921    214.000     7.8431     7.8425   3.619441   3.621541     1.9817      98.20     0.0157 5.1266e-02 1.9438e+00    205.010 292.211644    5.26141    35.0359    35.0591    27.3258    1485.44    1490.22 0.0000e+00
       4943    215.000     7.8365     7.8358   3.618930   3.621022     1.9825      98.60     0.0169 5.1267e-02 1.9438e+00    205.919 292.211654    5.26237    35.0365    35.0597    27.3273    1485.43    1490.19 0.0000e+00
       4965    216.000     7.8314     7.8309   3.618605   3.620708     1.9833      83.11     0.0175 5.1254e-02 1.9438e+00    206.844 292.211665    5.26653    35.0376    35.0608    27.3289    1485.43    1490.17 0.0000e+00
       4987    217.000     7.8246     7.8241   3.618166   3.620270     1.9848      87.32     0.0188 5.1266e-02 1.9438e+00    207.738 292.211675    5.27900    35.0392    35.0624    27.3312    1485.42    1490.15 0.0000e+00
       5009    218.000     7.8135     7.8129   3.617395   3.619492     1.9860      98.54     0.0180 5.1273e-02 1.9438e+00    208.673 292.211686    5.27934    35.0415    35.0648    27.3347    1485.40    1490.13 0.0000e+00
       5032    219.000     7.8101     7.8099   3.617357   3.619495     1.9866      91.78     0.0187 5.1266e-02 -9.990e-29    209.610 292.211697    5.27579    35.0440    35.0673    27.3372    1485.40    1490.11 0.0000e+00
       5053    220.000     7.8032     7.8022   3.616944   3.618998     1.9870      74.85     0.0180 5.1253e-02 -9.990e-29    210.517 292.211707    5.29466    35.0460    35.0692    27.3397    1485.40    1490.08 0.0000e+00
