testdata/CTD/sta0422.cnv
* Sea-Bird SBE 9 Data File:
* FileName = C:\Seabird\CTDData\sta0422.hex
* Software Version Seasave V 7.21f
* Temperature SN = 4557
* Conductivity SN = 1337
* Number of Bytes Per Scan = 40
* Number of Voltage Words = 5
* Number of Scans Averaged by the Deck Unit = 1
* NMEA Latitude = 61 29.31 N
* NMEA Longitude = 005 16.04 E
* NMEA UTC (Time) = Oct 18 2018 17:12:55
* NMEA baud rate = 4800
** Ship: 10 F/F "G. O. Sars"
** Station: 0422
** Echodepth: 371
** Log: 5652.83
** Wind-Dir Force: 66 02
** Air-temp (dry): 8.1
** Weather Sky: 1 4
** Sea Ice: 2 0
# nquan = 20                                
# nvalues = 363                         
# units = specified
# name 0 = scan: Scan Count
# name 1 = prDM: Pressure, Digiquartz [db]
# name 2 = t068C: Temperature [ITS-68, deg C]
# name 3 = t168C: Temperature, 2 [ITS-68, deg C]
# name 4 = c0S/m: Conductivity [S/m]
# name 5 = c1S/m: Conductivity, 2 [S/m]
# name 6 = sbeox0V: Oxygen raw, SBE 43 [V]
# name 7 = altM: Altimeter [m]
# name 8 = flC: Fluorescence, Chelsea Aqua 3 Chl Con [ug/l]
# name 9 = par: PAR/Irradiance, Biospherical/Licor
# name 10 = spar: SPAR/Surface Irradiance
# name 11 = timeS: Time, Elapsed [seconds]
# name 12 = timeJ: Julian Days
# name 13 = sbeox0ML/L: Oxygen, SBE 43 [ml/l], WS = 2
# name 14 = sal00: Salinity, Practical [PSU]
# name 15 = sal11: Salinity, Practical, 2 [PSU]
# name 16 = sigma-t00: Density [sigma-t, Kg/m^3 ]
# name 17 = svCM: Sound Velocity [Chen-Millero, m/s]
# name 18 = avgsvCM: Average Sound Velocity [Chen-Millero, m/s], minP = 1, minS = 5
# name 19 = flag: flag
# span 0 =        635,       8398       
# span 1 =      4.000,    366.000       
# span 2 =     7.6820,    13.8130       
# span 3 =     7.6816,    13.8147       
# span 4 =   3.221926,   3.882989       
# span 5 =   3.218178,   3.885136       
# span 6 =     1.8578,     2.2651       
# span 7 =      11.41,     100.01       
# span 8 =     0.0138,     0.1925       
# span 9 = 5.1225e-02, 4.3306e-01       
# span 10 = 1.2764e+00, 3.5534e+00      
# span 11 =     26.412,    349.871      
# span 12 = 291.717644, 291.721387      
# span 13 =    4.62367,    5.80715      
# span 14 =    27.5139,    35.0613      
# span 15 =    27.4913,    35.0839      
# span 16 =    20.7806,    27.3694      
# span 17 =    1484.45,    1499.14      
# span 18 =    1488.00,    1496.40      
# span 19 = 0.0000e+00, 0.0000e+00      
# interval = decibars: 1                
# start_time = Oct 18 2018 17:12:58 [System UTC, header]
# bad_flag = -9.990e-29
*END*
[from data line 145]
       3744    149.000     7.9532     7.9532   3.605592   3.607723     1.8723      69.86     0.0294 5.1266e-02 1.9438e+00    155.967 291.719143    4.81259    34.8084    34.8313    27.1307    1484.50    1492.52 0.0000e+00
       3765    150.000     7.9472     7.9470   3.605339   3.607462     1.8740      89.66     0.0284 5.1273e-02 1.9438e+00    156.839 291.719153    4.84059    34.8112    34.8342    27.1338    1484.50    1492.47 0.0000e+00
       3786    151.000     7.9294     7.9291   3.604685   3.606807     1.8765      98.84     0.0276 5.1273e-02 1.9438e+00    157.716 291.719163    4.85215    34.8214    34.8445    27.1444    1484.46    1492.41 0.0000e+00
       3807    152.000     7.9240     7.9232   3.604510   3.606611     1.8789      90.83     0.0272 5.1273e-02 1.9438e+00    158.597 291.719174    4.85616    34.8244    34.8478    27.1476    1484.46    1492.36 0.0000e+00
       3829    153.000     7.9201     7.9203   3.604427   3.606555     1.8804      67.99     0.0296 5.1273e-02 -9.990e-29    159.485 291.719184    4.87132    34.8269    34.8496    27.1502    1484.47    1492.31 0.0000e+00
       3850    154.000     7.9105     7.9105   3.604118   3.606245     1.8843      98.91     0.0310 5.1273e-02 -9.990e-29    160.379 291.719194    4.89583    34.8327    34.8556    27.1561    1484.45    1492.26 0.0000e+00
       3871    155.000     7.9081     7.9077   3.604057   3.606182     1.8876      98.76     0.0307 5.1273e-02 -9.990e-29    161.269 291.719204    4.89858    34.8339    34.8572    27.1575    1484.46    1492.21 0.0000e+00
       3893    156.000     7.9073     7.9068   3.604077   3.606194     1.8895      55.21     0.0312 5.1273e-02 -9.990e-29    162.159 291.719215    4.91029    34.8344    34.8577    27.1580    1484.48    1492.16 0.0000e+00
       3914    157.000     7.8993     7.8986   3.603833   3.605940     1.8940      99.09     0.0311 5.1273e-02 -9.990e-29    163.045 291.719225    4.93547    34.8393    34.8627    27.1630    1484.47    1492.11 0.0000e+00
       3935    158.000     7.8955     7.8945   3.603693   3.605794     1.8971      98.76     0.0285 5.1273e-02 -9.990e-29    163.920 291.719235    4.93592    34.8411    34.8647    27.1650    1484.47    1492.06 0.0000e+00
       3956    159.000     7.8930     7.8928   3.603695   3.605803     1.8991      78.95     0.0255 5.1273e-02 -9.990e-29    164.790 291.719245    4.93738    34.8431    34.8660    27.1669    1484.48    1492.01 0.0000e+00
       3977    160.000     7.8844     7.8839   3.603463   3.605572     1.9014      78.28     0.0244 5.1273e-02 -9.990e-29    165.648 291.719255    4.95415    34.8487    34.8719    27.1726    1484.47    1491.96 0.0000e+00
       3997    161.000     7.8733     7.8731   3.603102   3.605227     1.9039      99.10     0.0243 5.1273e-02 1.9438e+00    166.514 291.719265    4.95193    34.8554    34.8785    27.1795    1484.46    1491.92 0.0000e+00
       4018    162.000     7.8676     7.8671   3.603003   3.605116     1.9042      98.76     0.0269 5.1260e-02 1.9438e+00    167.394 291.719275    4.93652    34.8595    34.8828    27.1836    1484.46    1491.87 0.0000e+00
       4040    163.000     7.8637     7.8631   3.602974   3.605088     1.9033      51.05     0.0291 5.1266e-02 1.9438e+00    168.289 291.719286    4.94597    34.8626    34.8860    27.1866    1484.46    1491.83 0.0000e+00
       4061    164.000     7.8614     7.8609   3.603043   3.605170     1.9057      98.62     0.0303 5.1273e-02 1.9438e+00    169.187 291.719296    4.96975    34.8652    34.8886    27.1890    1484.47    1491.78 0.0000e+00
       4083    165.000     7.8582     7.8578   3.603065   3.605186     1.9079      98.76     0.0270 5.1273e-02 1.9438e+00    170.080 291.719306    4.97445    34.8681    34.8914    27.1918    1484.48    1491.74 0.0000e+00
       4104    166.000     7.8547     7.8543   3.603170   3.605279     1.9093      61.88     0.0258 5.1280e-02 1.9438e+00    170.954 291.719317    4.98266    34.8723    34.8954    27.1955    1484.49    1491.69 0.0000e+00
       4125    167.000     7.8500     7.8496   3.603161   3.605273     1.9124      86.83     0.0274 5.1280e-02 -9.990e-29    171.832 291.719327    5.00748    34.8764    34.8995    27.1995    1484.49    1491.65 0.0000e+00
       4146    168.000     7.8481     7.8476   3.603221   3.605327     1.9154      98.80     0.0274 5.1273e-02 -9.990e-29    172.713 291.719337    5.00745    34.8784    34.9016    27.2014    1484.50    1491.61 0.0000e+00
       4167    169.000     7.8466     7.8462   3.603385   3.605488     1.9167      87.18     0.0262 5.1259e-02 -9.990e-29    173.599 291.719347    4.99496    34.8812    34.9043    27.2038    1484.52    1491.56 0.0000e+00
       4189    170.000     7.8444     7.8437   3.603550   3.605645     1.9168      59.93     0.0300 5.1266e-02 -9.990e-29    174.483 291.719357    5.00398    34.8847    34.9080    27.2068    1484.53    1491.52 0.0000e+00
       4209    171.000     7.8433     7.8427   3.603810   3.605905     1.9185      98.61     0.0335 5.1280e-02 1.9438e+00    175.353 291.719367    5.01292    34.8881    34.9113    27.2097    1484.55    1491.48 0.0000e+00
       4230    172.000     7.8434     7.8428   3.604020   3.606113     1.9198      98.60     0.0300 5.1267e-02 1.9438e+00    176.226 291.719378    5.01311    34.8898    34.9130    27.2110    1484.57    1491.44 0.0000e+00
       4252    173.000     7.8429     7.8423   3.604246   3.606353     1.9201      51.87     0.0294 5.1273e-02 1.9438e+00    177.115 291.719388    5.01749    34.8922    34.9156    27.2130    1484.58    1491.40 0.0000e+00
       4273    174.000     7.8427     7.8422   3.604554   3.606636     1.9223      98.44     0.0297 5.1259e-02 1.9438e+00    178.004 291.719398    5.03434    34.8953    34.9182    27.2154    1484.60    1491.36 0.0000e+00
       4294    175.000     7.8408     7.8404   3.605111   3.607195     1.9242      98.77     0.0306 5.1266e-02 1.9438e+00    178.888 291.719408    5.04207    34.9027    34.9256    27.2215    1484.62    1491.32 0.0000e+00
       4315    176.000     7.8427     7.8419   3.605746   3.607823     1.9261      75.62     0.0276 5.1266e-02 -9.990e-29    179.765 291.719419    5.04756    34.9072    34.9303    27.2247    1484.65    1491.29 0.0000e+00
       4336    177.000     7.8444     7.8438   3.606340   3.608406     1.9282      71.06     0.0302 5.1273e-02 -9.990e-29    180.630 291.719429    5.06409    34.9114    34.9342    27.2278    1484.68    1491.25 0.0000e+00
       4357    178.000     7.8461     7.8452   3.606910   3.608943     1.9311      99.12     0.0297 5.1273e-02 -9.990e-29    181.511 291.719439    5.07341    34.9153    34.9381    27.2306    1484.71    1491.21 0.0000e+00
       4378    179.000     7.8490     7.8483   3.607499   3.609595     1.9337      98.75     0.0258 5.1266e-02 -9.990e-29    182.393 291.719449    5.07990    34.9183    34.9416    27.2325    1484.74    1491.17 0.0000e+00
       4400    180.000     7.8506     7.8499   3.607977   3.610052     1.9357      43.67     0.0262 5.1280e-02 -9.990e-29    183.271 291.719459    5.09494    34.9214    34.9444    27.2347    1484.76    1491.14 0.0000e+00
       4421    181.000     7.8515     7.8510   3.608190   3.610311     1.9396      97.84     0.0287 5.1266e-02 -9.990e-29    184.154 291.719469    5.10472    34.9223    34.9456    27.2353    1484.78    1491.10 0.0000e+00
       4442    182.000     7.8522     7.8516   3.608359   3.610450     1.9410      98.76     0.0287 5.1266e-02 -9.990e-29    185.029 291.719480    5.09583    34.9229    34.9460    27.2357    1484.80    1491.07 0.0000e+00
       4463    183.000     7.8537     7.8530   3.608834   3.610888     1.9418      61.43     0.0272 5.1273e-02 -9.990e-29    185.913 291.719490    5.10139    34.9260    34.9489    27.2379    1484.83    1491.03 0.0000e+00
       4484    184.000     7.8577     7.8570   3.609843   3.611940     1.9440      82.56     0.0267 5.1266e-02 -9.990e-29    186.804 291.719500    5.11414    34.9324    34.9557    27.2424    1484.87    1491.00 0.0000e+00
       4505    185.000     7.8615     7.8608   3.610598   3.612672     1.9453      98.75     0.0256 5.1273e-02 -9.990e-29    187.687 291.719510    5.11006    34.9363    34.9593    27.2448    1484.91    1490.97 0.0000e+00
       4527    186.000     7.8633     7.8627   3.611015   3.613112     1.9460      84.76     0.0246 5.1273e-02 -9.990e-29    188.574 291.719521    5.10525    34.9385    34.9617    27.2463    1484.93    1490.94 0.0000e+00
       4548    187.000     7.8644     7.8636   3.611258   3.613336     1.9462      50.36     0.0269 5.1287e-02 -9.990e-29    189.451 291.719531    5.11682    34.9395    34.9627    27.2469    1484.95    1490.90 0.0000e+00
       4569    188.000     7.8663     7.8656   3.611694   3.613786     1.9481      97.90     0.0269 5.1273e-02 -9.990e-29    190.318 291.719541    5.12451    34.9418    34.9650    27.2485    1484.98    1490.87 0.0000e+00
       4590    189.000     7.8694     7.8687   3.612292   3.614374     1.9488      98.77     0.0241 5.1273e-02 -9.990e-29    191.196 291.719551    5.11743    34.9447    34.9678    27.2502    1485.01    1490.84 0.0000e+00
       4611    190.000     7.8729     7.8722   3.613122   3.615205     1.9489      38.54     0.0246 5.1287e-02 -9.990e-29    192.080 291.719561    5.12020    34.9496    34.9728    27.2536    1485.05    1490.81 0.0000e+00
       4632    191.000     7.8756     7.8748   3.613874   3.615939     1.9501      95.21     0.0239 5.1259e-02 -9.990e-29    192.969 291.719571    5.12987    34.9545    34.9776    27.2571    1485.08    1490.78 0.0000e+00
       4653    192.000     7.8787     7.8781   3.614529   3.616605     1.9509      98.84     0.0271 5.1273e-02 -9.990e-29    193.849 291.719582    5.12708    34.9580    34.9810    27.2593    1485.11    1490.75 0.0000e+00
       4674    193.000     7.8815     7.8809   3.615184   3.617272     1.9510      73.18     0.0275 5.1273e-02 -9.990e-29    194.714 291.719592    5.11939    34.9618    34.9848    27.2619    1485.15    1490.72 0.0000e+00
       4695    194.000     7.8826     7.8820   3.615593   3.617680     1.9507      62.65     0.0262 5.1280e-02 1.9438e+00    195.598 291.719602    5.12394    34.9646    34.9877    27.2639    1485.17    1490.69 0.0000e+00
       4717    195.000     7.8848     7.8841   3.616062   3.618137     1.9511      98.50     0.0251 5.1273e-02 1.9438e+00    196.493 291.719612    5.12729    34.9669    34.9900    27.2655    1485.20    1490.66 0.0000e+00
       4738    196.000     7.8898     7.8890   3.616847   3.618919     1.9516      98.77     0.0265 5.1273e-02 1.9438e+00    197.382 291.719622    5.12253    34.9699    34.9930    27.2670    1485.24    1490.64 0.0000e+00
       4760    197.000     7.8892     7.8888   3.617052   3.619167     1.9505      38.72     0.0258 5.1266e-02 1.9438e+00    198.285 291.719633    5.12185    34.9722    34.9954    27.2690    1485.25    1490.61 0.0000e+00
       4781    198.000     7.8890     7.8883   3.617325   3.619400     1.9515      99.25     0.0253 5.1273e-02 1.9438e+00    199.174 291.719643    5.12940    34.9749    34.9979    27.2711    1485.27    1490.58 0.0000e+00
       4802    199.000     7.8887     7.8883   3.617661   3.619749     1.9513      98.76     0.0231 5.1273e-02 1.9438e+00    200.054 291.719653    5.12157    34.9783    35.0012    27.2738    1485.29    1490.56 0.0000e+00
       4824    200.000     7.8842     7.8840   3.617535   3.619649     1.9504      49.54     0.0233 5.1273e-02 -9.990e-29    200.945 291.719664    5.12131    34.9810    35.0039    27.2766    1485.29    1490.53 0.0000e+00
       4845    201.000     7.8722     7.8725   3.616430   3.618602     1.9512      81.92     0.0223 5.1273e-02 -9.990e-29    201.816 291.719674    5.14085    34.9806    35.0037    27.2781    1485.26    1490.50 0.0000e+00
       4866    202.000     7.8731     7.8723   3.617167   3.619234     1.9524      98.77     0.0218 5.1266e-02 -9.990e-29    202.709 291.719684    5.14041    34.9871    35.0102    27.2831    1485.29    1490.48 0.0000e+00
       4888    203.000     7.8722     7.8723   3.617450   3.619595     1.9527      78.31     0.0201 5.1293e-02 -9.990e-29    203.610 291.719695    5.13856    34.9906    35.0136    27.2859    1485.31    1490.45 0.0000e+00
       4909    204.000     7.8703     7.8700   3.617469   3.619565     1.9533      50.19     0.0160 5.1306e-02 1.9438e+00    204.512 291.719705    5.15086    34.9922    35.0151    27.2875    1485.32    1490.43 0.0000e+00
       4932    205.000     7.8646     7.8644   3.617283   3.619400     1.9549      99.21     0.0165 5.1273e-02 1.9438e+00    205.446 291.719716    5.15466    34.9954    35.0185    27.2909    1485.32    1490.40 0.0000e+00
       4954    206.000     7.8543     7.8549   3.616743   3.618914     1.9555      98.77     0.0217 5.1273e-02 1.9438e+00    206.357 291.719726    5.14932    34.9995    35.0222    27.2955    1485.30    1490.38 0.0000e+00
       4975    207.000     7.8441     7.8438   3.615956   3.618053     1.9549      31.46     0.0249 5.1293e-02 1.9438e+00    207.240 291.719737    5.15751    35.0007    35.0236    27.2980    1485.28    1490.35 0.0000e+00
       4996    208.000     7.8440     7.8435   3.616308   3.618379     1.9570      99.05     0.0232 5.1273e-02 1.9438e+00    208.128 291.719747    5.17148    35.0041    35.0269    27.3007    1485.30    1490.33 0.0000e+00
       5017    209.000     7.8458     7.8452   3.616945   3.619010     1.9579      98.76     0.0219 5.1267e-02 1.9438e+00    209.010 291.719757    5.17046    35.0087    35.0315    27.3041    1485.33    1490.30 0.0000e+00
       5039    210.000     7.8456     7.8452   3.617126   3.619216     1.9587      45.97     0.0212 5.1305e-02 1.9438e+00    209.921 291.719768    5.17823    35.0103    35.0333    27.3054    1485.35    1490.28 0.0000e+00
       5061    211.000     7.8420     7.8417   3.617028   3.619125     1.9614      80.97     0.0189 5.1280e-02 1.9438e+00    210.843 291.719778    5.20495    35.0124    35.0353    27.3076    1485.35    1490.26 0.0000e+00
       5083    212.000     7.8293     7.8299   3.616162   3.618335     1.9644      98.39     0.0183 5.1267e-02 1.9438e+00    211.751 291.719789    5.21756    35.0153    35.0381    27.3117    1485.33    1490.23 0.0000e+00
       5105    213.000     7.8174     7.8174   3.615057   3.617168     1.9675      98.76     0.0203 5.1266e-02 1.9438e+00    212.678 291.719799    5.22729    35.0148    35.0376    27.3131    1485.30    1490.21 0.0000e+00
       5127    214.000     7.8119     7.8116   3.614628   3.616710     1.9698      98.75     0.0203 5.1273e-02 -9.990e-29    213.589 291.719810    5.22884    35.0152    35.0380    27.3143    1485.29    1490.19 0.0000e+00
       5149    215.000     7.8074     7.8069   3.614387   3.616454     1.9712      98.75     0.0189 5.1273e-02 -9.990e-29    214.511 291.719821    5.23136    35.0167    35.0395    27.3160    1485.29    1490.16 0.0000e+00
       5171    216.000     7.8056     7.8053   3.614500   3.616575     1.9728      98.75     0.0201 5.1273e-02 -9.990e-29    215.433 291.719831    5.23667    35.0192    35.0419    27.3183    1485.31    1490.14 0.0000e+00
       5193    217.000     7.8035     7.8028   3.614594   3.616645     1.9738      98.71     0.0191 5.1273e-02 1.9438e+00    216.331 291.719842    5.23654    35.0218    35.0447    27.3207    1485.32    1490.12 0.0000e+00
       5216    218.000     7.8072     7.8066   3.615277   3.617323     1.9745      98.69     0.0190 5.1273e-02 1.9438e+00    217.279 291.719853    5.23750    35.0250    35.0477    27.3226    1485.35    1490.10 0.0000e+00
       5238    219.000     7.8073     7.8069   3.615542   3.617616     1.9754      98.72     0.0188 5.1273e-02 1.9438e+00    218.220 291.719864    5.24348    35.0273    35.0501    27.3244    1485.37    1490.08 0.0000e+00
       5260    220.000     7.8032     7.8028   3.615348   3.617422     1.9765      98.74     0.0205 5.1273e-02 1.9438e+00    219.128 291.719874    5.25811    35.0288    35.0516    27.3262    1485.38    1490.05 0.0000e+00
