testdata/CTD/sta0407.cnv
* Sea-Bird SBE 9 Data File:
* FileName = C:\Seabird\CTDData\sta0407.hex
* Software Version Seasave V 7.21f
* Temperature SN = 4557
* Conductivity SN = 1337
* Number of Bytes Per Scan = 40
* Number of Voltage Words = 5
* Number of Scans Averaged by the Deck Unit = 1
* NMEA Latitude = 60 49.57 N
* NMEA Longitude = 005 21.01 E
* NMEA UTC (Time) = Oct 14 2018 06:59:51
* NMEA baud rate = 4800
** Ship: 10 F/F "G. O. Sars"
** Station: 0407
** Echodepth: 286
** Log: 5340.14
** Wind-Dir Force: 18 18
** Air-temp (dry): 18.1
** Weather Sky: 2 8
** Sea Ice: 1 0
# nquan = 20                                
# nvalues = 277                         
# units = specified
# name 0 = scan: Scan Count
# name 1 = prDM: Pressure, Digiquartz [db]
# name 2 = t068C: Temperature [ITS-68, deg C]
# name 3 = t168C: Temperature, 2 [ITS-68, deg C]
# name 4 = c0S/m: Conductivity [S/m]
# name 5 = c1S/m: Conductivity, 2 [S/m]
# name 6 = sbeox0V: Oxygen raw, SBE 43 [V]
# name 7 = altM: Altimeter [m]
# name 8 = flC: Fluorescence, Chelsea Aqua 3 Chl Con [ug/l]
# name 9 = par: PAR/Irradiance, Biospherical/Licor
# name 10 = spar: SPAR/Surface Irradiance
# name 11 = timeS: Time, Elapsed [seconds]
# name 12 = timeJ: Julian Days
# name 13 = sbeox0ML/L: Oxygen, SBE 43 [ml/l], WS = 2
# name 14 = sal00: Salinity, Practical [PSU]
# name 15 = sal11: Salinity, Practical, 2 [PSU]
# name 16 = sigma-t00: Density [sigma-t, Kg/m^3 ]
# name 17 = svCM: Sound Velocity [Chen-Millero, m/s]
# name 18 = avgsvCM: Average Sound Velocity [Chen-Millero, m/s], minP = 1, minS = 5
# name 19 = flag: flag
# span 0 =        276,       6196       
# span 1 =      4.000,    280.000       
# span 2 =     8.0806,    15.0462       
# span 3 =     8.0803,    15.0523       
# span 4 =   3.032551,   3.924656       
# span 5 =   3.030495,   3.928181       
# span 6 =     1.6481,     2.2528       
# span 7 =      13.02,      98.79       
# span 8 =     0.0218,     0.2477       
# span 9 = 5.1246e-02, 6.7968e-01       
# span 10 = 5.3854e+00, 9.7257e+00      
# span 11 =     11.468,    258.140      
# span 12 = 287.291730, 287.294585      
# span 13 =    3.95363,    5.68105      
# span 14 =    24.8961,    34.9605      
# span 15 =    24.8827,    34.9826      
# span 16 =    18.5331,    27.2310      
# span 17 =    1485.00,    1503.09      
# span 18 =    1488.78,    1499.03      
# span 19 = 0.0000e+00, 0.0000e+00      
# interval = decibars: 1                
# start_time = Oct 14 2018 06:59:54 [System UTC, header]
# bad_flag = -9.990e-29
*END*
[from data line 218]
       4942    222.000     8.0912     8.0909   3.635579   3.637633     1.6987      97.89     0.0245 5.1273e-02 9.7189e+00    205.888 287.293980    4.21225    34.9574    34.9797    27.2270    1486.41    1489.27 0.0000e+00
       4964    223.000     8.0913     8.0909   3.635646   3.637698     1.6989      97.45     0.0271 5.1273e-02 8.6630e+00    206.801 287.293991    4.21822    34.9575    34.9799    27.2271    1486.43    1489.26 0.0000e+00
       4986    224.000     8.0911     8.0908   3.635700   3.637751     1.6994      97.11     0.0279 5.1260e-02 9.7149e+00    207.726 287.294001    4.22073    34.9578    34.9801    27.2273    1486.44    1489.25 0.0000e+00
       5008    225.000     8.0911     8.0910   3.635754   3.637818     1.6996      96.95     0.0264 5.1247e-02 9.7189e+00    208.631 287.294012    4.21599    34.9579    34.9801    27.2274    1486.46    1489.23 0.0000e+00
       5030    226.000     8.0913     8.0910   3.635808   3.637862     1.6988      97.86     0.0262 5.1266e-02 9.7189e+00    209.553 287.294023    4.20858    34.9578    34.9801    27.2273    1486.47    1489.22 0.0000e+00
       5052    227.000     8.0912     8.0909   3.635843   3.637903     1.6982      97.93     0.0275 5.1273e-02 9.7189e+00    210.473 287.294033    4.20812    34.9578    34.9802    27.2273    1486.49    1489.21 0.0000e+00
       5074    228.000     8.0910     8.0907   3.635883   3.637934     1.6975      98.01     0.0284 5.1273e-02 9.7189e+00    211.383 287.294044    4.21127    34.9580    34.9802    27.2275    1486.51    1489.20 0.0000e+00
       5096    229.000     8.0910     8.0907   3.635926   3.637978     1.6980      97.93     0.0264 5.1273e-02 9.7189e+00    212.304 287.294054    4.22030    34.9580    34.9802    27.2274    1486.52    1489.19 0.0000e+00
       5118    230.000     8.0911     8.0908   3.635982   3.638031     1.6984      97.80     0.0281 5.1246e-02 9.7189e+00    213.209 287.294065    4.21834    34.9580    34.9802    27.2274    1486.54    1489.17 0.0000e+00
       5140    231.000     8.0905     8.0902   3.635979   3.638025     1.6984      98.01     0.0304 5.1273e-02 9.7189e+00    214.119 287.294075    4.21798    34.9581    34.9803    27.2276    1486.55    1489.16 0.0000e+00
       5162    232.000     8.0897     8.0894   3.635962   3.638012     1.6985      98.08     0.0294 5.1266e-02 9.7189e+00    215.041 287.294086    4.22290    34.9582    34.9804    27.2278    1486.57    1489.15 0.0000e+00
       5184    233.000     8.0897     8.0894   3.636018   3.638059     1.6993      98.11     0.0276 5.1273e-02 9.7189e+00    215.939 287.294097    4.22280    34.9583    34.9805    27.2279    1486.58    1489.14 0.0000e+00
       5206    234.000     8.0898     8.0895   3.636069   3.638109     1.6989      98.09     0.0282 5.1260e-02 9.7189e+00    216.855 287.294107    4.22122    34.9583    34.9804    27.2279    1486.60    1489.13 0.0000e+00
       5227    235.000     8.0899     8.0896   3.636126   3.638177     1.6993      98.07     0.0250 5.1260e-02 8.6632e+00    217.765 287.294118    4.22608    34.9583    34.9806    27.2279    1486.62    1489.12 0.0000e+00
       5249    236.000     8.0897     8.0895   3.636154   3.638215     1.6994      98.12     0.0229 5.1273e-02 9.7099e+00    218.664 287.294128    4.21997    34.9583    34.9806    27.2279    1486.63    1489.11 0.0000e+00
       5271    237.000     8.0897     8.0894   3.636209   3.638243     1.6987      98.09     0.0254 5.1266e-02 9.7190e+00    219.572 287.294139    4.21279    34.9584    34.9805    27.2280    1486.65    1489.10 0.0000e+00
       5292    238.000     8.0896     8.0893   3.636238   3.638287     1.6977      98.09     0.0293 5.1266e-02 9.7189e+00    220.464 287.294149    4.21358    34.9583    34.9806    27.2280    1486.67    1489.09 0.0000e+00
       5314    239.000     8.0893     8.0889   3.636267   3.638307     1.6975      98.11     0.0303 5.1273e-02 9.7189e+00    221.366 287.294159    4.21615    34.9585    34.9807    27.2281    1486.68    1489.08 0.0000e+00
       5336    240.000     8.0890     8.0888   3.636295   3.638349     1.6973      98.12     0.0297 5.1273e-02 9.7189e+00    222.274 287.294170    4.21798    34.9586    34.9808    27.2282    1486.70    1489.07 0.0000e+00
       5357    241.000     8.0891     8.0888   3.636348   3.638394     1.6973      98.16     0.0291 5.1280e-02 9.7189e+00    223.165 287.294180    4.22010    34.9586    34.9808    27.2282    1486.71    1489.06 0.0000e+00
       5378    242.000     8.0890     8.0887   3.636388   3.638440     1.6974      98.17     0.0277 5.1266e-02 9.7189e+00    224.062 287.294190    4.21886    34.9586    34.9809    27.2283    1486.73    1489.05 0.0000e+00
       5400    243.000     8.0890     8.0888   3.636426   3.638486     1.6973      98.13     0.0288 5.1273e-02 9.7189e+00    224.952 287.294201    4.22117    34.9586    34.9808    27.2282    1486.75    1489.04 0.0000e+00
       5421    244.000     8.0892     8.0889   3.636489   3.638538     1.6977      98.20     0.0318 5.1273e-02 9.7189e+00    225.844 287.294211    4.22852    34.9585    34.9808    27.2282    1486.76    1489.03 0.0000e+00
       5443    245.000     8.0896     8.0892   3.636565   3.638620     1.6984      98.16     0.0323 5.1273e-02 9.7189e+00    226.739 287.294222    4.22714    34.9585    34.9809    27.2281    1486.78    1489.02 0.0000e+00
       5464    246.000     8.0899     8.0897   3.636638   3.638695     1.6981      98.21     0.0320 5.1252e-02 9.7109e+00    227.630 287.294232    4.21767    34.9585    34.9807    27.2280    1486.80    1489.01 0.0000e+00
       5486    247.000     8.0901     8.0898   3.636699   3.638747     1.6972      98.21     0.0264 5.1273e-02 8.8465e+00    228.527 287.294242    4.22155    34.9585    34.9807    27.2280    1486.82    1489.00 0.0000e+00
       5507    248.000     8.0901     8.0899   3.636746   3.638802     1.6979      98.20     0.0269 5.1273e-02 9.7128e+00    229.431 287.294253    4.22792    34.9585    34.9807    27.2280    1486.83    1488.99 0.0000e+00
       5529    249.000     8.0898     8.0895   3.636768   3.638810     1.6978      98.14     0.0278 5.1266e-02 9.7189e+00    230.325 287.294263    4.21962    34.9585    34.9807    27.2281    1486.85    1488.99 0.0000e+00
       5550    250.000     8.0894     8.0891   3.636785   3.638827     1.6969      98.15     0.0251 5.1273e-02 9.7189e+00    231.223 287.294273    4.21234    34.9586    34.9808    27.2282    1486.86    1488.98 0.0000e+00
       5572    251.000     8.0888     8.0885   3.636784   3.638824     1.6959      98.19     0.0262 5.1273e-02 9.7189e+00    232.120 287.294284    4.22016    34.9587    34.9809    27.2284    1486.88    1488.97 0.0000e+00
       5593    252.000     8.0886     8.0884   3.636817   3.638855     1.6970      98.13     0.0277 5.1273e-02 9.7189e+00    233.007 287.294294    4.23469    34.9588    34.9808    27.2285    1486.89    1488.96 0.0000e+00
       5615    253.000     8.0884     8.0882   3.636847   3.638899     1.6980      98.15     0.0275 5.1273e-02 9.7189e+00    233.905 287.294304    4.23238    34.9588    34.9810    27.2285    1486.91    1488.95 0.0000e+00
       5636    254.000     8.0880     8.0877   3.636846   3.638895     1.6977      98.21     0.0266 5.1266e-02 9.7189e+00    234.799 287.294315    4.22491    34.9587    34.9810    27.2285    1486.92    1488.94 0.0000e+00
       5658    255.000     8.0875     8.0873   3.636867   3.638913     1.6975      98.69     0.0277 5.1273e-02 9.7189e+00    235.693 287.294325    4.22779    34.9590    34.9811    27.2288    1486.94    1488.94 0.0000e+00
       5679    256.000     8.0874     8.0872   3.636911   3.638957     1.6979      98.75     0.0265 5.1266e-02 8.8499e+00    236.590 287.294336    4.23879    34.9591    34.9812    27.2289    1486.96    1488.93 0.0000e+00
       5700    257.000     8.0874     8.0871   3.636942   3.638996     1.6992      98.75     0.0283 5.1266e-02 9.7174e+00    237.479 287.294346    4.24290    34.9589    34.9812    27.2288    1486.97    1488.92 0.0000e+00
       5722    258.000     8.0874     8.0870   3.636994   3.639029     1.6996      98.75     0.0290 5.1252e-02 9.7189e+00    238.375 287.294356    4.23262    34.9590    34.9812    27.2288    1486.99    1488.91 0.0000e+00
       5743    259.000     8.0870     8.0866   3.637012   3.639037     1.6983      98.77     0.0287 5.1253e-02 9.7189e+00    239.268 287.294366    4.21950    34.9591    34.9812    27.2290    1487.00    1488.91 0.0000e+00
       5765    260.000     8.0862     8.0860   3.636982   3.639032     1.6971      98.78     0.0284 5.1273e-02 9.7189e+00    240.165 287.294377    4.22014    34.9591    34.9813    27.2291    1487.02    1488.90 0.0000e+00
       5787    261.000     8.0861     8.0858   3.637029   3.639056     1.6965      98.77     0.0287 5.1266e-02 9.7189e+00    241.071 287.294387    4.22580    34.9592    34.9812    27.2292    1487.03    1488.89 0.0000e+00
       5808    262.000     8.0857     8.0852   3.637032   3.639053     1.6969      98.75     0.0286 5.1259e-02 9.7189e+00    241.964 287.294398    4.22932    34.9592    34.9813    27.2292    1487.05    1488.89 0.0000e+00
       5830    263.000     8.0851     8.0847   3.637034   3.639065     1.6963      47.50     0.0306 5.1273e-02 9.7189e+00    242.861 287.294408    4.22548    34.9593    34.9815    27.2294    1487.06    1488.88 0.0000e+00
       5851    264.000     8.0846     8.0843   3.637035   3.639088     1.6966      66.85     0.0302 5.1273e-02 9.7189e+00    243.760 287.294419    4.23019    34.9593    34.9816    27.2295    1487.08    1488.87 0.0000e+00
       5873    265.000     8.0844     8.0840   3.637068   3.639111     1.6968      58.69     0.0332 5.1266e-02 9.7189e+00    244.656 287.294429    4.23454    34.9594    34.9817    27.2296    1487.09    1488.86 0.0000e+00
       5894    266.000     8.0839     8.0837   3.637074   3.639118     1.6967      36.78     0.0314 5.1273e-02 9.7189e+00    245.557 287.294439    4.22615    34.9595    34.9816    27.2297    1487.11    1488.86 0.0000e+00
       5916    267.000     8.0832     8.0829   3.637075   3.639125     1.6962      25.90     0.0306 5.1266e-02 9.6700e+00    246.456 287.294450    4.22923    34.9597    34.9820    27.2300    1487.12    1488.85 0.0000e+00
       5937    268.000     8.0833     8.0830   3.637131   3.639169     1.6965      24.96     0.0304 5.1280e-02 8.7058e+00    247.350 287.294460    4.23523    34.9597    34.9819    27.2300    1487.14    1488.85 0.0000e+00
       5959    269.000     8.0833     8.0830   3.637172   3.639211     1.6970      24.07     0.0325 5.1280e-02 9.7143e+00    248.246 287.294470    4.23713    34.9597    34.9818    27.2300    1487.15    1488.84 0.0000e+00
       5980    270.000     8.0832     8.0829   3.637216   3.639257     1.6971      23.30     0.0318 5.1273e-02 9.7189e+00    249.138 287.294481    4.23561    34.9598    34.9819    27.2301    1487.17    1488.83 0.0000e+00
       6002    271.000     8.0833     8.0830   3.637263   3.639304     1.6972      22.18     0.0317 5.1287e-02 9.7189e+00    250.032 287.294491    4.23334    34.9597    34.9819    27.2300    1487.19    1488.83 0.0000e+00
       6023    272.000     8.0833     8.0830   3.637315   3.639363     1.6967      21.23     0.0325 5.1273e-02 9.7189e+00    250.922 287.294501    4.22833    34.9598    34.9820    27.2300    1487.20    1488.82 0.0000e+00
       6044    273.000     8.0834     8.0831   3.637363   3.639414     1.6961      20.14     0.0324 5.1286e-02 9.7189e+00    251.811 287.294512    4.22398    34.9597    34.9820    27.2300    1487.22    1488.81 0.0000e+00
       6066    274.000     8.0832     8.0830   3.637394   3.639447     1.6950      19.08     0.0295 5.1280e-02 9.7189e+00    252.711 287.294522    4.22542    34.9598    34.9820    27.2301    1487.24    1488.81 0.0000e+00
       6088    275.000     8.0830     8.0828   3.637431   3.639481     1.6953      18.09     0.0281 5.1273e-02 9.7189e+00    253.613 287.294533    4.23232    34.9599    34.9820    27.2302    1487.25    1488.80 0.0000e+00
       6109    276.000     8.0829     8.0828   3.637477   3.639522     1.6953      17.02     0.0274 5.1286e-02 9.7189e+00    254.510 287.294543    4.22944    34.9600    34.9820    27.2303    1487.27    1488.80 0.0000e+00
       6131    277.000     8.0830     8.0827   3.637519   3.639574     1.6948      15.99     0.0285 5.1280e-02 9.7189e+00    255.412 287.294553    4.22735    34.9599    34.9822    27.2302    1487.29    1488.79 0.0000e+00
       6152    278.000     8.0817     8.0814   3.637480   3.639520     1.6948      15.01     0.0305 5.1273e-02 9.7189e+00    256.300 287.294564    4.23016    34.9603    34.9824    27.2307    1487.30    1488.79 0.0000e+00
       6174    279.000     8.0806     8.0804   3.637444   3.639494     1.6947      14.07     0.0309 5.1273e-02 9.1680e+00    257.197 287.294574    4.23076    34.9605    34.9826    27.2310    1487.31    1488.78 0.0000e+00
       6196    280.000     8.0809     8.0803   3.637486   3.639511     1.6949      13.02     0.0305 5.1337e-02 5.8367e+00    258.140 287.294585    4.23273    34.9602    34.9824    27.2307    1487.33    1488.78 0.0000e+00
