testdata/CTD/sta0413.cnv
* Sea-Bird SBE 9 Data File:
* FileName = C:\Seabird\CTDData\sta0413.hex
* Software Version Seasave V 7.21f
* Temperature SN = 4557
* Conductivity SN = 1337
* Number of Bytes Per Scan = 40
* Number of Voltage Words = 5
* Number of Scans Averaged by the Deck Unit = 1
* NMEA Latitude = 60 52.29 N
* NMEA Longitude = 005 24.72 E
* NMEA UTC (Time) = Oct 15 2018 12:06:07
* NMEA baud rate = 4800
** Ship: 10 F/F "G. O. Sars"
** Station: 0413
** Echodepth: 479
** Log: 5390.009
** Wind-Dir Force: 24 02
** Air-temp (dry): 7.9
** Weather Sky: 0 0
** Sea Ice: 0 0
# nquan = 20                                
# nvalues = 470                         
# units = specified
# name 0 = scan: Scan Count
# name 1 = prDM: Pressure, Digiquartz [db]
# name 2 = t068C: Temperature [ITS-68, deg C]
# name 3 = t168C: Temperature, 2 [ITS-68, deg C]
# name 4 = c0S/m: Conductivity [S/m]
# name 5 = c1S/m: Conductivity, 2 [S/m]
# name 6 = sbeox0V: Oxygen raw, SBE 43 [V]
# name 7 = altM: Altimeter [m]
# name 8 = flC: Fluorescence, Chelsea Aqua 3 Chl Con [ug/l]
# name 9 = par: PAR/Irradiance, Biospherical/Licor
# name 10 = spar: SPAR/Surface Irradiance
# name 11 = timeS: Time, Elapsed [seconds]
# name 12 = timeJ: Julian Days
# name 13 = sbeox0ML/L: Oxygen, SBE 43 [ml/l], WS = 2
# name 14 = sal00: Salinity, Practical [PSU]
# name 15 = sal11: Salinity, Practical, 2 [PSU]
# name 16 = sigma-t00: Density [sigma-t, Kg/m^3 ]
# name 17 = svCM: Sound Velocity [Chen-Millero, m/s]
# name 18 = avgsvCM: Average Sound Velocity [Chen-Millero, m/s], minP = 1, minS = 5
# name 19 = flag: flag
# span 0 =        378,      10481       
# span 1 =      3.000,    472.000       
# span 2 =     8.0879,    15.7463       
# span 3 =     8.0875,    15.7434       
# span 4 =   3.404521,   3.990286       
# span 5 =   3.459399,   3.993314       
# span 6 =     0.8752,     2.1549       
# span 7 =      11.10,      99.51       
# span 8 =     0.0214,     0.1342       
# span 9 = 5.1232e-02, 9.0815e+01       
# span 10 = 3.0323e+02, 7.1337e+02      
# span 11 =     15.725,    436.670      
# span 12 = 288.504464, 288.509336      
# span 13 =    1.30236,    5.40195      
# span 14 =    27.5098,    35.0231      
# span 15 =    27.9915,    35.0472      
# span 16 =    20.3399,    27.2610      
# span 17 =    1485.02,    1505.31      
# span 18 =    1488.98,    1502.16      
# span 19 = 0.0000e+00, 0.0000e+00      
# interval = decibars: 1                
# start_time = Oct 15 2018 12:06:10 [System UTC, header]
# bad_flag = -9.990e-29
*END*
[from data line 435]
       9681    438.000     8.1979     8.1977   3.661030   3.663266     0.9398      95.95     0.0400 5.1273e-02 3.1684e+02    403.350 288.508951    1.50758    35.0199    35.0439    27.2599    1490.45    1489.12 0.0000e+00
       9703    439.000     8.1984     8.1981   3.661139   3.663360     0.9369      65.89     0.0410 5.1266e-02 3.1684e+02    404.241 288.508961    1.50323    35.0201    35.0441    27.2599    1490.46    1489.12 0.0000e+00
       9724    440.000     8.1986     8.1984   3.661216   3.663449     0.9348      82.68     0.0390 5.1266e-02 3.1728e+02    405.144 288.508972    1.49678    35.0203    35.0443    27.2600    1490.48    1489.13 0.0000e+00
       9746    441.000     8.1988     8.1986   3.661286   3.663518     0.9324      98.72     0.0388 5.1266e-02 3.1868e+02    406.040 288.508982    1.48693    35.0203    35.0443    27.2601    1490.50    1489.13 0.0000e+00
       9767    442.000     8.1990     8.1988   3.661348   3.663574     0.9301      98.74     0.0373 5.1279e-02 3.1878e+02    406.931 288.508992    1.47981    35.0203    35.0442    27.2600    1490.52    1489.13 0.0000e+00
       9789    443.000     8.1995     8.1993   3.661466   3.663691     0.9279      98.74     0.0391 5.1273e-02 3.1943e+02    407.833 288.509003    1.47612    35.0206    35.0445    27.2602    1490.53    1489.14 0.0000e+00
       9810    444.000     8.2001     8.1999   3.661579   3.663821     0.9264      98.74     0.0394 5.1273e-02 3.2071e+02    408.723 288.509013    1.47495    35.0207    35.0448    27.2602    1490.55    1489.14 0.0000e+00
       9832    445.000     8.2006     8.2006   3.661688   3.663945     0.9248      98.74     0.0396 5.1273e-02 3.2118e+02    409.616 288.509023    1.46712    35.0209    35.0450    27.2602    1490.57    1489.14 0.0000e+00
       9853    446.000     8.2010     8.2009   3.661796   3.664028     0.9231      52.11     0.0397 5.1266e-02 3.2269e+02    410.513 288.509034    1.46057    35.0212    35.0451    27.2604    1490.59    1489.15 0.0000e+00
       9875    447.000     8.2014     8.2012   3.661880   3.664123     0.9214      99.00     0.0413 5.1266e-02 3.2240e+02    411.402 288.509044    1.45225    35.0212    35.0453    27.2604    1490.61    1489.15 0.0000e+00
       9896    448.000     8.2018     8.2016   3.661974   3.664207     0.9190      98.73     0.0422 5.1273e-02 3.2537e+02    412.301 288.509054    1.43674    35.0214    35.0454    27.2604    1490.63    1489.15 0.0000e+00
       9918    449.000     8.2020     8.2019   3.662047   3.664275     0.9164      98.73     0.0415 5.1273e-02 3.2654e+02    413.193 288.509065    1.42711    35.0215    35.0453    27.2605    1490.64    1489.16 0.0000e+00
       9939    450.000     8.2023     8.2022   3.662125   3.664363     0.9137      98.73     0.0407 5.1273e-02 3.2684e+02    414.087 288.509075    1.41905    35.0215    35.0455    27.2605    1490.66    1489.16 0.0000e+00
       9961    451.000     8.2025     8.2022   3.662187   3.664407     0.9115      98.72     0.0397 5.1266e-02 3.2852e+02    414.990 288.509086    1.41544    35.0215    35.0455    27.2604    1490.68    1489.16 0.0000e+00
       9982    452.000     8.2029     8.2027   3.662279   3.664519     0.9096      94.09     0.0413 5.1273e-02 3.2849e+02    415.879 288.509096    1.40977    35.0216    35.0457    27.2604    1490.70    1489.17 0.0000e+00
      10004    453.000     8.2031     8.2030   3.662344   3.664598     0.9077      59.13     0.0419 5.1273e-02 3.2753e+02    416.775 288.509106    1.40633    35.0216    35.0458    27.2604    1490.71    1489.17 0.0000e+00
      10025    454.000     8.2033     8.2031   3.662414   3.664646     0.9063      49.97     0.0419 5.1280e-02 3.2655e+02    417.674 288.509117    1.40228    35.0217    35.0457    27.2605    1490.73    1489.17 0.0000e+00
      10047    455.000     8.2035     8.2032   3.662474   3.664713     0.9048      34.53     0.0423 5.1280e-02 3.2638e+02    418.567 288.509127    1.39665    35.0217    35.0459    27.2604    1490.75    1489.18 0.0000e+00
      10068    456.000     8.2041     8.2040   3.662608   3.664855     0.9031      33.87     0.0433 5.1273e-02 3.2463e+02    419.469 288.509137    1.38990    35.0220    35.0461    27.2606    1490.77    1489.18 0.0000e+00
      10090    457.000     8.2045     8.2044   3.662712   3.664956     0.9015      37.17     0.0431 5.1273e-02 3.2451e+02    420.360 288.509148    1.38449    35.0223    35.0463    27.2607    1490.79    1489.18 0.0000e+00
      10111    458.000     8.2052     8.2050   3.662852   3.665088     0.9000      90.54     0.0417 5.1273e-02 3.2164e+02    421.254 288.509158    1.37920    35.0226    35.0466    27.2609    1490.81    1489.19 0.0000e+00
      10133    459.000     8.2055     8.2053   3.662937   3.665161     0.8981      54.61     0.0412 5.1280e-02 3.2268e+02    422.152 288.509168    1.36660    35.0227    35.0466    27.2609    1490.82    1489.19 0.0000e+00
      10154    460.000     8.2059     8.2057   3.663017   3.665256     0.8959      29.60     0.0392 5.1273e-02 3.2267e+02    423.039 288.509179    1.35597    35.0227    35.0468    27.2609    1490.84    1489.19 0.0000e+00
      10175    461.000     8.2062     8.2059   3.663093   3.665337     0.8933      28.96     0.0384 5.1280e-02 3.2251e+02    423.928 288.509189    1.34563    35.0228    35.0470    27.2608    1490.86    1489.20 0.0000e+00
      10197    462.000     8.2064     8.2062   3.663169   3.665405     0.8909      27.97     0.0405 5.1266e-02 3.2091e+02    424.818 288.509199    1.33546    35.0229    35.0469    27.2609    1490.88    1489.20 0.0000e+00
      10218    463.000     8.2066     8.2064   3.663226   3.665466     0.8882      27.13     0.0426 5.1280e-02 3.2072e+02    425.707 288.509210    1.32593    35.0228    35.0469    27.2608    1490.89    1489.20 0.0000e+00
      10239    464.000     8.2067     8.2066   3.663284   3.665533     0.8857      37.47     0.0419 5.1280e-02 3.2072e+02    426.600 288.509220    1.32170    35.0229    35.0470    27.2609    1490.91    1489.21 0.0000e+00
      10261    465.000     8.2069     8.2067   3.663351   3.665591     0.8839      54.57     0.0434 5.1273e-02 3.2072e+02    427.490 288.509230    1.31880    35.0229    35.0470    27.2609    1490.93    1489.21 0.0000e+00
      10282    466.000     8.2070     8.2068   3.663412   3.665648     0.8823      23.28     0.0416 5.1273e-02 3.2072e+02    428.382 288.509241    1.31761    35.0230    35.0470    27.2609    1490.95    1489.22 0.0000e+00
      10304    467.000     8.2072     8.2070   3.663474   3.665711     0.8809      22.53     0.0411 5.1300e-02 3.2072e+02    429.278 288.509251    1.31539    35.0230    35.0470    27.2609    1490.96    1489.22 0.0000e+00
      10325    468.000     8.2073     8.2071   3.663540   3.665776     0.8801      21.61     0.0380 5.1294e-02 3.2025e+02    430.170 288.509261    1.31556    35.0231    35.0472    27.2610    1490.98    1489.22 0.0000e+00
      10347    469.000     8.2076     8.2074   3.663598   3.665842     0.8792      20.71     0.0366 5.1293e-02 3.1798e+02    431.065 288.509272    1.31377    35.0230    35.0471    27.2608    1491.00    1489.23 0.0000e+00
      10368    470.000     8.2078     8.2075   3.663661   3.665907     0.8788      19.74     0.0413 5.1273e-02 3.1878e+02    431.955 288.509282    1.31501    35.0230    35.0472    27.2608    1491.01    1489.23 0.0000e+00
      10389    471.000     8.2079     8.2077   3.663722   3.665961     0.8781      18.72     0.0422 5.1280e-02 3.1878e+02    432.841 288.509292    1.30984    35.0231    35.0471    27.2608    1491.03    1489.23 0.0000e+00
      10481    472.000     8.2081     8.2077   3.663749   3.665985     0.8752      11.10     0.0397 5.1290e-02 3.2046e+02    436.670 288.509336    1.30236    35.0227    35.0469    27.2605    1491.05    1489.24 0.0000e+00
