testdata/CTD/sta0403.cnv
* Sea-Bird SBE 9 Data File:
* FileName = C:\Seabird\CTDData\sta0403.hex
* Software Version Seasave V 7.21f
* Temperature SN = 4557
* Conductivity SN = 1337
* Number of Bytes Per Scan = 40
* Number of Voltage Words = 5
* Number of Scans Averaged by the Deck Unit = 1
* NMEA Latitude = 60 48.35 N
* NMEA Longitude = 005 17.04 E
* NMEA UTC (Time) = Oct 14 2018 04:59:48
* NMEA baud rate = 4800
** Ship: 10 F/F "G. O. Sars"
** Station: 0403
** Echodepth: 196
** Log: 5336.42
** Wind-Dir Force: 17 15
** Air-temp (dry): 18.9
** Weather Sky: 8 8
** Sea Ice: 3 0
# nquan = 20                                
# nvalues = 187                         
# units = specified
# name 0 = scan: Scan Count
# name 1 = prDM: Pressure, Digiquartz [db]
# name 2 = t068C: Temperature [ITS-68, deg C]
# name 3 = t168C: Temperature, 2 [ITS-68, deg C]
# name 4 = c0S/m: Conductivity [S/m]
# name 5 = c1S/m: Conductivity, 2 [S/m]
# name 6 = sbeox0V: Oxygen raw, SBE 43 [V]
# name 7 = altM: Altimeter [m]
# name 8 = flC: Fluorescence, Chelsea Aqua 3 Chl Con [ug/l]
# name 9 = par: PAR/Irradiance, Biospherical/Licor
# name 10 = spar: SPAR/Surface Irradiance
# name 11 = timeS: Time, Elapsed [seconds]
# name 12 = timeJ: Julian Days
# name 13 = sbeox0ML/L: Oxygen, SBE 43 [ml/l], WS = 2
# name 14 = sal00: Salinity, Practical [PSU]
# name 15 = sal11: Salinity, Practical, 2 [PSU]
# name 16 = sigma-t00: Density [sigma-t, Kg/m^3 ]
# name 17 = svCM: Sound Velocity [Chen-Millero, m/s]
# name 18 = avgsvCM: Average Sound Velocity [Chen-Millero, m/s], minP = 1, minS = 5
# name 19 = flag: flag
# span 0 =        845,       4830       
# span 1 =      4.000,    190.000       
# span 2 =     7.9952,    14.5232       
# span 3 =     7.9944,    14.5326       
# span 4 =   3.460833,   3.870438       
# span 5 =   3.462651,   3.872657       
# span 6 =     1.8090,     2.1894       
# span 7 =       5.66,      99.03       
# span 8 =     0.0240,     0.1759       
# span 9 = 5.1241e-02, 4.5883e-01       
# span 10 = 1.9438e+00, 1.9438e+00      
# span 11 =     35.156,    201.204      
# span 12 = 287.208624, 287.210546      
# span 13 =    4.56794,    5.37299      
# span 14 =    28.3650,    35.0009      
# span 15 =    28.3825,    35.0249      
# span 16 =    21.0939,    27.2756      
# span 17 =    1485.10,    1500.57      
# span 18 =    1491.18,    1498.44      
# span 19 = 0.0000e+00, 0.0000e+00      
# interval = decibars: 1                
# start_time = Oct 14 2018 04:59:50 [System UTC, header]
# bad_flag = -9.990e-29
*END*
[from data line 145]
       3964    149.000     8.0759     8.0751   3.628287   3.630473     1.8400      98.61     0.0270 5.1273e-02 -9.990e-29    165.127 287.210129    4.68293    34.9298    34.9541    27.2076    1485.12    1492.79 0.0000e+00
       3985    150.000     8.0756     8.0749   3.628315   3.630503     1.8411      98.33     0.0286 5.1266e-02 -9.990e-29    166.006 287.210139    4.69311    34.9300    34.9541    27.2078    1485.13    1492.74 0.0000e+00
       4006    151.000     8.0740     8.0733   3.628300   3.630471     1.8424      98.74     0.0307 5.1273e-02 -9.990e-29    166.888 287.210149    4.70182    34.9309    34.9549    27.2088    1485.14    1492.69 0.0000e+00
       4027    152.000     8.0654     8.0647   3.627925   3.630114     1.8439      98.38     0.0311 5.1259e-02 -9.990e-29    167.761 287.210159    4.70709    34.9350    34.9591    27.2133    1485.13    1492.64 0.0000e+00
       4048    153.000     8.0643     8.0637   3.627935   3.630131     1.8452      98.53     0.0297 5.1259e-02 -9.990e-29    168.643 287.210169    4.70525    34.9357    34.9598    27.2140    1485.14    1492.59 0.0000e+00
       4070    154.000     8.0636     8.0630   3.627968   3.630157     1.8447      74.56     0.0309 5.1273e-02 -9.990e-29    169.524 287.210180    4.68683    34.9363    34.9603    27.2145    1485.16    1492.54 0.0000e+00
       4091    155.000     8.0615     8.0608   3.627887   3.630075     1.8433      76.61     0.0293 5.1266e-02 -9.990e-29    170.405 287.210190    4.67856    34.9370    34.9612    27.2154    1485.17    1492.50 0.0000e+00
       4112    156.000     8.0579     8.0574   3.627809   3.630017     1.8412      42.17     0.0279 5.1273e-02 -9.990e-29    171.295 287.210200    4.67335    34.9393    34.9634    27.2178    1485.17    1492.45 0.0000e+00
       4133    157.000     8.0566     8.0560   3.627832   3.630020     1.8405      65.54     0.0270 5.1273e-02 -9.990e-29    172.173 287.210210    4.67629    34.9403    34.9644    27.2188    1485.19    1492.40 0.0000e+00
       4154    158.000     8.0556     8.0550   3.627858   3.630052     1.8390      51.28     0.0250 5.1266e-02 -9.990e-29    173.054 287.210220    4.67576    34.9411    34.9652    27.2196    1485.20    1492.36 0.0000e+00
       4175    159.000     8.0537     8.0530   3.627869   3.630044     1.8398      39.92     0.0240 5.1273e-02 -9.990e-29    173.937 287.210231    4.69136    34.9426    34.9667    27.2210    1485.21    1492.31 0.0000e+00
       4197    160.000     8.0503     8.0496   3.627797   3.629992     1.8403      67.43     0.0263 5.1260e-02 -9.990e-29    174.814 287.210241    4.68862    34.9448    34.9690    27.2232    1485.22    1492.27 0.0000e+00
       4218    161.000     8.0477     8.0469   3.627803   3.629982     1.8398      85.59     0.0305 5.1266e-02 -9.990e-29    175.698 287.210251    4.67441    34.9469    34.9711    27.2253    1485.23    1492.22 0.0000e+00
       4239    162.000     8.0435     8.0428   3.627687   3.629864     1.8380      36.47     0.0292 5.1273e-02 -9.990e-29    176.585 287.210261    4.66664    34.9494    34.9735    27.2279    1485.23    1492.18 0.0000e+00
       4260    163.000     8.0418     8.0410   3.627687   3.629877     1.8368      35.82     0.0303 5.1273e-02 -9.990e-29    177.461 287.210272    4.66558    34.9506    34.9749    27.2291    1485.24    1492.14 0.0000e+00
       4281    164.000     8.0385     8.0378   3.627555   3.629731     1.8356      34.79     0.0287 5.1273e-02 -9.990e-29    178.345 287.210282    4.65956    34.9520    34.9761    27.2307    1485.25    1492.09 0.0000e+00
       4302    165.000     8.0361     8.0355   3.627466   3.629653     1.8339      34.27     0.0286 5.1280e-02 -9.990e-29    179.220 287.210292    4.66030    34.9530    34.9770    27.2318    1485.26    1492.05 0.0000e+00
       4323    166.000     8.0359     8.0355   3.627540   3.629736     1.8337      33.18     0.0302 5.1266e-02 -9.990e-29    180.097 287.210302    4.67000    34.9535    34.9774    27.2322    1485.27    1492.01 0.0000e+00
       4344    167.000     8.0339     8.0330   3.627471   3.629653     1.8341      32.17     0.0303 5.1273e-02 -9.990e-29    180.978 287.210312    4.68034    34.9542    34.9785    27.2331    1485.28    1491.97 0.0000e+00
       4366    168.000     8.0321     8.0315   3.627493   3.629672     1.8356      31.16     0.0318 5.1273e-02 -9.990e-29    181.859 287.210322    4.68869    34.9558    34.9798    27.2346    1485.30    1491.93 0.0000e+00
       4387    169.000     8.0294     8.0288   3.627514   3.629689     1.8363      30.00     0.0288 5.1273e-02 -9.990e-29    182.736 287.210333    4.68360    34.9582    34.9822    27.2369    1485.30    1491.89 0.0000e+00
       4408    170.000     8.0250     8.0244   3.627459   3.629636     1.8363      29.23     0.0280 5.1273e-02 1.9438e+00    183.617 287.210343    4.68165    34.9615    34.9855    27.2402    1485.31    1491.85 0.0000e+00
       4429    171.000     8.0240     8.0234   3.627469   3.629653     1.8363      23.50     0.0260 5.1287e-02 1.9438e+00    184.496 287.210353    4.68266    34.9622    34.9862    27.2408    1485.32    1491.82 0.0000e+00
       4450    172.000     8.0235     8.0229   3.627482   3.629656     1.8364      22.64     0.0279 5.1273e-02 1.9438e+00    185.376 287.210363    4.68514    34.9623    34.9862    27.2410    1485.34    1491.78 0.0000e+00
       4471    173.000     8.0211     8.0204   3.627506   3.629684     1.8368      26.56     0.0285 5.1273e-02 1.9438e+00    186.256 287.210373    4.69296    34.9645    34.9886    27.2431    1485.35    1491.74 0.0000e+00
       4492    174.000     8.0160     8.0154   3.627470   3.629646     1.8377      23.56     0.0269 5.1266e-02 1.9438e+00    187.137 287.210383    4.69975    34.9687    34.9927    27.2472    1485.35    1491.70 0.0000e+00
       4514    175.000     8.0147     8.0140   3.627486   3.629666     1.8388      23.28     0.0264 5.1280e-02 -9.990e-29    188.024 287.210394    4.69846    34.9697    34.9938    27.2482    1485.36    1491.67 0.0000e+00
       4535    176.000     8.0131     8.0124   3.627567   3.629754     1.8385      21.43     0.0266 5.1280e-02 -9.990e-29    188.906 287.210404    4.68471    34.9717    34.9958    27.2500    1485.37    1491.63 0.0000e+00
       4556    177.000     8.0100     8.0094   3.627770   3.629936     1.8369      20.20     0.0260 5.1273e-02 -9.990e-29    189.785 287.210414    4.67770    34.9764    35.0003    27.2542    1485.39    1491.60 0.0000e+00
       4577    178.000     8.0092     8.0086   3.627831   3.629998     1.8363      21.13     0.0275 5.1273e-02 -9.990e-29    190.663 287.210424    4.68564    34.9774    35.0013    27.2551    1485.40    1491.56 0.0000e+00
       4598    179.000     8.0092     8.0086   3.627928   3.630110     1.8364      19.93     0.0282 5.1287e-02 1.9438e+00    191.537 287.210434    4.68933    34.9780    35.0020    27.2555    1485.42    1491.53 0.0000e+00
       4619    180.000     8.0076     8.0069   3.628121   3.630299     1.8364      17.89     0.0252 5.1280e-02 1.9438e+00    192.412 287.210445    4.68661    34.9812    35.0052    27.2582    1485.43    1491.49 0.0000e+00
       4640    181.000     8.0066     8.0059   3.628219   3.630387     1.8358      15.77     0.0250 5.1280e-02 1.9438e+00    193.295 287.210455    4.67883    34.9827    35.0067    27.2596    1485.45    1491.46 0.0000e+00
       4661    182.000     8.0031     8.0021   3.628445   3.630621     1.8346      14.70     0.0267 5.1294e-02 1.9438e+00    194.171 287.210465    4.66960    34.9882    35.0125    27.2644    1485.46    1491.43 0.0000e+00
       4682    183.000     7.9995     7.9990   3.628705   3.630860     1.8328      13.80     0.0289 5.1280e-02 1.9438e+00    195.050 287.210475    4.66048    34.9941    35.0177    27.2696    1485.47    1491.39 0.0000e+00
       4703    184.000     7.9994     7.9988   3.628761   3.630938     1.8309      13.01     0.0324 5.1315e-02 1.9438e+00    195.932 287.210485    4.65222    34.9943    35.0183    27.2698    1485.48    1491.36 0.0000e+00
       4724    185.000     7.9991     7.9985   3.628841   3.631021     1.8285      12.09     0.0305 5.1273e-02 1.9438e+00    196.808 287.210495    4.63327    34.9950    35.0190    27.2704    1485.50    1491.33 0.0000e+00
       4746    186.000     7.9983     7.9977   3.628943   3.631110     1.8246      10.97     0.0275 5.1307e-02 1.9438e+00    197.693 287.210506    4.61062    34.9964    35.0202    27.2716    1485.51    1491.30 0.0000e+00
       4767    187.000     7.9971     7.9966   3.629046   3.631219     1.8204      10.00     0.0291 5.1308e-02 1.9438e+00    198.570 287.210516    4.59575    34.9982    35.0220    27.2732    1485.53    1491.27 0.0000e+00
       4788    188.000     7.9968     7.9960   3.629110   3.631285     1.8162       8.95     0.0307 5.1314e-02 1.9438e+00    199.447 287.210526    4.58129    34.9987    35.0228    27.2736    1485.54    1491.24 0.0000e+00
       4809    189.000     7.9955     7.9949   3.629176   3.631342     1.8121       7.68     0.0293 5.1328e-02 1.9438e+00    200.334 287.210536    4.57328    35.0002    35.0241    27.2750    1485.56    1491.21 0.0000e+00
       4830    190.000     7.9952     7.9944   3.629257   3.631416     1.8090       5.66     0.0300 5.1410e-02 -9.990e-29    201.204 287.210546    4.56794    35.0009    35.0249    27.2756    1485.57    1491.18 0.0000e+00
