testdata/CTD/sta0415.cnv
* Sea-Bird SBE 9 Data File:
* FileName = C:\Seabird\CTDData\sta0415.hex
* Software Version Seasave V 7.21f
* Temperature SN = 4557
* Conductivity SN = 1337
* Number of Bytes Per Scan = 40
* Number of Voltage Words = 5
* Number of Scans Averaged by the Deck Unit = 1
* NMEA Latitude = 60 52.30 N
* NMEA Longitude = 005 24.73 E
* NMEA UTC (Time) = Oct 15 2018 23:30:07
* NMEA baud rate = 4800
** Ship: 10 F/F "G. O. Sars"
** Station: 0415
** Echodepth: 479
** Log: 5416.262
** Wind-Dir Force: 08 04
** Air-temp (dry): 5.7
** Weather Sky: 0 0
** Sea Ice: 0 0
# nquan = 20                                
# nvalues = 470                         
# units = specified
# name 0 = scan: Scan Count
# name 1 = prDM: Pressure, Digiquartz [db]
# name 2 = t068C: Temperature [ITS-68, deg C]
# name 3 = t168C: Temperature, 2 [ITS-68, deg C]
# name 4 = c0S/m: Conductivity [S/m]
# name 5 = c1S/m: Conductivity, 2 [S/m]
# name 6 = sbeox0V: Oxygen raw, SBE 43 [V]
# name 7 = altM: Altimeter [m]
# name 8 = flC: Fluorescence, Chelsea Aqua 3 Chl Con [ug/l]
# name 9 = par: PAR/Irradiance, Biospherical/Licor
# name 10 = spar: SPAR/Surface Irradiance
# name 11 = timeS: Time, Elapsed [seconds]
# name 12 = timeJ: Julian Days
# name 13 = sbeox0ML/L: Oxygen, SBE 43 [ml/l], WS = 2
# name 14 = sal00: Salinity, Practical [PSU]
# name 15 = sal11: Salinity, Practical, 2 [PSU]
# name 16 = sigma-t00: Density [sigma-t, Kg/m^3 ]
# name 17 = svCM: Sound Velocity [Chen-Millero, m/s]
# name 18 = avgsvCM: Average Sound Velocity [Chen-Millero, m/s], minP = 1, minS = 5
# name 19 = flag: flag
# span 0 =        309,      10432       
# span 1 =      2.000,    471.000       
# span 2 =     8.0887,    15.5770       
# span 3 =     8.0883,    15.5834       
# span 4 =   2.568185,   3.976426       
# span 5 =   2.548126,   3.978928       
# span 6 =     0.8812,     2.2436       
# span 7 =     -34.65,      99.68       
# span 8 =     0.0223,     0.1712       
# span 9 = 5.1232e-02, 1.0762e+00       
# span 10 = 1.8866e+00, 3.9755e+00      
# span 11 =     12.842,    434.637      
# span 12 = 288.979420, 288.984302      
# span 13 =    1.32249,    5.67007      
# span 14 =    20.6445,    35.0222      
# span 15 =    20.5643,    35.0447      
# span 16 =    15.2271,    27.2603      
# span 17 =    1484.77,    1504.38      
# span 18 =    1484.77,    1500.47      
# span 19 = 0.0000e+00, 0.0000e+00      
# interval = decibars: 1                
# start_time = Oct 15 2018 23:30:09 [System UTC, header]
# bad_flag = -9.990e-29
*END*
[from data line 145]
       3429    147.000     8.1443     8.1439   3.636832   3.638968     1.6249      98.76     0.0292 5.1266e-02 2.4173e+00    142.828 288.980924    3.90456    34.9542    34.9774    27.2164    1485.37    1491.44 0.0000e+00
       3450    148.000     8.1437     8.1433   3.636856   3.638999     1.6244      98.76     0.0294 5.1273e-02 3.8970e+00    143.714 288.980934    3.90108    34.9546    34.9779    27.2168    1485.38    1491.40 0.0000e+00
       3471    149.000     8.1422     8.1419   3.636808   3.638948     1.6239      98.76     0.0307 5.1273e-02 3.8876e+00    144.597 288.980944    3.90074    34.9551    34.9783    27.2174    1485.40    1491.35 0.0000e+00
       3492    150.000     8.1421     8.1417   3.636893   3.639014     1.6236      98.76     0.0305 5.1273e-02 3.8876e+00    145.472 288.980954    3.89491    34.9556    34.9787    27.2178    1485.41    1491.32 0.0000e+00
       3514    151.000     8.1428     8.1425   3.637037   3.639177     1.6220      98.76     0.0313 5.1273e-02 3.8876e+00    146.356 288.980965    3.88243    34.9559    34.9791    27.2180    1485.43    1491.28 0.0000e+00
       3535    152.000     8.1430     8.1425   3.637116   3.639243     1.6202      98.75     0.0333 5.1273e-02 3.8876e+00    147.235 288.980975    3.87280    34.9561    34.9794    27.2181    1485.45    1491.24 0.0000e+00
       3556    153.000     8.1426     8.1421   3.637122   3.639259     1.6178      98.75     0.0315 5.1273e-02 3.8876e+00    148.117 288.980985    3.85547    34.9561    34.9795    27.2182    1485.46    1491.20 0.0000e+00
       3577    154.000     8.1422     8.1417   3.637147   3.639270     1.6140      98.75     0.0306 5.1273e-02 3.8876e+00    149.002 288.980995    3.83062    34.9563    34.9795    27.2184    1485.48    1491.16 0.0000e+00
       3598    155.000     8.1411     8.1407   3.637110   3.639221     1.6094      98.76     0.0308 5.1273e-02 3.8876e+00    149.880 288.981006    3.81361    34.9565    34.9795    27.2187    1485.49    1491.13 0.0000e+00
       3619    156.000     8.1402     8.1398   3.637071   3.639191     1.6052      98.75     0.0278 5.1273e-02 3.8876e+00    150.765 288.981016    3.80541    34.9565    34.9796    27.2188    1485.51    1491.09 0.0000e+00
       3641    157.000     8.1400     8.1396   3.637100   3.639220     1.6018      98.75     0.0285 5.1273e-02 3.8876e+00    151.649 288.981026    3.80200    34.9565    34.9796    27.2189    1485.52    1491.05 0.0000e+00
       3662    158.000     8.1392     8.1388   3.637072   3.639190     1.5992      98.73     0.0301 5.1253e-02 2.5274e+00    152.527 288.981036    3.80070    34.9565    34.9796    27.2190    1485.53    1491.02 0.0000e+00
       3683    159.000     8.1383     8.1379   3.637042   3.639158     1.5975      98.71     0.0304 5.1266e-02 3.7796e+00    153.410 288.981046    3.80591    34.9566    34.9796    27.2192    1485.55    1490.98 0.0000e+00
       3704    160.000     8.1379     8.1375   3.637058   3.639168     1.5970      98.74     0.0254 5.1252e-02 3.8882e+00    154.297 288.981057    3.81430    34.9567    34.9797    27.2193    1485.56    1490.95 0.0000e+00
       3725    161.000     8.1373     8.1369   3.637046   3.639160     1.5973      98.73     0.0244 5.1280e-02 3.8876e+00    155.178 288.981067    3.82256    34.9567    34.9797    27.2194    1485.58    1490.92 0.0000e+00
       3746    162.000     8.1352     8.1348   3.636905   3.639024     1.5978      98.75     0.0287 5.1273e-02 3.8876e+00    156.060 288.981077    3.81699    34.9568    34.9799    27.2198    1485.59    1490.88 0.0000e+00
       3768    163.000     8.1340     8.1336   3.636833   3.638949     1.5970      98.75     0.0293 5.1266e-02 3.8876e+00    156.939 288.981087    3.81255    34.9567    34.9798    27.2200    1485.60    1490.85 0.0000e+00
       3789    164.000     8.1316     8.1312   3.636632   3.638739     1.5969      98.75     0.0273 5.1273e-02 3.8876e+00    157.823 288.981098    3.81766    34.9565    34.9794    27.2201    1485.60    1490.82 0.0000e+00
       3810    165.000     8.1300     8.1298   3.636515   3.638640     1.5970      98.73     0.0281 5.1280e-02 3.8876e+00    158.702 288.981108    3.82001    34.9563    34.9793    27.2203    1485.62    1490.79 0.0000e+00
       3831    166.000     8.1271     8.1266   3.636257   3.638351     1.5971      98.73     0.0297 5.1273e-02 3.8876e+00    159.576 288.981118    3.82346    34.9560    34.9789    27.2204    1485.62    1490.76 0.0000e+00
       3852    167.000     8.1228     8.1224   3.635876   3.637980     1.5979      98.66     0.0281 5.1266e-02 3.8876e+00    160.460 288.981128    3.83934    34.9557    34.9786    27.2209    1485.62    1490.73 0.0000e+00
       3873    168.000     8.1226     8.1222   3.635897   3.638007     1.6003      98.75     0.0287 5.1273e-02 2.6823e+00    161.340 288.981138    3.85902    34.9556    34.9786    27.2208    1485.64    1490.70 0.0000e+00
       3894    169.000     8.1223     8.1219   3.635916   3.638026     1.6034      98.75     0.0290 5.1273e-02 3.7064e+00    162.218 288.981148    3.88563    34.9556    34.9786    27.2209    1485.65    1490.67 0.0000e+00
       3916    170.000     8.1212     8.1208   3.635873   3.637964     1.6089      98.76     0.0272 5.1273e-02 3.8877e+00    163.105 288.981159    3.91839    34.9558    34.9786    27.2212    1485.66    1490.64 0.0000e+00
       3937    171.000     8.1193     8.1188   3.635716   3.637808     1.6144      98.76     0.0243 5.1273e-02 3.8876e+00    163.982 288.981169    3.93688    34.9555    34.9784    27.2213    1485.67    1490.61 0.0000e+00
       3958    172.000     8.1167     8.1162   3.635496   3.637580     1.6196      98.75     0.0291 5.1273e-02 3.8876e+00    164.866 288.981179    3.94792    34.9553    34.9781    27.2215    1485.68    1490.58 0.0000e+00
       3979    173.000     8.1143     8.1139   3.635292   3.637381     1.6236      98.76     0.0302 5.1280e-02 3.8876e+00    165.754 288.981189    3.95775    34.9550    34.9778    27.2216    1485.69    1490.55 0.0000e+00
       4000    174.000     8.1171     8.1164   3.635656   3.637730     1.6278      98.76     0.0287 5.1252e-02 3.8876e+00    166.632 288.981199    3.97124    34.9556    34.9785    27.2217    1485.71    1490.52 0.0000e+00
       4021    175.000     8.1147     8.1144   3.635451   3.637557     1.6313      98.76     0.0269 5.1259e-02 3.8876e+00    167.517 288.981210    3.98317    34.9553    34.9782    27.2218    1485.72    1490.49 0.0000e+00
       4043    176.000     8.1128     8.1125   3.635310   3.637413     1.6354      98.76     0.0239 5.1273e-02 3.8876e+00    168.398 288.981220    4.00092    34.9552    34.9781    27.2220    1485.73    1490.47 0.0000e+00
       4064    177.000     8.1128     8.1125   3.635392   3.637486     1.6392      98.76     0.0237 5.1260e-02 3.8876e+00    169.274 288.981230    4.00703    34.9556    34.9784    27.2223    1485.75    1490.44 0.0000e+00
       4085    178.000     8.1102     8.1094   3.635170   3.637221     1.6417      98.76     0.0261 5.1273e-02 3.8876e+00    170.156 288.981240    4.00940    34.9554    34.9781    27.2225    1485.75    1490.41 0.0000e+00
       4106    179.000     8.1035     8.1031   3.634511   3.636596     1.6441      98.76     0.0231 5.1273e-02 3.8876e+00    171.035 288.981250    4.01452    34.9545    34.9772    27.2228    1485.74    1490.39 0.0000e+00
       4127    180.000     8.0990     8.0986   3.634072   3.636163     1.6456      98.76     0.0250 5.1273e-02 3.8876e+00    171.916 288.981261    4.01754    34.9538    34.9766    27.2230    1485.74    1490.36 0.0000e+00
       4148    181.000     8.0993     8.0990   3.634158   3.636250     1.6476      98.76     0.0255 5.1273e-02 2.3052e+00    172.797 288.981271    4.04212    34.9539    34.9766    27.2230    1485.76    1490.34 0.0000e+00
       4169    182.000     8.0975     8.0971   3.634026   3.636109     1.6523      98.76     0.0287 5.1273e-02 3.8904e+00    173.668 288.981281    4.09135    34.9538    34.9765    27.2232    1485.77    1490.31 0.0000e+00
       4190    183.000     8.0973     8.0969   3.634048   3.636133     1.6607      98.76     0.0303 5.1273e-02 3.8876e+00    174.552 288.981291    4.14030    34.9538    34.9765    27.2232    1485.79    1490.29 0.0000e+00
       4211    184.000     8.0965     8.0962   3.634030   3.636114     1.6691      98.75     0.0283 5.1273e-02 2.0075e+00    175.430 288.981301    4.16404    34.9539    34.9765    27.2234    1485.80    1490.26 0.0000e+00
       4232    185.000     8.0960     8.0957   3.634038   3.636127     1.6765      98.75     0.0255 5.1266e-02 3.8872e+00    176.312 288.981311    4.18975    34.9540    34.9767    27.2236    1485.81    1490.24 0.0000e+00
       4254    186.000     8.0959     8.0956   3.634076   3.636165     1.6844      98.63     0.0258 5.1266e-02 3.8876e+00    177.196 288.981322    4.21361    34.9540    34.9767    27.2236    1485.83    1490.21 0.0000e+00
       4275    187.000     8.0953     8.0949   3.634056   3.636153     1.6908      98.72     0.0278 5.1273e-02 3.8876e+00    178.073 288.981332    4.22134    34.9539    34.9768    27.2236    1485.84    1490.19 0.0000e+00
       4296    188.000     8.0947     8.0943   3.634062   3.636139     1.6957      98.69     0.0282 5.1273e-02 3.8876e+00    178.952 288.981342    4.23456    34.9541    34.9767    27.2239    1485.86    1490.17 0.0000e+00
       4317    189.000     8.0940     8.0936   3.634045   3.636134     1.7009      98.58     0.0287 5.1266e-02 3.8876e+00    179.835 288.981352    4.24623    34.9541    34.9769    27.2240    1485.87    1490.14 0.0000e+00
       4338    190.000     8.0933     8.0930   3.634031   3.636124     1.7044      98.48     0.0311 5.1280e-02 3.8876e+00    180.716 288.981362    4.24445    34.9542    34.9769    27.2241    1485.89    1490.12 0.0000e+00
       4360    191.000     8.0929     8.0926   3.634044   3.636127     1.7065      98.39     0.0276 5.1273e-02 3.8876e+00    181.612 288.981373    4.24232    34.9543    34.9769    27.2242    1485.90    1490.10 0.0000e+00
       4381    192.000     8.0926     8.0922   3.634067   3.636146     1.7081      98.32     0.0276 5.1273e-02 2.4057e+00    182.504 288.981383    4.23928    34.9543    34.9770    27.2243    1485.92    1490.08 0.0000e+00
       4402    193.000     8.0921     8.0918   3.634072   3.636161     1.7085      98.25     0.0279 5.1266e-02 3.8866e+00    183.378 288.981393    4.24306    34.9544    34.9771    27.2245    1485.93    1490.06 0.0000e+00
       4424    194.000     8.0921     8.0918   3.634135   3.636223     1.7100      98.60     0.0294 5.1273e-02 3.8876e+00    184.271 288.981404    4.25160    34.9546    34.9772    27.2246    1485.95    1490.04 0.0000e+00
       4445    195.000     8.0919     8.0916   3.634163   3.636253     1.7112      98.73     0.0299 5.1273e-02 3.8876e+00    185.158 288.981414    4.26084    34.9546    34.9773    27.2247    1485.96    1490.01 0.0000e+00
       4466    196.000     8.0916     8.0913   3.634202   3.636293     1.7136      98.75     0.0303 5.1273e-02 3.8876e+00    186.037 288.981424    4.27750    34.9548    34.9775    27.2249    1485.98    1489.99 0.0000e+00
       4488    197.000     8.0917     8.0914   3.634267   3.636350     1.7161      98.75     0.0259 5.1266e-02 3.8876e+00    186.940 288.981435    4.28165    34.9549    34.9775    27.2250    1486.00    1489.97 0.0000e+00
       4509    198.000     8.0926     8.0922   3.634419   3.636519     1.7178      98.75     0.0250 5.1273e-02 3.8876e+00    187.823 288.981445    4.28570    34.9552    34.9781    27.2250    1486.02    1489.95 0.0000e+00
       4530    199.000     8.0927     8.0923   3.634493   3.636578     1.7192      98.74     0.0256 5.1280e-02 3.8876e+00    188.723 288.981455    4.27963    34.9554    34.9781    27.2252    1486.03    1489.93 0.0000e+00
       4552    200.000     8.0925     8.0922   3.634536   3.636608     1.7192      98.73     0.0263 5.1273e-02 3.8876e+00    189.634 288.981466    4.27467    34.9556    34.9781    27.2253    1486.05    1489.91 0.0000e+00
       4573    201.000     8.0922     8.0919   3.634551   3.636636     1.7192      98.73     0.0268 5.1260e-02 3.8876e+00    190.518 288.981476    4.27508    34.9555    34.9782    27.2254    1486.06    1489.90 0.0000e+00
       4595    202.000     8.0920     8.0917   3.634577   3.636656     1.7191      98.71     0.0303 5.1266e-02 3.8876e+00    191.414 288.981486    4.27552    34.9555    34.9781    27.2254    1486.08    1489.88 0.0000e+00
       4617    203.000     8.0920     8.0917   3.634623   3.636709     1.7192      98.62     0.0316 5.1266e-02 3.8761e+00    192.316 288.981497    4.27689    34.9555    34.9782    27.2254    1486.10    1489.86 0.0000e+00
       4638    204.000     8.0917     8.0913   3.634636   3.636718     1.7193      98.53     0.0296 5.1273e-02 2.4326e+00    193.200 288.981507    4.27809    34.9555    34.9782    27.2254    1486.11    1489.84 0.0000e+00
       4660    205.000     8.0914     8.0911   3.634664   3.636729     1.7193      98.75     0.0264 5.1266e-02 3.8966e+00    194.110 288.981518    4.27751    34.9556    34.9780    27.2256    1486.13    1489.82 0.0000e+00
       4681    206.000     8.0915     8.0912   3.634713   3.636789     1.7192      98.74     0.0275 5.1273e-02 3.8876e+00    194.999 288.981528    4.27438    34.9556    34.9781    27.2255    1486.14    1489.80 0.0000e+00
       4702    207.000     8.0910     8.0907   3.634712   3.636794     1.7186      98.72     0.0272 5.1273e-02 3.8876e+00    195.890 288.981538    4.27153    34.9556    34.9782    27.2256    1486.16    1489.79 0.0000e+00
       4724    208.000     8.0906     8.0903   3.634715   3.636794     1.7182      98.69     0.0247 5.1266e-02 3.8876e+00    196.798 288.981549    4.27517    34.9555    34.9781    27.2256    1486.17    1489.77 0.0000e+00
       4746    209.000     8.0901     8.0897   3.634726   3.636801     1.7185      98.45     0.0246 5.1273e-02 3.8876e+00    197.690 288.981559    4.28458    34.9556    34.9783    27.2258    1486.19    1489.75 0.0000e+00
       4767    210.000     8.0896     8.0893   3.634727   3.636806     1.7197      98.32     0.0233 5.1267e-02 3.8876e+00    198.596 288.981569    4.29532    34.9557    34.9782    27.2259    1486.20    1489.73 0.0000e+00
       4789    211.000     8.0895     8.0891   3.634771   3.636843     1.7211      98.60     0.0263 5.1273e-02 3.8876e+00    199.499 288.981580    4.30181    34.9558    34.9784    27.2259    1486.22    1489.72 0.0000e+00
       4811    212.000     8.0895     8.0892   3.634825   3.636898     1.7225      98.47     0.0273 5.1273e-02 3.8876e+00    200.398 288.981590    4.30022    34.9559    34.9784    27.2260    1486.24    1489.70 0.0000e+00
       4833    213.000     8.0898     8.0895   3.634887   3.636986     1.7224      98.03     0.0266 5.1280e-02 3.8876e+00    201.326 288.981601    4.28346    34.9557    34.9785    27.2259    1486.25    1489.68 0.0000e+00
       4855    214.000     8.0894     8.0892   3.634914   3.637000     1.7207      98.02     0.0272 5.1273e-02 3.0083e+00    202.231 288.981612    4.27446    34.9559    34.9785    27.2261    1486.27    1489.67 0.0000e+00
       4877    215.000     8.0889     8.0886   3.634901   3.636992     1.7195      97.69     0.0271 5.1260e-02 3.3553e+00    203.155 288.981622    4.27723    34.9558    34.9785    27.2261    1486.28    1489.65 0.0000e+00
       4899    216.000     8.0887     8.0883   3.634936   3.637021     1.7192      97.86     0.0292 5.1273e-02 3.8987e+00    204.082 288.981633    4.28276    34.9559    34.9786    27.2262    1486.30    1489.64 0.0000e+00
       4921    217.000     8.0888     8.0886   3.635019   3.637105     1.7192      98.54     0.0269 5.1273e-02 3.8876e+00    204.992 288.981643    4.28608    34.9562    34.9788    27.2264    1486.32    1489.62 0.0000e+00
       4943    218.000     8.0890     8.0888   3.635079   3.637181     1.7197      98.70     0.0262 5.1273e-02 3.8876e+00    205.927 288.981654    4.29260    34.9562    34.9789    27.2264    1486.33    1489.61 0.0000e+00
