testdata/CTD/sta0420.cnv
* Sea-Bird SBE 9 Data File:
* FileName = C:\Seabird\CTDData\sta0420.hex
* Software Version Seasave V 7.21f
* Temperature SN = 4557
* Conductivity SN = 1337
* Number of Bytes Per Scan = 40
* Number of Voltage Words = 5
* Number of Scans Averaged by the Deck Unit = 1
* NMEA Latitude = 61 29.31 N
* NMEA Longitude = 005 16.09 E
* NMEA UTC (Time) = Oct 17 2018 23:26:31
* NMEA baud rate = 4800
** Ship: 10 F/F "G. O. Sars"
** Station: 0420
** Echodepth: 371
** Log: 5625.165
** Wind-Dir Force: 24 15
** Air-temp (dry): 10.1
** Weather Sky: 0 0
** Sea Ice: 0 0
# nquan = 20                                
# nvalues = 359                         
# units = specified
# name 0 = scan: Scan Count
# name 1 = prDM: Pressure, Digiquartz [db]
# name 2 = t068C: Temperature [ITS-68, deg C]
# name 3 = t168C: Temperature, 2 [ITS-68, deg C]
# name 4 = c0S/m: Conductivity [S/m]
# name 5 = c1S/m: Conductivity, 2 [S/m]
# name 6 = sbeox0V: Oxygen raw, SBE 43 [V]
# name 7 = altM: Altimeter [m]
# name 8 = flC: Fluorescence, Chelsea Aqua 3 Chl Con [ug/l]
# name 9 = par: PAR/Irradiance, Biospherical/Licor
# name 10 = spar: SPAR/Surface Irradiance
# name 11 = timeS: Time, Elapsed [seconds]
# name 12 = timeJ: Julian Days
# name 13 = sbeox0ML/L: Oxygen, SBE 43 [ml/l], WS = 2
# name 14 = sal00: Salinity, Practical [PSU]
# name 15 = sal11: Salinity, Practical, 2 [PSU]
# name 16 = sigma-t00: Density [sigma-t, Kg/m^3 ]
# name 17 = svCM: Sound Velocity [Chen-Millero, m/s]
# name 18 = avgsvCM: Average Sound Velocity [Chen-Millero, m/s], minP = 1, minS = 5
# name 19 = flag: flag
# span 0 =        431,       8126       
# span 1 =      2.000,    360.000       
# span 2 =     7.6822,    13.6500       
# span 3 =     7.6819,    13.6502       
# span 4 =   2.922083,   3.884228       
# span 5 =   2.935326,   3.885978       
# span 6 =     1.8624,     2.2933       
# span 7 =      13.83,     100.31       
# span 8 =     0.0165,     0.2777       
# span 9 = 5.1071e-02, 1.4099e+00       
# span 10 = 1.6964e+00, 3.8025e+00      
# span 11 =     17.916,    338.531      
# span 12 = 290.976967, 290.980678      
# span 13 =    4.67763,    6.02785      
# span 14 =    24.8415,    35.0620      
# span 15 =    24.9408,    35.0823      
# span 16 =    18.7478,    27.3702      
# span 17 =    1484.05,    1498.90      
# span 18 =    1484.05,    1494.97      
# span 19 = 0.0000e+00, 0.0000e+00      
# interval = decibars: 1                
# start_time = Oct 17 2018 23:26:32 [System UTC, header]
# bad_flag = -9.990e-29
*END*
[from data line 218]
       5109    220.000     7.7658     7.7655   3.612255   3.614127     1.9833      98.80     0.0181 5.1273e-02 1.9438e+00    212.819 290.979222    5.28599    35.0329    35.0535    27.3350    1485.24    1489.30 0.0000e+00
       5130    221.000     7.7636     7.7631   3.612192   3.614040     1.9848      98.80     0.0189 5.1273e-02 1.9438e+00    213.727 290.979233    5.28740    35.0340    35.0544    27.3361    1485.25    1489.28 0.0000e+00
       5152    222.000     7.7620     7.7617   3.612132   3.614006     1.9855      98.80     0.0177 5.1273e-02 1.9438e+00    214.625 290.979243    5.27980    35.0345    35.0550    27.3367    1485.26    1489.26 0.0000e+00
       5174    223.000     7.7508     7.7503   3.611383   3.613235     1.9851      98.80     0.0214 5.1267e-02 1.9438e+00    215.537 290.979254    5.27580    35.0371    35.0576    27.3405    1485.24    1489.24 0.0000e+00
       5196    224.000     7.7449     7.7445   3.610999   3.612848     1.9852      98.80     0.0206 5.1259e-02 1.9438e+00    216.467 290.979265    5.28541    35.0384    35.0588    27.3424    1485.23    1489.22 0.0000e+00
       5218    225.000     7.7411     7.7410   3.610737   3.612621     1.9858      98.80     0.0230 5.1273e-02 -9.990e-29    217.360 290.979275    5.29207    35.0389    35.0594    27.3433    1485.24    1489.21 0.0000e+00
       5240    226.000     7.7396     7.7391   3.610679   3.612529     1.9867      98.80     0.0240 5.1273e-02 -9.990e-29    218.278 290.979286    5.29680    35.0393    35.0598    27.3439    1485.25    1489.19 0.0000e+00
       5261    227.000     7.7393     7.7388   3.610724   3.612574     1.9877      98.80     0.0240 5.1267e-02 -9.990e-29    219.181 290.979296    5.29899    35.0396    35.0601    27.3441    1485.26    1489.17 0.0000e+00
       5283    228.000     7.7375     7.7373   3.610639   3.612510     1.9879      98.80     0.0238 5.1273e-02 -9.990e-29    220.088 290.979307    5.29581    35.0400    35.0604    27.3447    1485.27    1489.15 0.0000e+00
       5305    229.000     7.7334     7.7334   3.610325   3.612240     1.9883      98.80     0.0231 5.1273e-02 1.9438e+00    221.015 290.979317    5.30608    35.0402    35.0609    27.3455    1485.27    1489.14 0.0000e+00
       5327    230.000     7.7313     7.7303   3.610169   3.611991     1.9897      98.80     0.0214 5.1260e-02 1.9438e+00    221.935 290.979328    5.31436    35.0402    35.0609    27.3458    1485.28    1489.12 0.0000e+00
       5350    231.000     7.7294     7.7288   3.610070   3.611921     1.9904      98.80     0.0217 5.1273e-02 1.9438e+00    222.864 290.979339    5.30862    35.0405    35.0611    27.3463    1485.29    1489.10 0.0000e+00
       5372    232.000     7.7300     7.7296   3.610224   3.612079     1.9904      98.80     0.0243 5.1273e-02 1.9438e+00    223.778 290.979349    5.30762    35.0411    35.0615    27.3467    1485.31    1489.09 0.0000e+00
       5393    233.000     7.7297     7.7293   3.610289   3.612136     1.9907      98.80     0.0243 5.1273e-02 1.9438e+00    224.673 290.979360    5.31307    35.0416    35.0620    27.3471    1485.33    1489.07 0.0000e+00
       5415    234.000     7.7286     7.7282   3.610261   3.612117     1.9913      98.80     0.0219 5.1273e-02 -9.990e-29    225.584 290.979370    5.31934    35.0419    35.0624    27.3476    1485.34    1489.06 0.0000e+00
       5437    235.000     7.7264     7.7259   3.610178   3.612030     1.9923      98.80     0.0223 5.1266e-02 -9.990e-29    226.490 290.979381    5.32334    35.0427    35.0633    27.3485    1485.35    1489.04 0.0000e+00
       5458    236.000     7.7235     7.7233   3.610022   3.611892     1.9926      98.80     0.0257 5.1273e-02 -9.990e-29    227.393 290.979391    5.31382    35.0435    35.0639    27.3495    1485.36    1489.02 0.0000e+00
       5480    237.000     7.7222     7.7217   3.609986   3.611847     1.9915      98.80     0.0220 5.1273e-02 -9.990e-29    228.302 290.979402    5.30406    35.0439    35.0645    27.3501    1485.37    1489.01 0.0000e+00
       5502    238.000     7.7214     7.7209   3.609990   3.611844     1.9904      98.80     0.0209 5.1273e-02 1.9438e+00    229.190 290.979412    5.30608    35.0443    35.0648    27.3505    1485.38    1488.99 0.0000e+00
       5523    239.000     7.7189     7.7183   3.609895   3.611745     1.9903      98.80     0.0204 5.1273e-02 1.9438e+00    230.092 290.979422    5.31282    35.0453    35.0659    27.3516    1485.39    1488.98 0.0000e+00
       5545    240.000     7.7174     7.7169   3.609872   3.611721     1.9904      98.80     0.0165 5.1259e-02 1.9438e+00    230.992 290.979433    5.31594    35.0460    35.0665    27.3524    1485.40    1488.96 0.0000e+00
       5566    241.000     7.7175     7.7171   3.609992   3.611869     1.9909      98.80     0.0194 5.1273e-02 1.9438e+00    231.884 290.979443    5.32519    35.0468    35.0674    27.3530    1485.42    1488.95 0.0000e+00
       5588    242.000     7.7175     7.7157   3.610155   3.611859     1.9921      98.80     0.0213 5.1266e-02 1.9438e+00    232.794 290.979454    5.33234    35.0480    35.0683    27.3540    1485.44    1488.93 0.0000e+00
       5610    243.000     7.7141     7.7130   3.609869   3.611662     1.9931      98.80     0.0214 5.1273e-02 1.9438e+00    233.702 290.979464    5.33497    35.0479    35.0684    27.3544    1485.44    1488.92 0.0000e+00
       5631    244.000     7.7132     7.7133   3.609809   3.611736     1.9939      98.80     0.0210 5.1273e-02 1.9438e+00    234.599 290.979474    5.33812    35.0476    35.0684    27.3543    1485.45    1488.91 0.0000e+00
       5653    245.000     7.7130     7.7119   3.609821   3.611614     1.9948      98.80     0.0236 5.1266e-02 1.9438e+00    235.493 290.979485    5.34138    35.0475    35.0680    27.3542    1485.47    1488.89 0.0000e+00
       5674    246.000     7.7105     7.7103   3.609607   3.611481     1.9953      98.80     0.0279 5.1273e-02 1.9438e+00    236.376 290.979495    5.33651    35.0472    35.0676    27.3544    1485.47    1488.88 0.0000e+00
       5695    247.000     7.7097     7.7094   3.609565   3.611430     1.9949      98.80     0.0245 5.1273e-02 1.9438e+00    237.269 290.979505    5.32924    35.0470    35.0675    27.3544    1485.49    1488.86 0.0000e+00
       5717    248.000     7.7120     7.7116   3.609951   3.611824     1.9941      98.80     0.0239 5.1273e-02 -9.990e-29    238.166 290.979516    5.32812    35.0484    35.0691    27.3551    1485.51    1488.85 0.0000e+00
       5738    249.000     7.7152     7.7148   3.610381   3.612233     1.9938      98.80     0.0248 5.1273e-02 -9.990e-29    239.052 290.979526    5.32599    35.0494    35.0698    27.3554    1485.54    1488.84 0.0000e+00
       5760    250.000     7.7138     7.7132   3.610330   3.612170     1.9930      98.80     0.0251 5.1273e-02 -9.990e-29    239.954 290.979537    5.32461    35.0497    35.0702    27.3559    1485.56    1488.82 0.0000e+00
       5781    251.000     7.7122     7.7116   3.610270   3.612112     1.9926      98.80     0.0237 5.1266e-02 -9.990e-29    240.846 290.979547    5.31967    35.0502    35.0707    27.3565    1485.57    1488.81 0.0000e+00
       5803    252.000     7.7110     7.7106   3.610227   3.612080     1.9910      98.80     0.0189 5.1273e-02 1.9438e+00    241.737 290.979557    5.31406    35.0505    35.0709    27.3569    1485.58    1488.80 0.0000e+00
       5824    253.000     7.7110     7.7106   3.610291   3.612142     1.9906      98.79     0.0184 5.1267e-02 1.9438e+00    242.637 290.979568    5.32207    35.0507    35.0711    27.3570    1485.60    1488.79 0.0000e+00
       5846    254.000     7.7105     7.7101   3.610369   3.612229     1.9905      98.80     0.0219 5.1259e-02 1.9438e+00    243.532 290.979578    5.32590    35.0515    35.0720    27.3578    1485.61    1488.77 0.0000e+00
       5867    255.000     7.7101     7.7097   3.610391   3.612234     1.9909      98.80     0.0195 5.1266e-02 1.9438e+00    244.433 290.979588    5.33466    35.0517    35.0720    27.3579    1485.63    1488.76 0.0000e+00
       5889    256.000     7.7103     7.7099   3.610444   3.612298     1.9923      98.80     0.0207 5.1273e-02 1.9438e+00    245.329 290.979599    5.34361    35.0516    35.0720    27.3578    1485.64    1488.75 0.0000e+00
       5910    257.000     7.7099     7.7096   3.610450   3.612327     1.9929      98.80     0.0211 5.1273e-02 1.9438e+00    246.220 290.979609    5.33734    35.0515    35.0721    27.3579    1485.66    1488.74 0.0000e+00
       5932    258.000     7.7064     7.7063   3.610171   3.612039     1.9928      98.80     0.0243 5.1259e-02 -9.990e-29    247.123 290.979619    5.33742    35.0515    35.0718    27.3584    1485.66    1488.72 0.0000e+00
       5954    259.000     7.7023     7.7020   3.609830   3.611681     1.9933      98.80     0.0251 5.1273e-02 -9.990e-29    248.025 290.979630    5.34585    35.0515    35.0718    27.3590    1485.66    1488.71 0.0000e+00
       5975    260.000     7.7011     7.7007   3.609788   3.611644     1.9940      98.78     0.0262 5.1273e-02 -9.990e-29    248.919 290.979640    5.34541    35.0518    35.0722    27.3593    1485.68    1488.70 0.0000e+00
       5997    261.000     7.7002     7.6998   3.609803   3.611650     1.9940      98.80     0.0270 5.1273e-02 1.9438e+00    249.815 290.979651    5.34547    35.0523    35.0727    27.3599    1485.69    1488.69 0.0000e+00
       6018    262.000     7.6998     7.6993   3.609843   3.611694     1.9944      98.80     0.0263 5.1259e-02 1.9438e+00    250.698 290.979661    5.35238    35.0527    35.0732    27.3603    1485.70    1488.68 0.0000e+00
       6039    263.000     7.6996     7.6991   3.609894   3.611739     1.9953      98.80     0.0233 5.1266e-02 1.9438e+00    251.584 290.979671    5.34946    35.0529    35.0734    27.3605    1485.72    1488.67 0.0000e+00
       6060    264.000     7.6991     7.6987   3.609912   3.611771     1.9944      98.80     0.0241 5.1273e-02 1.9438e+00    252.478 290.979681    5.33820    35.0532    35.0737    27.3607    1485.74    1488.66 0.0000e+00
       6082    265.000     7.6984     7.6981   3.609914   3.611770     1.9937      98.64     0.0226 5.1266e-02 1.9438e+00    253.378 290.979692    5.33430    35.0534    35.0738    27.3610    1485.75    1488.64 0.0000e+00
       6104    266.000     7.6969     7.6965   3.609841   3.611691     1.9923      98.32     0.0206 5.1273e-02 1.9438e+00    254.277 290.979702    5.32929    35.0536    35.0740    27.3614    1485.76    1488.63 0.0000e+00
       6125    267.000     7.6970     7.6966   3.609906   3.611749     1.9916      98.80     0.0195 5.1273e-02 1.9438e+00    255.168 290.979713    5.33717    35.0537    35.0741    27.3615    1485.78    1488.62 0.0000e+00
       6146    268.000     7.6956     7.6952   3.609845   3.611689     1.9918      98.55     0.0171 5.1273e-02 1.9438e+00    256.055 290.979723    5.34293    35.0540    35.0743    27.3619    1485.79    1488.61 0.0000e+00
       6168    269.000     7.6942     7.6937   3.609773   3.611627     1.9923      98.79     0.0170 5.1273e-02 1.9438e+00    256.952 290.979733    5.34993    35.0541    35.0747    27.3622    1485.80    1488.60 0.0000e+00
       6189    270.000     7.6936     7.6932   3.609772   3.611626     1.9930      98.80     0.0215 5.1260e-02 1.9438e+00    257.851 290.979744    5.35126    35.0542    35.0747    27.3624    1485.81    1488.59 0.0000e+00
       6211    271.000     7.6928     7.6924   3.609798   3.611644     1.9934      98.18     0.0226 5.1273e-02 -9.990e-29    258.754 290.979754    5.34962    35.0548    35.0752    27.3630    1485.83    1488.58 0.0000e+00
       6233    272.000     7.6921     7.6917   3.609845   3.611697     1.9931      98.70     0.0232 5.1266e-02 -9.990e-29    259.652 290.979765    5.34357    35.0556    35.0760    27.3637    1485.84    1488.57 0.0000e+00
       6254    273.000     7.6912     7.6908   3.609841   3.611691     1.9924      98.72     0.0197 5.1273e-02 -9.990e-29    260.547 290.979775    5.33192    35.0559    35.0764    27.3641    1485.86    1488.56 0.0000e+00
       6276    274.000     7.6909     7.6904   3.609866   3.611719     1.9902      98.62     0.0183 5.1266e-02 -9.990e-29    261.447 290.979785    5.32252    35.0560    35.0766    27.3642    1485.87    1488.55 0.0000e+00
       6297    275.000     7.6906     7.6902   3.609902   3.611743     1.9893      98.61     0.0217 5.1266e-02 1.9438e+00    262.344 290.979796    5.33888    35.0562    35.0765    27.3644    1485.89    1488.54 0.0000e+00
       6319    276.000     7.6902     7.6897   3.609922   3.611763     1.9904      98.80     0.0233 5.1266e-02 1.9438e+00    263.237 290.979806    5.34671    35.0564    35.0768    27.3646    1485.90    1488.53 0.0000e+00
       6340    277.000     7.6895     7.6890   3.609931   3.611771     1.9904      98.80     0.0211 5.1273e-02 1.9438e+00    264.126 290.979816    5.34234    35.0567    35.0771    27.3649    1485.92    1488.52 0.0000e+00
       6361    278.000     7.6887     7.6883   3.609951   3.611787     1.9904      95.31     0.0210 5.1273e-02 1.9438e+00    265.006 290.979826    5.34565    35.0572    35.0775    27.3654    1485.93    1488.51 0.0000e+00
       6382    279.000     7.6883     7.6878   3.609966   3.611810     1.9910      98.78     0.0174 5.1273e-02 1.9438e+00    265.892 290.979837    5.35626    35.0573    35.0777    27.3656    1485.95    1488.50 0.0000e+00
       6404    280.000     7.6874     7.6870   3.609979   3.611816     1.9923      98.80     0.0190 5.1273e-02 1.9438e+00    266.791 290.979847    5.35904    35.0578    35.0781    27.3661    1485.96    1488.50 0.0000e+00
       6426    281.000     7.6870     7.6865   3.609987   3.611841     1.9922      91.71     0.0184 5.1266e-02 -9.990e-29    267.688 290.979858    5.35187    35.0578    35.0784    27.3662    1485.97    1488.49 0.0000e+00
       6447    282.000     7.6864     7.6860   3.610000   3.611849     1.9927      96.80     0.0181 5.1266e-02 -9.990e-29    268.594 290.979868    5.35443    35.0581    35.0785    27.3665    1485.99    1488.48 0.0000e+00
       6469    283.000     7.6860     7.6856   3.610031   3.611871     1.9918      98.79     0.0199 5.1259e-02 -9.990e-29    269.495 290.979878    5.33667    35.0584    35.0787    27.3667    1486.00    1488.47 0.0000e+00
       6490    284.000     7.6857     7.6854   3.610044   3.611887     1.9900      97.36     0.0229 5.1260e-02 1.9438e+00    270.385 290.979889    5.32870    35.0583    35.0785    27.3668    1486.02    1488.46 0.0000e+00
       6512    285.000     7.6857     7.6853   3.610091   3.611932     1.9886      95.34     0.0195 5.1259e-02 1.9438e+00    271.278 290.979899    5.33886    35.0583    35.0786    27.3668    1486.04    1488.45 0.0000e+00
       6533    286.000     7.6856     7.6852   3.610133   3.611976     1.9892      98.81     0.0192 5.1273e-02 1.9438e+00    272.169 290.979909    5.34880    35.0584    35.0787    27.3668    1486.05    1488.44 0.0000e+00
       6555    287.000     7.6856     7.6853   3.610187   3.612033     1.9897      98.80     0.0207 5.1273e-02 1.9438e+00    273.071 290.979920    5.35022    35.0585    35.0788    27.3669    1486.07    1488.43 0.0000e+00
       6576    288.000     7.6856     7.6853   3.610249   3.612096     1.9896      87.16     0.0223 5.1252e-02 1.9438e+00    273.969 290.979930    5.35355    35.0587    35.0790    27.3671    1486.09    1488.43 0.0000e+00
       6598    289.000     7.6856     7.6852   3.610290   3.612149     1.9909      98.92     0.0225 5.1260e-02 1.9438e+00    274.864 290.979941    5.35615    35.0586    35.0791    27.3670    1486.10    1488.42 0.0000e+00
       6619    290.000     7.6857     7.6853   3.610354   3.612205     1.9903      98.80     0.0244 5.1252e-02 -9.990e-29    275.753 290.979951    5.33776    35.0587    35.0792    27.3671    1486.12    1488.41 0.0000e+00
