testdata/CTD/sta0417.cnv
* Sea-Bird SBE 9 Data File:
* FileName = C:\Seabird\CTDData\sta0417.hex
* Software Version Seasave V 7.21f
* Temperature SN = 4557
* Conductivity SN = 1337
* Number of Bytes Per Scan = 40
* Number of Voltage Words = 5
* Number of Scans Averaged by the Deck Unit = 1
* NMEA Latitude = 61 29.40 N
* NMEA Longitude = 005 14.36 E
* NMEA UTC (Time) = Oct 17 2018 01:25:14
* NMEA baud rate = 4800
** Ship: 10 F/F "G. O. Sars"
** Station: 0417
** Echodepth: 373
** Log: 5567.089
** Wind-Dir Force: 17 21
** Air-temp (dry): 13.4
** Weather Sky: 0 0
** Sea Ice: 0 0
# nquan = 20                                
# nvalues = 358                         
# units = specified
# name 0 = scan: Scan Count
# name 1 = prDM: Pressure, Digiquartz [db]
# name 2 = t068C: Temperature [ITS-68, deg C]
# name 3 = t168C: Temperature, 2 [ITS-68, deg C]
# name 4 = c0S/m: Conductivity [S/m]
# name 5 = c1S/m: Conductivity, 2 [S/m]
# name 6 = sbeox0V: Oxygen raw, SBE 43 [V]
# name 7 = altM: Altimeter [m]
# name 8 = flC: Fluorescence, Chelsea Aqua 3 Chl Con [ug/l]
# name 9 = par: PAR/Irradiance, Biospherical/Licor
# name 10 = spar: SPAR/Surface Irradiance
# name 11 = timeS: Time, Elapsed [seconds]
# name 12 = timeJ: Julian Days
# name 13 = sbeox0ML/L: Oxygen, SBE 43 [ml/l], WS = 2
# name 14 = sal00: Salinity, Practical [PSU]
# name 15 = sal11: Salinity, Practical, 2 [PSU]
# name 16 = sigma-t00: Density [sigma-t, Kg/m^3 ]
# name 17 = svCM: Sound Velocity [Chen-Millero, m/s]
# name 18 = avgsvCM: Average Sound Velocity [Chen-Millero, m/s], minP = 1, minS = 5
# name 19 = flag: flag
# span 0 =        518,       8303       
# span 1 =      3.000,    360.000       
# span 2 =     7.6866,    12.9591       
# span 3 =     7.6862,    12.9593       
# span 4 =   2.953689,   3.885169       
# span 5 =   2.956217,   3.887343       
# span 6 =     1.8688,     2.2679       
# span 7 =      18.68,     100.08       
# span 8 =     0.0156,     0.2022       
# span 9 = 5.1227e-02, 7.6504e-01       
# span 10 = 1.9438e+00, 1.9438e+00      
# span 11 =     21.527,    345.912      
# span 12 = 290.059474, 290.063228      
# span 13 =    4.68052,    5.91820      
# span 14 =    25.0791,    35.0620      
# span 15 =    25.1024,    35.0829      
# span 16 =    18.9171,    27.3695      
# span 17 =    1484.28,    1498.52      
# span 18 =    1484.65,    1495.16      
# span 19 = 0.0000e+00, 0.0000e+00      
# interval = decibars: 1                
# start_time = Oct 17 2018 01:25:17 [System UTC, header]
# bad_flag = -9.990e-29
*END*
[from data line 218]
       5185    221.000     7.7466     7.7458   3.611574   3.613450     1.9891      98.77     0.0234 5.1273e-02 -9.990e-29    215.993 290.061724    5.29732    35.0444    35.0655    27.3468    1485.20    1488.81 0.0000e+00
       5206    222.000     7.7422     7.7408   3.611255   3.613078     1.9893      98.77     0.0226 5.1273e-02 1.9438e+00    216.878 290.061735    5.29756    35.0449    35.0660    27.3479    1485.20    1488.79 0.0000e+00
       5228    223.000     7.7383     7.7376   3.610924   3.612811     1.9899      98.77     0.0215 5.1266e-02 1.9438e+00    217.812 290.061745    5.30406    35.0447    35.0658    27.3483    1485.20    1488.77 0.0000e+00
       5250    224.000     7.7345     7.7338   3.610688   3.612565     1.9905      98.77     0.0215 5.1273e-02 1.9438e+00    218.723 290.061756    5.30538    35.0455    35.0665    27.3495    1485.20    1488.76 0.0000e+00
       5272    225.000     7.7289     7.7281   3.610393   3.612281     1.9908      98.77     0.0236 5.1273e-02 1.9438e+00    219.637 290.061767    5.30283    35.0474    35.0687    27.3518    1485.20    1488.74 0.0000e+00
       5295    226.000     7.7252     7.7248   3.610221   3.612124     1.9904      98.78     0.0203 5.1266e-02 1.9438e+00    220.578 290.061778    5.30108    35.0488    35.0698    27.3535    1485.20    1488.73 0.0000e+00
       5317    227.000     7.7209     7.7204   3.609987   3.611892     1.9904      98.78     0.0212 5.1273e-02 -9.990e-29    221.497 290.061788    5.31021    35.0501    35.0712    27.3551    1485.21    1488.71 0.0000e+00
       5339    228.000     7.7191     7.7186   3.609912   3.611825     1.9916      98.77     0.0212 5.1266e-02 -9.990e-29    222.414 290.061799    5.31537    35.0506    35.0718    27.3558    1485.22    1488.70 0.0000e+00
       5361    229.000     7.7189     7.7185   3.609956   3.611865     1.9916      98.77     0.0204 5.1266e-02 -9.990e-29    223.314 290.061809    5.30988    35.0508    35.0719    27.3560    1485.23    1488.68 0.0000e+00
       5382    230.000     7.7172     7.7169   3.609889   3.611794     1.9915      98.77     0.0203 5.1273e-02 -9.990e-29    224.207 290.061820    5.31059    35.0513    35.0722    27.3566    1485.24    1488.67 0.0000e+00
       5404    231.000     7.7153     7.7148   3.609795   3.611698     1.9915      98.78     0.0199 5.1273e-02 1.9438e+00    225.116 290.061830    5.30766    35.0517    35.0728    27.3572    1485.25    1488.65 0.0000e+00
       5426    232.000     7.7152     7.7149   3.609842   3.611758     1.9906      98.77     0.0182 5.1273e-02 1.9438e+00    226.030 290.061841    5.30196    35.0518    35.0729    27.3573    1485.27    1488.64 0.0000e+00
       5448    233.000     7.7142     7.7140   3.609812   3.611732     1.9904      98.77     0.0177 5.1254e-02 1.9438e+00    226.963 290.061851    5.31359    35.0520    35.0730    27.3576    1485.28    1488.62 0.0000e+00
       5470    234.000     7.7124     7.7120   3.609717   3.611616     1.9914      98.78     0.0184 5.1279e-02 1.9438e+00    227.891 290.061862    5.32395    35.0523    35.0733    27.3581    1485.29    1488.61 0.0000e+00
       5492    235.000     7.7118     7.7114   3.609709   3.611630     1.9924      98.77     0.0230 5.1273e-02 1.9438e+00    228.774 290.061872    5.32379    35.0523    35.0735    27.3582    1485.31    1488.59 0.0000e+00
       5513    236.000     7.7116     7.7111   3.609732   3.611645     1.9924      98.78     0.0239 5.1260e-02 1.9438e+00    229.668 290.061883    5.31327    35.0523    35.0735    27.3582    1485.32    1488.58 0.0000e+00
       5535    237.000     7.7111     7.7106   3.609753   3.611660     1.9916      98.78     0.0219 5.1266e-02 1.9438e+00    230.586 290.061893    5.30781    35.0526    35.0737    27.3585    1485.34    1488.57 0.0000e+00
       5557    238.000     7.7110     7.7106   3.609790   3.611701     1.9905      98.78     0.0215 5.1273e-02 1.9438e+00    231.502 290.061904    5.30630    35.0526    35.0736    27.3585    1485.35    1488.55 0.0000e+00
       5579    239.000     7.7107     7.7103   3.609821   3.611724     1.9902      98.78     0.0199 5.1266e-02 1.9438e+00    232.407 290.061914    5.31159    35.0527    35.0737    27.3587    1485.37    1488.54 0.0000e+00
       5600    240.000     7.7100     7.7094   3.609800   3.611715     1.9902      98.78     0.0188 5.1273e-02 1.9438e+00    233.285 290.061925    5.31489    35.0527    35.0740    27.3588    1485.38    1488.53 0.0000e+00
       5621    241.000     7.7085     7.7081   3.609756   3.611675     1.9904      98.78     0.0205 5.1273e-02 -9.990e-29    234.162 290.061935    5.31620    35.0532    35.0744    27.3594    1485.39    1488.51 0.0000e+00
       5642    242.000     7.7074     7.7070   3.609720   3.611644     1.9904      98.77     0.0205 5.1259e-02 -9.990e-29    235.045 290.061945    5.31645    35.0535    35.0747    27.3598    1485.40    1488.50 0.0000e+00
       5664    243.000     7.7065     7.7061   3.609696   3.611613     1.9905      98.78     0.0234 5.1273e-02 -9.990e-29    235.945 290.061955    5.31749    35.0536    35.0748    27.3600    1485.42    1488.49 0.0000e+00
       5686    244.000     7.7049     7.7044   3.609597   3.611502     1.9906      98.78     0.0219 5.1273e-02 -9.990e-29    236.870 290.061966    5.31942    35.0537    35.0748    27.3603    1485.43    1488.47 0.0000e+00
       5708    245.000     7.7006     7.6997   3.609271   3.611148     1.9906      98.77     0.0218 5.1273e-02 1.9438e+00    237.784 290.061977    5.32009    35.0540    35.0752    27.3612    1485.43    1488.46 0.0000e+00
       5729    246.000     7.6994     7.6990   3.609251   3.611139     1.9906      98.78     0.0228 5.1266e-02 1.9438e+00    238.664 290.061987    5.31583    35.0545    35.0753    27.3617    1485.44    1488.45 0.0000e+00
       5750    247.000     7.6998     7.6994   3.609336   3.611243     1.9898      98.78     0.0220 5.1273e-02 1.9438e+00    239.540 290.061997    5.31527    35.0545    35.0755    27.3617    1485.46    1488.44 0.0000e+00
       5771    248.000     7.6997     7.6993   3.609383   3.611299     1.9901      98.77     0.0236 5.1273e-02 1.9438e+00    240.424 290.062007    5.32437    35.0546    35.0758    27.3618    1485.48    1488.43 0.0000e+00
       5793    249.000     7.6985     7.6981   3.609368   3.611280     1.9904      98.78     0.0250 5.1273e-02 1.9438e+00    241.331 290.062018    5.32286    35.0552    35.0763    27.3624    1485.49    1488.41 0.0000e+00
       5815    250.000     7.6965     7.6961   3.609259   3.611171     1.9903      98.78     0.0224 5.1260e-02 -9.990e-29    242.236 290.062028    5.31688    35.0555    35.0766    27.3630    1485.50    1488.40 0.0000e+00
       5836    251.000     7.6964     7.6960   3.609343   3.611253     1.9893      98.78     0.0202 5.1266e-02 -9.990e-29    243.128 290.062039    5.31320    35.0561    35.0771    27.3634    1485.51    1488.39 0.0000e+00
       5857    252.000     7.6967     7.6961   3.609431   3.611336     1.9891      98.77     0.0197 5.1266e-02 -9.990e-29    244.009 290.062049    5.31382    35.0562    35.0774    27.3635    1485.53    1488.38 0.0000e+00
       5878    253.000     7.6957     7.6952   3.609435   3.611343     1.9881      98.77     0.0205 5.1273e-02 -9.990e-29    244.890 290.062059    5.31256    35.0568    35.0779    27.3641    1485.55    1488.37 0.0000e+00
       5900    254.000     7.6954     7.6948   3.609461   3.611356     1.9883      98.78     0.0243 5.1266e-02 1.9438e+00    245.785 290.062069    5.31893    35.0569    35.0780    27.3642    1485.56    1488.36 0.0000e+00
       5922    255.000     7.6951     7.6946   3.609479   3.611384     1.9882      98.78     0.0254 5.1267e-02 1.9438e+00    246.711 290.062080    5.31544    35.0569    35.0780    27.3642    1485.58    1488.35 0.0000e+00
       5944    256.000     7.6950     7.6945   3.609520   3.611422     1.9879      98.78     0.0262 5.1273e-02 1.9438e+00    247.620 290.062091    5.31222    35.0569    35.0780    27.3643    1485.59    1488.34 0.0000e+00
       5965    257.000     7.6946     7.6941   3.609553   3.611451     1.9869      98.78     0.0259 5.1273e-02 1.9438e+00    248.501 290.062101    5.30512    35.0572    35.0782    27.3646    1485.61    1488.32 0.0000e+00
       5986    258.000     7.6945     7.6941   3.609594   3.611491     1.9859      98.78     0.0265 5.1273e-02 1.9438e+00    249.379 290.062111    5.30225    35.0573    35.0782    27.3646    1485.62    1488.31 0.0000e+00
       6008    259.000     7.6945     7.6941   3.609647   3.611550     1.9848      71.21     0.0248 5.1280e-02 1.9438e+00    250.276 290.062121    5.29430    35.0574    35.0783    27.3647    1485.64    1488.30 0.0000e+00
       6029    260.000     7.6945     7.6941   3.609687   3.611593     1.9836      54.64     0.0234 5.1306e-02 1.9438e+00    251.186 290.062132    5.30466    35.0573    35.0783    27.3647    1485.66    1488.29 0.0000e+00
       6051    261.000     7.6943     7.6939   3.609719   3.611633     1.9841      98.57     0.0226 5.1273e-02 1.9438e+00    252.079 290.062142    5.31049    35.0574    35.0785    27.3647    1485.67    1488.28 0.0000e+00
       6072    262.000     7.6939     7.6937   3.609740   3.611665     1.9842      98.77     0.0215 5.1273e-02 1.9438e+00    252.948 290.062152    5.30901    35.0575    35.0785    27.3649    1485.69    1488.27 0.0000e+00
       6093    263.000     7.6937     7.6934   3.609770   3.611685     1.9841      98.77     0.0216 5.1273e-02 1.9438e+00    253.826 290.062162    5.30412    35.0575    35.0786    27.3650    1485.70    1488.26 0.0000e+00
       6114    264.000     7.6938     7.6934   3.609823   3.611724     1.9834      98.77     0.0213 5.1267e-02 -9.990e-29    254.722 290.062173    5.30825    35.0575    35.0785    27.3649    1485.72    1488.25 0.0000e+00
       6137    265.000     7.6939     7.6936   3.609871   3.611774     1.9842      98.77     0.0210 5.1267e-02 -9.990e-29    255.654 290.062184    5.31641    35.0575    35.0783    27.3649    1485.74    1488.24 0.0000e+00
       6159    266.000     7.6941     7.6938   3.609929   3.611842     1.9845      98.76     0.0208 5.1266e-02 -9.990e-29    256.594 290.062194    5.31033    35.0574    35.0784    27.3648    1485.75    1488.24 0.0000e+00
       6181    267.000     7.6938     7.6933   3.609952   3.611866     1.9837      98.77     0.0203 5.1273e-02 -9.990e-29    257.492 290.062205    5.30123    35.0575    35.0787    27.3649    1485.77    1488.23 0.0000e+00
       6202    268.000     7.6933     7.6930   3.609952   3.611859     1.9828      98.76     0.0212 5.1273e-02 1.9438e+00    258.363 290.062215    5.29689    35.0575    35.0784    27.3650    1485.78    1488.22 0.0000e+00
       6222    269.000     7.6935     7.6931   3.610026   3.611941     1.9816      79.44     0.0225 5.1266e-02 1.9438e+00    259.215 290.062225    5.29609    35.0576    35.0787    27.3650    1485.80    1488.21 0.0000e+00
       6243    270.000     7.6920     7.6918   3.609938   3.611859     1.9816      47.98     0.0227 5.1292e-02 1.9438e+00    260.086 290.062235    5.31530    35.0577    35.0786    27.3653    1485.81    1488.20 0.0000e+00
       6265    271.000     7.6919     7.6914   3.609993   3.611880     1.9831      98.72     0.0222 5.1273e-02 1.9438e+00    261.020 290.062246    5.31740    35.0579    35.0788    27.3655    1485.83    1488.19 0.0000e+00
       6288    272.000     7.6920     7.6915   3.610058   3.611969     1.9831      98.74     0.0232 5.1266e-02 1.9438e+00    261.952 290.062256    5.31035    35.0580    35.0791    27.3656    1485.85    1488.18 0.0000e+00
       6309    273.000     7.6910     7.6907   3.610073   3.611981     1.9828      98.73     0.0211 5.1273e-02 1.9438e+00    262.836 290.062267    5.31172    35.0587    35.0796    27.3662    1485.86    1488.17 0.0000e+00
       6330    274.000     7.6911     7.6907   3.610124   3.612019     1.9830      98.64     0.0208 5.1266e-02 -9.990e-29    263.691 290.062277    5.31476    35.0586    35.0795    27.3662    1485.88    1488.16 0.0000e+00
       6350    275.000     7.6910     7.6906   3.610150   3.612064     1.9832      98.34     0.0212 5.1260e-02 -9.990e-29    264.559 290.062287    5.31007    35.0585    35.0796    27.3661    1485.89    1488.16 0.0000e+00
       6373    276.000     7.6910     7.6906   3.610198   3.612117     1.9819      55.06     0.0216 5.1280e-02 -9.990e-29    265.480 290.062297    5.29806    35.0585    35.0797    27.3662    1485.91    1488.15 0.0000e+00
       6395    277.000     7.6908     7.6904   3.610231   3.612134     1.9812      76.96     0.0216 5.1280e-02 1.9438e+00    266.410 290.062308    5.30429    35.0586    35.0796    27.3662    1485.92    1488.14 0.0000e+00
       6417    278.000     7.6905     7.6901   3.610244   3.612161     1.9806      98.82     0.0205 5.1273e-02 1.9438e+00    267.315 290.062318    5.30298    35.0586    35.0797    27.3663    1485.94    1488.13 0.0000e+00
       6438    279.000     7.6895     7.6891   3.610219   3.612119     1.9803      79.64     0.0194 5.1294e-02 1.9438e+00    268.202 290.062329    5.30119    35.0588    35.0798    27.3666    1485.95    1488.12 0.0000e+00
       6459    280.000     7.6891     7.6887   3.610230   3.612125     1.9799      44.09     0.0216 5.1301e-02 1.9438e+00    269.086 290.062339    5.30973    35.0589    35.0798    27.3667    1485.97    1488.12 0.0000e+00
       6481    281.000     7.6889     7.6885   3.610267   3.612161     1.9807      99.11     0.0234 5.1273e-02 1.9438e+00    269.985 290.062349    5.31758    35.0590    35.0799    27.3668    1485.98    1488.11 0.0000e+00
       6502    282.000     7.6888     7.6884   3.610300   3.612214     1.9816      98.77     0.0207 5.1273e-02 1.9438e+00    270.883 290.062360    5.30998    35.0589    35.0800    27.3668    1486.00    1488.10 0.0000e+00
       6523    283.000     7.6885     7.6881   3.610337   3.612247     1.9797      29.54     0.0193 5.1287e-02 -9.990e-29    271.752 290.062370    5.29964    35.0592    35.0802    27.3670    1486.01    1488.09 0.0000e+00
       6544    284.000     7.6882     7.6878   3.610359   3.612260     1.9804      98.83     0.0200 5.1266e-02 -9.990e-29    272.630 290.062380    5.30953    35.0592    35.0802    27.3671    1486.03    1488.09 0.0000e+00
       6566    285.000     7.6877     7.6873   3.610371   3.612266     1.9794      98.77     0.0211 5.1260e-02 -9.990e-29    273.537 290.062390    5.29211    35.0594    35.0802    27.3673    1486.05    1488.08 0.0000e+00
       6588    286.000     7.6877     7.6872   3.610418   3.612311     1.9771      56.62     0.0209 5.1293e-02 -9.990e-29    274.452 290.062401    5.28405    35.0594    35.0803    27.3673    1486.06    1488.07 0.0000e+00
       6609    287.000     7.6877     7.6872   3.610482   3.612372     1.9769      71.64     0.0224 5.1293e-02 1.9438e+00    275.353 290.062411    5.30453    35.0596    35.0805    27.3675    1486.08    1488.07 0.0000e+00
       6631    288.000     7.6876     7.6873   3.610522   3.612425     1.9773      98.58     0.0185 5.1273e-02 1.9438e+00    276.244 290.062422    5.30059    35.0596    35.0805    27.3675    1486.09    1488.06 0.0000e+00
       6653    289.000     7.6874     7.6870   3.610536   3.612432     1.9766      85.76     0.0175 5.1273e-02 1.9438e+00    277.157 290.062432    5.28924    35.0595    35.0804    27.3674    1486.11    1488.05 0.0000e+00
       6675    290.000     7.6874     7.6869   3.610578   3.612473     1.9755      44.82     0.0156 5.1273e-02 1.9438e+00    278.073 290.062443    5.29646    35.0595    35.0805    27.3674    1486.13    1488.05 0.0000e+00
       6696    291.000     7.6869     7.6865   3.610571   3.612473     1.9763      98.83     0.0164 5.1273e-02 1.9438e+00    278.960 290.062453    5.30944    35.0594    35.0804    27.3674    1486.14    1488.04 0.0000e+00
