testdata/CTD/sta0417.cnv
* Sea-Bird SBE 9 Data File:
* FileName = C:\Seabird\CTDData\sta0417.hex
* Software Version Seasave V 7.21f
* Temperature SN = 4557
* Conductivity SN = 1337
* Number of Bytes Per Scan = 40
* Number of Voltage Words = 5
* Number of Scans Averaged by the Deck Unit = 1
* NMEA Latitude = 61 29.40 N
* NMEA Longitude = 005 14.36 E
* NMEA UTC (Time) = Oct 17 2018 01:25:14
* NMEA baud rate = 4800
** Ship: 10 F/F "G. O. Sars"
** Station: 0417
** Echodepth: 373
** Log: 5567.089
** Wind-Dir Force: 17 21
** Air-temp (dry): 13.4
** Weather Sky: 0 0
** Sea Ice: 0 0
# nquan = 20                                
# nvalues = 358                         
# units = specified
# name 0 = scan: Scan Count
# name 1 = prDM: Pressure, Digiquartz [db]
# name 2 = t068C: Temperature [ITS-68, deg C]
# name 3 = t168C: Temperature, 2 [ITS-68, deg C]
# name 4 = c0S/m: Conductivity [S/m]
# name 5 = c1S/m: Conductivity, 2 [S/m]
# name 6 = sbeox0V: Oxygen raw, SBE 43 [V]
# name 7 = altM: Altimeter [m]
# name 8 = flC: Fluorescence, Chelsea Aqua 3 Chl Con [ug/l]
# name 9 = par: PAR/Irradiance, Biospherical/Licor
# name 10 = spar: SPAR/Surface Irradiance
# name 11 = timeS: Time, Elapsed [seconds]
# name 12 = timeJ: Julian Days
# name 13 = sbeox0ML/L: Oxygen, SBE 43 [ml/l], WS = 2
# name 14 = sal00: Salinity, Practical [PSU]
# name 15 = sal11: Salinity, Practical, 2 [PSU]
# name 16 = sigma-t00: Density [sigma-t, Kg/m^3 ]
# name 17 = svCM: Sound Velocity [Chen-Millero, m/s]
# name 18 = avgsvCM: Average Sound Velocity [Chen-Millero, m/s], minP = 1, minS = 5
# name 19 = flag: flag
# span 0 =        518,       8303       
# span 1 =      3.000,    360.000       
# span 2 =     7.6866,    12.9591       
# span 3 =     7.6862,    12.9593       
# span 4 =   2.953689,   3.885169       
# span 5 =   2.956217,   3.887343       
# span 6 =     1.8688,     2.2679       
# span 7 =      18.68,     100.08       
# span 8 =     0.0156,     0.2022       
# span 9 = 5.1227e-02, 7.6504e-01       
# span 10 = 1.9438e+00, 1.9438e+00      
# span 11 =     21.527,    345.912      
# span 12 = 290.059474, 290.063228      
# span 13 =    4.68052,    5.91820      
# span 14 =    25.0791,    35.0620      
# span 15 =    25.1024,    35.0829      
# span 16 =    18.9171,    27.3695      
# span 17 =    1484.28,    1498.52      
# span 18 =    1484.65,    1495.16      
# span 19 = 0.0000e+00, 0.0000e+00      
# interval = decibars: 1                
# start_time = Oct 17 2018 01:25:17 [System UTC, header]
# bad_flag = -9.990e-29
*END*
[from data line 73]
       2099     76.000    11.2346    11.2333   3.798114   3.799824     1.9815      98.78     0.0302 5.1273e-02 1.9438e+00     87.426 290.060236    4.75732    33.6962    33.7143    25.7186    1493.86    1495.10 0.0000e+00
       2121     77.000    11.0882    11.0867   3.791101   3.792675     1.9747      98.75     0.0295 5.1266e-02 1.9438e+00     88.318 290.060247    4.75060    33.7605    33.7775    25.7950    1493.45    1495.08 0.0000e+00
       2142     78.000    10.9236    10.9225   3.783244   3.785100     1.9694      98.39     0.0319 5.1273e-02 1.9438e+00     89.208 290.060257    4.75395    33.8334    33.8529    25.8812    1492.97    1495.05 0.0000e+00
       2163     79.000    10.7133    10.7092   3.773587   3.774963     1.9640      98.20     0.0320 5.1273e-02 1.9438e+00     90.098 290.060267    4.75238    33.9311    33.9487    25.9946    1492.37    1495.02 0.0000e+00
       2185     80.000    10.5601    10.5578   3.763931   3.765461     1.9576      98.26     0.0354 5.1260e-02 1.9438e+00     91.005 290.060278    4.74255    33.9762    33.9938    26.0566    1491.89    1494.98 0.0000e+00
       2207     81.000    10.3673    10.3651   3.750033   3.751513     1.9515      98.35     0.0362 5.1273e-02 1.9438e+00     91.916 290.060288    4.76464    34.0157    34.0327    26.1209    1491.27    1494.93 0.0000e+00
       2228     82.000    10.2280    10.2261   3.743355   3.744997     1.9503      98.31     0.0322 5.1273e-02 -9.990e-29     92.810 290.060299    4.79387    34.0783    34.0967    26.1938    1490.87    1494.88 0.0000e+00
       2250     83.000    10.1213    10.1201   3.737616   3.739277     1.9492      98.76     0.0293 5.1273e-02 -9.990e-29     93.688 290.060309    4.79533    34.1200    34.1380    26.2445    1490.55    1494.83 0.0000e+00
       2270     84.000    10.0515    10.0501   3.733473   3.735105     1.9468      98.75     0.0321 5.1273e-02 -9.990e-29     94.560 290.060319    4.78611    34.1432    34.1611    26.2746    1490.35    1494.78 0.0000e+00
       2292     85.000     9.9849     9.9836   3.729061   3.730730     1.9440      98.41     0.0301 5.1273e-02 1.9438e+00     95.460 290.060329    4.79876    34.1607    34.1789    26.2995    1490.14    1494.72 0.0000e+00
       2314     86.000     9.8923     9.8887   3.722100   3.723535     1.9446      97.87     0.0329 5.1267e-02 1.9438e+00     96.382 290.060340    4.82282    34.1768    34.1949    26.3277    1489.85    1494.67 0.0000e+00
       2336     87.000     9.8117     9.8094   3.715930   3.717543     1.9442      94.03     0.0320 5.1266e-02 1.9438e+00     97.296 290.060351    4.81547    34.1896    34.2083    26.3512    1489.59    1494.61 0.0000e+00
       2358     88.000     9.6458     9.6419   3.705662   3.707066     1.9417      94.70     0.0320 5.1266e-02 1.9438e+00     98.198 290.060361    4.80378    34.2414    34.2596    26.4194    1489.07    1494.54 0.0000e+00
       2379     89.000     9.5089     9.5086   3.696337   3.698061     1.9365      97.47     0.0333 5.1259e-02 1.9438e+00     99.071 290.060371    4.77619    34.2755    34.2936    26.4687    1488.63    1494.48 0.0000e+00
       2399     90.000     9.4495     9.4482   3.692574   3.694344     1.9286      98.77     0.0353 5.1273e-02 1.9438e+00     99.930 290.060381    4.74444    34.2930    34.3125    26.4921    1488.45    1494.41 0.0000e+00
       2420     91.000     9.4317     9.4318   3.691635   3.693479     1.9210      98.70     0.0365 5.1273e-02 -9.990e-29    100.794 290.060391    4.72949    34.2998    34.3188    26.5004    1488.41    1494.34 0.0000e+00
       2441     92.000     9.4198     9.4194   3.691520   3.693388     1.9149      98.66     0.0376 5.1266e-02 -9.990e-29    101.661 290.060401    4.71877    34.3096    34.3293    26.5100    1488.39    1494.28 0.0000e+00
       2462     93.000     9.2653     9.2623   3.682143   3.683611     1.9091      98.78     0.0380 5.1273e-02 -9.990e-29    102.554 290.060411    4.72220    34.3602    34.3784    26.5748    1487.91    1494.21 0.0000e+00
       2484     94.000     9.1467     9.1453   3.674137   3.675722     1.9042      98.78     0.0363 5.1273e-02 -9.990e-29    103.457 290.060422    4.71764    34.3907    34.4086    26.6178    1487.53    1494.14 0.0000e+00
       2505     95.000     9.0191     9.0187   3.666018   3.667743     1.8986      98.78     0.0350 5.1266e-02 1.9438e+00    104.347 290.060432    4.71720    34.4288    34.4472    26.6681    1487.12    1494.06 0.0000e+00
       2526     96.000     8.9816     8.9812   3.663672   3.665434     1.8949      98.78     0.0332 5.1273e-02 1.9438e+00    105.216 290.060442    4.71144    34.4401    34.4589    26.6829    1487.01    1493.99 0.0000e+00
       2547     97.000     8.9059     8.9045   3.659183   3.660952     1.8903      98.76     0.0335 5.1266e-02 1.9438e+00    106.075 290.060452    4.70360    34.4660    34.4859    26.7153    1486.78    1493.92 0.0000e+00
       2568     98.000     8.8786     8.8783   3.657883   3.659784     1.8863      98.74     0.0343 5.1273e-02 1.9438e+00    106.949 290.060462    4.69174    34.4784    34.4986    26.7293    1486.71    1493.84 0.0000e+00
       2589     99.000     8.8474     8.8466   3.656970   3.658862     1.8816      98.78     0.0352 5.1273e-02 1.9438e+00    107.837 290.060473    4.68052    34.4986    34.5193    26.7501    1486.64    1493.77 0.0000e+00
       2611    100.000     8.8403     8.8386   3.656929   3.658745     1.8779      98.78     0.0364 5.1273e-02 1.9438e+00    108.741 290.060483    4.68406    34.5046    34.5254    26.7560    1486.64    1493.70 0.0000e+00
       2632    101.000     8.8227     8.8231   3.655680   3.657618     1.8764      98.78     0.0325 5.1273e-02 1.9438e+00    109.637 290.060493    4.70488    34.5082    34.5281    26.7615    1486.59    1493.63 0.0000e+00
       2653    102.000     8.7697     8.7686   3.651600   3.653442     1.8778      98.78     0.0353 5.1273e-02 1.9438e+00    110.491 290.060503    4.73711    34.5164    34.5368    26.7763    1486.42    1493.56 0.0000e+00
       2673    103.000     8.7619     8.7605   3.651074   3.652931     1.8806      98.78     0.0342 5.1266e-02 1.9438e+00    111.318 290.060513    4.74955    34.5180    34.5389    26.7788    1486.41    1493.49 0.0000e+00
       2693    104.000     8.7488     8.7480   3.650289   3.652199     1.8824      98.78     0.0344 5.1273e-02 1.9438e+00    112.184 290.060523    4.74349    34.5220    34.5429    26.7840    1486.39    1493.42 0.0000e+00
       2715    105.000     8.6700     8.6668   3.645435   3.647176     1.8821      98.78     0.0328 5.1273e-02 -9.990e-29    113.094 290.060533    4.72797    34.5472    34.5687    26.8161    1486.14    1493.35 0.0000e+00
       2737    106.000     8.5658     8.5629   3.639250   3.640987     1.8791      98.78     0.0341 5.1273e-02 -9.990e-29    114.014 290.060544    4.70888    34.5833    34.6045    26.8607    1485.81    1493.28 0.0000e+00
       2759    107.000     8.5220     8.5203   3.636636   3.638480     1.8746      98.78     0.0357 5.1273e-02 -9.990e-29    114.911 290.060555    4.69730    34.5981    34.6193    26.8790    1485.69    1493.21 0.0000e+00
       2779    108.000     8.5053     8.5037   3.635615   3.637480     1.8713      98.78     0.0341 5.1273e-02 -9.990e-29    115.769 290.060564    4.69960    34.6032    34.6245    26.8856    1485.65    1493.14 0.0000e+00
       2800    109.000     8.4633     8.4619   3.633324   3.635209     1.8695      98.78     0.0311 5.1273e-02 1.9438e+00    116.632 290.060574    4.71040    34.6196    34.6410    26.9050    1485.53    1493.07 0.0000e+00
       2821    110.000     8.4178     8.4158   3.630814   3.632620     1.8688      98.78     0.0315 5.1273e-02 1.9438e+00    117.508 290.060585    4.72339    34.6372    34.6583    26.9258    1485.39    1493.00 0.0000e+00
       2842    111.000     8.3526     8.3519   3.627002   3.628881     1.8690      98.77     0.0305 5.1266e-02 1.9438e+00    118.384 290.060595    4.73801    34.6603    34.6810    26.9540    1485.20    1492.92 0.0000e+00
       2864    112.000     8.2996     8.2975   3.623958   3.625765     1.8698      98.75     0.0298 5.1273e-02 1.9438e+00    119.272 290.060605    4.75131    34.6797    34.7010    26.9773    1485.04    1492.85 0.0000e+00
       2885    113.000     8.2779     8.2777   3.622685   3.624637     1.8708      98.77     0.0295 5.1260e-02 1.9438e+00    120.152 290.060615    4.76339    34.6870    34.7080    26.9864    1484.98    1492.78 0.0000e+00
       2906    114.000     8.2606     8.2593   3.621658   3.623562     1.8729      98.78     0.0310 5.1259e-02 1.9438e+00    121.025 290.060625    4.77993    34.6927    34.7143    26.9934    1484.94    1492.71 0.0000e+00
       2927    115.000     8.2410     8.2410   3.620591   3.622555     1.8753      98.78     0.0331 5.1260e-02 -9.990e-29    121.923 290.060636    4.79128    34.7002    34.7211    27.0023    1484.89    1492.65 0.0000e+00
       2949    116.000     8.2243     8.2239   3.619751   3.621709     1.8775      98.78     0.0358 5.1266e-02 -9.990e-29    122.833 290.060646    4.79138    34.7072    34.7285    27.0104    1484.85    1492.58 0.0000e+00
       2970    117.000     8.2072     8.2062   3.618859   3.620787     1.8778      98.78     0.0352 5.1273e-02 -9.990e-29    123.713 290.060656    4.78775    34.7141    34.7357    27.0184    1484.82    1492.51 0.0000e+00
       2991    118.000     8.1927     8.1916   3.618057   3.619990     1.8786      98.78     0.0345 5.1273e-02 -9.990e-29    124.566 290.060666    4.79627    34.7194    34.7412    27.0247    1484.78    1492.45 0.0000e+00
       3011    119.000     8.1751     8.1741   3.617065   3.618992     1.8793      98.78     0.0363 5.1273e-02 1.9438e+00    125.415 290.060676    4.80036    34.7257    34.7473    27.0324    1484.74    1492.38 0.0000e+00
       3032    120.000     8.1400     8.1387   3.615219   3.617113     1.8803      98.78     0.0357 5.1273e-02 1.9438e+00    126.299 290.060686    4.81026    34.7403    34.7618    27.0491    1484.64    1492.32 0.0000e+00
       3054    121.000     8.1167     8.1156   3.613964   3.615904     1.8811      98.78     0.0315 5.1260e-02 1.9438e+00    127.216 290.060697    4.81695    34.7494    34.7713    27.0598    1484.59    1492.25 0.0000e+00
       3076    122.000     8.1103     8.1094   3.613600   3.615526     1.8825      98.78     0.0326 5.1273e-02 1.9438e+00    128.131 290.060708    4.82678    34.7514    34.7729    27.0623    1484.58    1492.19 0.0000e+00
       3098    123.000     8.0695     8.0687   3.610904   3.612855     1.8842      98.78     0.0329 5.1273e-02 1.9438e+00    129.024 290.060718    4.84015    34.7625    34.7842    27.0772    1484.46    1492.13 0.0000e+00
       3118    124.000     8.0640     8.0638   3.610819   3.612833     1.8858      98.78     0.0353 5.1273e-02 1.9438e+00    129.880 290.060728    4.84269    34.7666    34.7883    27.0812    1484.46    1492.06 0.0000e+00
       3139    125.000     8.0631     8.0626   3.611101   3.613113     1.8865      98.78     0.0325 5.1273e-02 1.9438e+00    130.732 290.060738    4.83634    34.7700    34.7920    27.0840    1484.47    1492.00 0.0000e+00
       3159    126.000     8.0529     8.0522   3.610715   3.612699     1.8865      98.78     0.0287 5.1253e-02 1.9438e+00    131.601 290.060748    4.83478    34.7755    34.7975    27.0899    1484.46    1491.94 0.0000e+00
       3181    127.000     8.0485     8.0477   3.610522   3.612483     1.8864      98.78     0.0289 5.1273e-02 1.9438e+00    132.493 290.060758    4.83897    34.7773    34.7991    27.0920    1484.46    1491.88 0.0000e+00
       3203    128.000     8.0371     8.0361   3.609810   3.611751     1.8871      98.78     0.0297 5.1273e-02 1.9438e+00    133.406 290.060769    4.85502    34.7805    34.8023    27.0962    1484.44    1491.82 0.0000e+00
       3225    129.000     8.0267     8.0258   3.609134   3.611087     1.8894      98.78     0.0283 5.1273e-02 -9.990e-29    134.315 290.060779    4.86708    34.7831    34.8049    27.0998    1484.42    1491.77 0.0000e+00
       3245    130.000     8.0238     8.0231   3.609180   3.611159     1.8906      98.78     0.0283 5.1273e-02 -9.990e-29    135.182 290.060789    4.86529    34.7860    34.8079    27.1025    1484.43    1491.71 0.0000e+00
       3266    131.000     8.0192     8.0187   3.609216   3.611199     1.8913      98.78     0.0266 5.1273e-02 -9.990e-29    136.032 290.060799    4.86230    34.7905    34.8122    27.1067    1484.43    1491.65 0.0000e+00
       3287    132.000     8.0052     8.0046   3.608637   3.610608     1.8913      98.78     0.0253 5.1273e-02 -9.990e-29    136.899 290.060809    4.86453    34.7977    34.8194    27.1145    1484.41    1491.60 0.0000e+00
       3308    133.000     7.9922     7.9914   3.607958   3.609920     1.8921      98.78     0.0279 5.1273e-02 1.9438e+00    137.802 290.060819    4.87517    34.8028    34.8247    27.1205    1484.38    1491.55 0.0000e+00
       3330    134.000     7.9787     7.9779   3.607456   3.609437     1.8933      98.78     0.0285 5.1266e-02 1.9438e+00    138.727 290.060830    4.88807    34.8104    34.8324    27.1284    1484.35    1491.49 0.0000e+00
       3352    135.000     7.9728     7.9717   3.607298   3.609255     1.8954      98.78     0.0270 5.1273e-02 1.9438e+00    139.635 290.060841    4.89618    34.8141    34.8362    27.1322    1484.35    1491.44 0.0000e+00
       3373    136.000     7.9615     7.9608   3.606895   3.608865     1.8964      98.78     0.0272 5.1266e-02 1.9438e+00    140.505 290.060851    4.89843    34.8205    34.8424    27.1389    1484.33    1491.39 0.0000e+00
       3394    137.000     7.9596     7.9588   3.606839   3.608817     1.8980      98.78     0.0291 5.1266e-02 1.9438e+00    141.362 290.060861    4.91238    34.8213    34.8433    27.1398    1484.34    1491.33 0.0000e+00
       3414    138.000     7.9516     7.9511   3.606554   3.608520     1.9002      98.78     0.0329 5.1266e-02 -9.990e-29    142.206 290.060870    4.92568    34.8257    34.8473    27.1445    1484.34    1491.28 0.0000e+00
       3435    139.000     7.9405     7.9397   3.605999   3.607970     1.9028      98.78     0.0310 5.1273e-02 -9.990e-29    143.066 290.060880    4.93993    34.8303    34.8523    27.1498    1484.32    1491.23 0.0000e+00
       3456    140.000     7.9323     7.9315   3.605618   3.607573     1.9055      98.78     0.0303 5.1273e-02 -9.990e-29    143.966 290.060891    4.94274    34.8339    34.8557    27.1538    1484.31    1491.18 0.0000e+00
       3478    141.000     7.9318     7.9311   3.605643   3.607595     1.9067      69.03     0.0301 5.1273e-02 -9.990e-29    144.883 290.060901    4.95125    34.8342    34.8559    27.1541    1484.32    1491.13 0.0000e+00
       3500    142.000     7.9255     7.9253   3.605367   3.607348     1.9105      98.65     0.0259 5.1273e-02 1.9438e+00    145.794 290.060912    4.97202    34.8370    34.8585    27.1573    1484.32    1491.09 0.0000e+00
       3522    143.000     7.9161     7.9154   3.604914   3.606885     1.9124      98.78     0.0259 5.1273e-02 1.9438e+00    146.689 290.060922    4.97073    34.8410    34.8629    27.1618    1484.30    1491.04 0.0000e+00
       3543    144.000     7.9070     7.9061   3.604484   3.606440     1.9141      84.80     0.0283 5.1260e-02 1.9438e+00    147.567 290.060933    4.97015    34.8450    34.8669    27.1663    1484.29    1490.99 0.0000e+00
       3563    145.000     7.9029     7.9022   3.604322   3.606292     1.9149      83.48     0.0282 5.1252e-02 1.9438e+00    148.428 290.060942    4.97541    34.8468    34.8687    27.1684    1484.29    1490.94 0.0000e+00
       3584    146.000     7.8995     7.8990   3.604205   3.606178     1.9161      98.96     0.0261 5.1252e-02 1.9438e+00    149.281 290.060952    4.98313    34.8485    34.8702    27.1702    1484.30    1490.90 0.0000e+00
