testdata/CTD/sta0402.cnv
* Sea-Bird SBE 9 Data File:
* FileName = C:\Seabird\CTDData\sta0402.hex
* Software Version Seasave V 7.21f
* Temperature SN = 4557
* Conductivity SN = 1337
* Number of Bytes Per Scan = 40
* Number of Voltage Words = 5
* Number of Scans Averaged by the Deck Unit = 1
* NMEA Latitude = 60 47.40 N
* NMEA Longitude = 005 16.37 E
* NMEA UTC (Time) = Oct 14 2018 04:22:05
* NMEA baud rate = 4800
** Ship: 10 F/F "G. O. Sars"
** Station: 0402
** Echodepth: 136
** Log: 5335.17
** Wind-Dir Force: 18 17
** Air-temp (dry): 19
** Weather Sky: 0 6
** Sea Ice: 3 0
# nquan = 20                                
# nvalues = 138                         
# units = specified
# name 0 = scan: Scan Count
# name 1 = prDM: Pressure, Digiquartz [db]
# name 2 = t068C: Temperature [ITS-68, deg C]
# name 3 = t168C: Temperature, 2 [ITS-68, deg C]
# name 4 = c0S/m: Conductivity [S/m]
# name 5 = c1S/m: Conductivity, 2 [S/m]
# name 6 = sbeox0V: Oxygen raw, SBE 43 [V]
# name 7 = altM: Altimeter [m]
# name 8 = flC: Fluorescence, Chelsea Aqua 3 Chl Con [ug/l]
# name 9 = par: PAR/Irradiance, Biospherical/Licor
# name 10 = spar: SPAR/Surface Irradiance
# name 11 = timeS: Time, Elapsed [seconds]
# name 12 = timeJ: Julian Days
# name 13 = sbeox0ML/L: Oxygen, SBE 43 [ml/l], WS = 2
# name 14 = sal00: Salinity, Practical [PSU]
# name 15 = sal11: Salinity, Practical, 2 [PSU]
# name 16 = sigma-t00: Density [sigma-t, Kg/m^3 ]
# name 17 = svCM: Sound Velocity [Chen-Millero, m/s]
# name 18 = avgsvCM: Average Sound Velocity [Chen-Millero, m/s], minP = 1, minS = 5
# name 19 = flag: flag
# span 0 =         48,       3667       
# span 1 =      3.000,    140.000       
# span 2 =     8.1945,    13.9808       
# span 3 =     8.1928,    13.9851       
# span 4 =   3.633315,   3.838787       
# span 5 =   3.635392,   3.841254       
# span 6 =     1.8277,     2.2024       
# span 7 =       3.30,      98.80       
# span 8 =     0.0230,     0.1448       
# span 9 = 5.1182e-02, 6.5772e-01       
# span 10 = 1.9438e+00, 1.9438e+00      
# span 11 =      1.951,    152.755      
# span 12 = 287.182048, 287.183794      
# span 13 =    4.58860,    5.41887      
# span 14 =    30.3920,    34.8700      
# span 15 =    30.4019,    34.8939      
# span 16 =    22.6357,    27.1427      
# span 17 =    1485.34,    1499.43      
# span 18 =    1493.16,    1498.55      
# span 19 = 0.0000e+00, 0.0000e+00      
# interval = decibars: 1                
# start_time = Oct 14 2018 04:22:07 [System UTC, header]
# bad_flag = -9.990e-29
*END*
         48      3.000    13.9804    13.9746   3.693663   3.698678     2.1886      98.69     0.1395 6.5772e-01 -9.990e-29      1.951 287.182048    5.22984    30.3980    30.4485    22.6383    1498.05    1498.05 0.0000e+00
        265      4.000    13.9782    13.9752   3.693997   3.697863     2.1912      98.67     0.1399 5.8120e-01 1.9438e+00     11.020 287.182153    5.23827    30.4024    30.4402    22.6422    1498.06    1498.05 0.0000e+00
        452      5.000    13.9711    13.9754   3.695113   3.693765     2.1935      98.68     0.1412 4.6248e-01 1.9438e+00     18.801 287.182243    5.24913    30.4179    30.4021    22.6555    1498.08    1498.06 0.0000e+00
        470      6.000    13.9703    13.9717   3.692252   3.693454     2.1935      98.70     0.1448 3.2699e-01 1.9438e+00     19.534 287.182252    5.23773    30.3920    30.4019    22.6357    1498.06    1498.06 0.0000e+00
        491      7.000    13.9611    13.9626   3.699266   3.700580     2.1903      98.70     0.1434 1.9921e-01 1.9438e+00     20.401 287.182262    5.21702    30.4630    30.4739    22.6924    1498.13    1498.07 0.0000e+00
        512      8.000    13.9521    13.9521   3.706155   3.708210     2.1872      98.72     0.1399 1.5148e-01 -9.990e-29     21.281 287.182272    5.21060    30.5329    30.5517    22.7480    1498.20    1498.08 0.0000e+00
        533      9.000    13.9444    13.9506   3.716156   3.722266     2.1850      98.73     0.1357 1.1608e-01 -9.990e-29     22.174 287.182282    5.20923    30.6302    30.6813    22.8247    1498.30    1498.11 0.0000e+00
        555     10.000    13.9808    13.9851   3.740857   3.747369     2.1841      98.76     0.1290 8.2187e-02 -9.990e-29     23.071 287.182293    5.19861    30.8271    30.8834    22.9693    1498.67    1498.16 0.0000e+00
        576     11.000    13.9687    13.9694   3.768742   3.770840     2.1824      98.79     0.1221 5.5737e-02 -9.990e-29     23.961 287.182303    5.19068    31.0922    31.1109    23.1763    1498.96    1498.24 0.0000e+00
        598     12.000    13.9288    13.9204   3.798529   3.808002     2.1830      98.80     0.1105 5.1241e-02 1.9438e+00     24.863 287.182313    5.18699    31.3979    31.4919    23.4203    1499.20    1498.32 0.0000e+00
        619     13.000    13.8923    13.8936   3.826154   3.829024     2.1806      98.80     0.0968 5.1252e-02 1.9438e+00     25.755 287.182324    5.15190    31.6818    31.7072    23.6468    1499.43    1498.40 0.0000e+00
        640     14.000    13.7322    13.7443   3.833431   3.836248     2.1743      98.80     0.0881 5.1266e-02 1.9438e+00     26.646 287.182334    5.12198    31.8813    31.8973    23.8333    1499.16    1498.46 0.0000e+00
        662     15.000    13.6036    13.6036   3.822087   3.824292     2.1650      98.80     0.0815 5.1273e-02 1.9438e+00     27.547 287.182344    5.09058    31.8827    31.9032    23.8603    1498.75    1498.48 0.0000e+00
        683     16.000    13.6187    13.6181   3.825917   3.828146     2.1538      98.80     0.0792 5.1266e-02 1.9438e+00     28.437 287.182355    5.06072    31.9053    31.9265    23.8747    1498.84    1498.50 0.0000e+00
        705     17.000    13.5770    13.5755   3.829484   3.831906     2.1471      98.80     0.0783 5.1273e-02 1.9438e+00     29.322 287.182365    5.08298    31.9729    31.9967    23.9353    1498.80    1498.52 0.0000e+00
        726     18.000    13.5959    13.5976   3.838787   3.841254     2.1475      98.80     0.0764 5.1267e-02 1.9438e+00     30.219 287.182375    5.10378    32.0432    32.0647    23.9858    1498.96    1498.54 0.0000e+00
        748     19.000    13.5142    13.5134   3.836866   3.839008     2.1482      98.80     0.0742 5.1266e-02 1.9438e+00     31.115 287.182386    5.11513    32.0934    32.1141    24.0410    1498.77    1498.55 0.0000e+00
        769     20.000    13.2184    13.2135   3.825000   3.826826     2.1490      98.80     0.0732 5.1273e-02 1.9438e+00     32.014 287.182396    5.13850    32.2318    32.2530    24.2068    1497.96    1498.52 0.0000e+00
        791     21.000    13.2206    13.2194   3.832361   3.834341     2.1475      98.80     0.0732 5.1273e-02 1.9438e+00     32.909 287.182406    5.11962    32.2986    32.3182    24.2581    1498.07    1498.50 0.0000e+00
        812     22.000    13.2226    13.2222   3.835297   3.837457     2.1454      98.80     0.0720 5.1273e-02 -9.990e-29     33.792 287.182417    5.13246    32.3240    32.3446    24.2774    1498.12    1498.48 0.0000e+00
        834     23.000    13.1451    13.1449   3.834020   3.836225     2.1492      98.80     0.0691 5.1260e-02 -9.990e-29     34.690 287.182427    5.18484    32.3776    32.3985    24.3341    1497.94    1498.46 0.0000e+00
        855     24.000    13.1035    13.1036   3.835763   3.837785     2.1568      98.80     0.0680 5.1273e-02 -9.990e-29     35.591 287.182437    5.21135    32.4291    32.4481    24.3822    1497.88    1498.44 0.0000e+00
        877     25.000    13.0913    13.0904   3.837619   3.839672     2.1603      98.80     0.0694 5.1273e-02 -9.990e-29     36.484 287.182448    5.20417    32.4566    32.4767    24.4059    1497.89    1498.41 0.0000e+00
        898     26.000    13.0571    13.0558   3.836033   3.838057     2.1625      98.80     0.0674 5.1267e-02 1.9438e+00     37.386 287.182458    5.20764    32.4705    32.4907    24.4234    1497.81    1498.39 0.0000e+00
        920     27.000    13.0207    13.0200   3.832720   3.834762     2.1636      98.80     0.0696 5.1273e-02 1.9438e+00     38.289 287.182469    5.20759    32.4701    32.4899    24.4302    1497.70    1498.37 0.0000e+00
        942     28.000    12.9149    12.9284   3.824194   3.827632     2.1633      18.76     0.0682 5.1299e-02 1.9438e+00     39.189 287.182479    5.22025    32.4798    32.5008    24.4584    1497.37    1498.33 0.0000e+00
        963     29.000    12.6028    12.6054   3.797333   3.799500     2.1647      12.62     0.0708 5.1286e-02 1.9438e+00     40.102 287.182490    5.25436    32.4930    32.5114    24.5291    1496.35    1498.26 0.0000e+00
        985     30.000    12.5833    12.5846   3.800627   3.802847     2.1626      12.06     0.0751 5.1314e-02 1.9438e+00     41.001 287.182500    5.23016    32.5409    32.5609    24.5699    1496.36    1498.20 0.0000e+00
       1007     31.000    12.5444    12.5450   3.799424   3.801461     2.1597      11.07     0.0791 5.1293e-02 1.9438e+00     41.898 287.182510    5.26660    32.5626    32.5816    24.5942    1496.27    1498.14 0.0000e+00
       1028     32.000    12.4793    12.4791   3.796504   3.798445     2.1691      83.95     0.0798 5.1259e-02 -9.990e-29     42.798 287.182521    5.36595    32.5907    32.6095    24.6285    1496.10    1498.07 0.0000e+00
       1050     33.000    12.4986    12.4941   3.805024   3.806197     2.1824      98.57     0.0804 5.1260e-02 -9.990e-29     43.694 287.182531    5.39683    32.6550    32.6701    24.6746    1496.26    1498.02 0.0000e+00
       1071     34.000    12.5201    12.5185   3.809709   3.811549     2.1910      97.96     0.0804 5.1273e-02 -9.990e-29     44.590 287.182542    5.40048    32.6807    32.6997    24.6904    1496.38    1497.97 0.0000e+00
       1092     35.000    12.3931    12.3969   3.796379   3.798722     2.1981      96.18     0.0828 5.1266e-02 -9.990e-29     45.476 287.182552    5.41887    32.6632    32.6823    24.7011    1495.94    1497.91 0.0000e+00
       1114     36.000    12.3423    12.3409   3.792721   3.794848     2.2001      95.88     0.0837 5.1253e-02 -9.990e-29     46.366 287.182562    5.39135    32.6720    32.6936    24.7175    1495.80    1497.85 0.0000e+00
       1136     37.000    12.4407    12.4429   3.805380   3.807894     2.1965      95.94     0.0783 5.1266e-02 -9.990e-29     47.272 287.182573    5.36743    32.7071    32.7293    24.7261    1496.19    1497.81 0.0000e+00
       1157     38.000    12.4216    12.4100   3.804611   3.805952     2.1986      95.83     0.0773 5.1273e-02 -9.990e-29     48.174 287.182583    5.40830    32.7160    32.7390    24.7366    1496.15    1497.76 0.0000e+00
       1179     39.000    12.3375    12.3326   3.799740   3.801272     2.2024      95.92     0.0765 5.1247e-02 -9.990e-29     49.067 287.182593    5.41638    32.7422    32.7612    24.7730    1495.91    1497.72 0.0000e+00
       1200     40.000    12.3699    12.3758   3.804821   3.807817     2.2016      97.24     0.0806 5.1273e-02 -9.990e-29     49.965 287.182604    5.38443    32.7623    32.7859    24.7823    1496.07    1497.68 0.0000e+00
       1222     41.000    12.3723    12.3984   3.808782   3.813905     2.1986      96.03     0.0832 5.1273e-02 -9.990e-29     50.865 287.182614    5.38156    32.7978    32.8241    24.8094    1496.13    1497.64 0.0000e+00
       1243     42.000    12.3121    12.3076   3.804248   3.806062     2.1997      98.25     0.0828 5.1266e-02 -9.990e-29     51.770 287.182625    5.40298    32.8065    32.8279    24.8276    1495.95    1497.60 0.0000e+00
       1265     43.000    12.3281    12.3268   3.807436   3.809364     2.1987      98.76     0.0813 5.1252e-02 -9.990e-29     52.671 287.182635    5.38305    32.8227    32.8423    24.8371    1496.04    1497.56 0.0000e+00
       1287     44.000    12.2749    12.2737   3.803302   3.805391     2.1968      98.44     0.0774 5.1273e-02 -9.990e-29     53.564 287.182645    5.38708    32.8292    32.8503    24.8522    1495.89    1497.52 0.0000e+00
       1308     45.000    12.2695    12.2689   3.803095   3.805262     2.1960      97.32     0.0766 5.1273e-02 -9.990e-29     54.463 287.182656    5.38805    32.8315    32.8528    24.8551    1495.89    1497.49 0.0000e+00
       1330     46.000    12.2978    12.2975   3.809209   3.811647     2.1952      96.57     0.0766 5.1239e-02 -9.990e-29     55.369 287.182666    5.38161    32.8650    32.8887    24.8757    1496.04    1497.46 0.0000e+00
       1351     47.000    12.2705    12.2701   3.810122   3.812272     2.1943      95.96     0.0780 5.1273e-02 -9.990e-29     56.268 287.182677    5.38759    32.8973    32.9184    24.9060    1496.00    1497.42 0.0000e+00
       1373     48.000    12.2890    12.2874   3.813548   3.815552     2.1949      95.01     0.0785 5.1259e-02 -9.990e-29     57.168 287.182687    5.38314    32.9136    32.9343    24.9151    1496.10    1497.40 0.0000e+00
       1395     49.000    12.2803    12.2797   3.814056   3.816222     2.1929      95.10     0.0792 5.1266e-02 -9.990e-29     58.064 287.182698    5.36364    32.9257    32.9471    24.9261    1496.10    1497.37 0.0000e+00
       1416     50.000    12.2639    12.2629   3.814308   3.816388     2.1896      93.39     0.0774 5.1259e-02 -9.990e-29     58.960 287.182708    5.34817    32.9422    32.9631    24.9420    1496.08    1497.34 0.0000e+00
       1438     51.000    12.2556    12.2550   3.814139   3.816328     2.1856      92.83     0.0755 5.1260e-02 -9.990e-29     59.859 287.182718    5.33530    32.9474    32.9690    24.9476    1496.08    1497.32 0.0000e+00
       1459     52.000    12.2086    12.2072   3.815281   3.817497     2.1820      91.94     0.0757 5.1247e-02 -9.990e-29     60.757 287.182729    5.33935    32.9994    33.0220    24.9969    1496.00    1497.29 0.0000e+00
       1481     53.000    12.1615    12.1609   3.815223   3.817391     2.1808      90.25     0.0749 5.1259e-02 -9.990e-29     61.661 287.182739    5.33792    33.0400    33.0614    25.0373    1495.90    1497.27 0.0000e+00
       1502     54.000    12.1416    12.1408   3.816260   3.818494     2.1765      89.25     0.0739 5.1247e-02 -9.990e-29     62.556 287.182749    5.31447    33.0672    33.0894    25.0621    1495.88    1497.24 0.0000e+00
       1524     55.000    12.1184    12.1177   3.818361   3.820588     2.1729      87.91     0.0754 5.1266e-02 -9.990e-29     63.447 287.182760    5.31665    33.1076    33.1297    25.0978    1495.87    1497.22 0.0000e+00
       1545     56.000    12.1016    12.1011   3.820752   3.822936     2.1710      86.11     0.0749 5.1227e-02 -9.990e-29     64.349 287.182770    5.31479    33.1452    33.1667    25.1302    1495.87    1497.19 0.0000e+00
       1567     57.000    12.0976    12.0964   3.820961   3.823184     2.1687      85.76     0.0771 5.1225e-02 -9.990e-29     65.254 287.182781    5.31907    33.1503    33.1729    25.1349    1495.88    1497.17 0.0000e+00
       1589     58.000    12.0909    12.0908   3.821388   3.823599     2.1695      85.05     0.0769 5.1240e-02 -9.990e-29     66.156 287.182791    5.32786    33.1600    33.1814    25.1437    1495.88    1497.15 0.0000e+00
       1610     59.000    12.0831    12.0830   3.821095   3.823293     2.1684      83.85     0.0745 5.1221e-02 -9.990e-29     67.059 287.182802    5.30979    33.1636    33.1850    25.1480    1495.88    1497.13 0.0000e+00
       1632     60.000    12.0775    12.0769   3.821091   3.823361     2.1656      81.50     0.0725 5.1239e-02 -9.990e-29     67.958 287.182812    5.29519    33.1682    33.1906    25.1526    1495.88    1497.11 0.0000e+00
       1654     61.000    12.0512    12.0500   3.823858   3.826100     2.1619      80.75     0.0746 5.1221e-02 -9.990e-29     68.859 287.182822    5.28528    33.2179    33.2407    25.1961    1495.87    1497.09 0.0000e+00
       1675     62.000    12.0503    12.0501   3.825207   3.827450     2.1597      77.72     0.0761 5.1225e-02 -9.990e-29     69.756 287.182833    5.28796    33.2313    33.2532    25.2067    1495.90    1497.07 0.0000e+00
       1697     63.000    12.0499    12.0493   3.825798   3.828013     2.1578      75.57     0.0742 5.1214e-02 -9.990e-29     70.653 287.182843    5.27572    33.2370    33.2590    25.2112    1495.92    1497.05 0.0000e+00
       1718     64.000    12.0351    12.0343   3.825939   3.828159     2.1545      74.87     0.0750 5.1214e-02 -9.990e-29     71.558 287.182854    5.27135    33.2511    33.2733    25.2249    1495.90    1497.03 0.0000e+00
       1740     65.000    12.0253    12.0249   3.827686   3.829921     2.1536      74.23     0.0727 5.1205e-02 -9.990e-29     72.459 287.182864    5.27522    33.2763    33.2983    25.2463    1495.91    1497.01 0.0000e+00
       1761     66.000    12.0235    12.0233   3.830170   3.832531     2.1519      71.34     0.0683 5.1240e-02 -9.990e-29     73.351 287.182874    5.26918    33.3016    33.3246    25.2663    1495.95    1497.00 0.0000e+00
       1783     67.000    12.0087    12.0082   3.834124   3.836332     2.1508      68.41     0.0690 5.1232e-02 -9.990e-29     74.245 287.182885    5.25753    33.3527    33.3746    25.3087    1495.98    1496.98 0.0000e+00
       1804     68.000    11.9724    11.9721   3.834480   3.836693     2.1466      73.00     0.0664 5.1221e-02 1.9438e+00     75.139 287.182895    5.23258    33.3882    33.4100    25.3431    1495.92    1496.97 0.0000e+00
       1826     69.000    11.9389    11.9374   3.834430   3.836672     2.1415      72.21     0.0661 5.1218e-02 1.9438e+00     76.037 287.182906    5.21303    33.4173    33.4404    25.3720    1495.85    1496.95 0.0000e+00
       1847     70.000    11.8565    11.8566   3.834929   3.837089     2.1358      71.25     0.0671 5.1232e-02 1.9438e+00     76.922 287.182916    5.20308    33.4958    33.5167    25.4484    1495.68    1496.93 0.0000e+00
       1868     71.000    11.8592    11.8594   3.834938   3.837136     2.1304      70.52     0.0656 5.1182e-02 1.9438e+00     77.808 287.182926    5.18142    33.4930    33.5142    25.4457    1495.70    1496.91 0.0000e+00
       1890     72.000    11.8595    11.8593   3.835105   3.837307     2.1240      69.39     0.0646 5.1233e-02 1.9438e+00     78.714 287.182937    5.16324    33.4939    33.5156    25.4464    1495.72    1496.90 0.0000e+00
       1912     73.000    11.8323    11.8277   3.834756   3.836819     2.1188      68.30     0.0659 5.1218e-02 1.9438e+00     79.621 287.182947    5.16490    33.5146    33.5388    25.4675    1495.67    1496.88 0.0000e+00
       1933     74.000    11.7921    11.7923   3.833844   3.836033     2.1167      67.19     0.0650 5.1247e-02 1.9438e+00     80.520 287.182957    5.17519    33.5415    33.5627    25.4959    1495.58    1496.86 0.0000e+00
