testdata/CTD/sta0410.cnv
* Sea-Bird SBE 9 Data File:
* FileName = C:\Seabird\CTDData\sta0410.hex
* Software Version Seasave V 7.21f
* Temperature SN = 4557
* Conductivity SN = 1337
* Number of Bytes Per Scan = 40
* Number of Voltage Words = 5
* Number of Scans Averaged by the Deck Unit = 1
* NMEA Latitude = 60 52.00 N
* NMEA Longitude = 005 21.67 E
* NMEA UTC (Time) = Oct 14 2018 08:41:30
* NMEA baud rate = 4800
** Ship: 10 F/F "G. O. Sars"
** Station: 0410
** Echodepth: 467
** Log: 5342.64
** Wind-Dir Force: 20 10
** Air-temp (dry): 16.6
** Weather Sky: 2 8
** Sea Ice: 3 0
# nquan = 20                                
# nvalues = 458                         
# units = specified
# name 0 = scan: Scan Count
# name 1 = prDM: Pressure, Digiquartz [db]
# name 2 = t068C: Temperature [ITS-68, deg C]
# name 3 = t168C: Temperature, 2 [ITS-68, deg C]
# name 4 = c0S/m: Conductivity [S/m]
# name 5 = c1S/m: Conductivity, 2 [S/m]
# name 6 = sbeox0V: Oxygen raw, SBE 43 [V]
# name 7 = altM: Altimeter [m]
# name 8 = flC: Fluorescence, Chelsea Aqua 3 Chl Con [ug/l]
# name 9 = par: PAR/Irradiance, Biospherical/Licor
# name 10 = spar: SPAR/Surface Irradiance
# name 11 = timeS: Time, Elapsed [seconds]
# name 12 = timeJ: Julian Days
# name 13 = sbeox0ML/L: Oxygen, SBE 43 [ml/l], WS = 2
# name 14 = sal00: Salinity, Practical [PSU]
# name 15 = sal11: Salinity, Practical, 2 [PSU]
# name 16 = sigma-t00: Density [sigma-t, Kg/m^3 ]
# name 17 = svCM: Sound Velocity [Chen-Millero, m/s]
# name 18 = avgsvCM: Average Sound Velocity [Chen-Millero, m/s], minP = 1, minS = 5
# name 19 = flag: flag
# span 0 =        367,      10176       
# span 1 =      3.000,    460.000       
# span 2 =     8.0812,    15.8497       
# span 3 =     8.0808,    15.8535       
# span 4 =   1.508949,   3.981562       
# span 5 =   1.465126,   3.983917       
# span 6 =     0.8903,     2.3328       
# span 7 =      16.38,      98.98       
# span 8 =     0.0214,     0.2621       
# span 9 = 5.1238e-02, 3.8243e+00       
# span 10 = 2.8900e+01, 8.3583e+01      
# span 11 =     15.256,    423.976      
# span 12 = 287.362352, 287.367083      
# span 13 =    1.34790,    6.51855      
# span 14 =    11.9860,    35.0215      
# span 15 =    11.6249,    35.0445      
# span 16 =     8.7750,    27.2602      
# span 17 =    1469.68,    1505.19      
# span 18 =    1469.68,    1498.03      
# span 19 = 0.0000e+00, 0.0000e+00      
# interval = decibars: 1                
# start_time = Oct 14 2018 08:41:32 [System UTC, header]
# bad_flag = -9.990e-29
*END*
        367      3.000    12.0546    12.0027   1.508949   1.465126     2.3049      98.86     0.2621 3.8243e+00 3.7686e+01     15.256 287.362352    6.51855    11.9860    11.6249     8.7750    1469.68    1469.68 0.0000e+00
        406      4.000    13.2639    13.3369   2.477748   2.553263     2.3051      98.82     0.2593 2.1618e+00 3.4822e+01     16.895 287.362371    6.08605    19.9359    20.5640    14.7112    1483.38    1473.08 0.0000e+00
        430      5.000    14.2028    14.2403   3.150629   3.177774     2.3106      98.75     0.2293 1.1716e+00 3.6429e+01     17.890 287.362383    5.84660    25.3415    25.5580    18.6990    1492.91    1477.01 0.0000e+00
        451      6.000    14.8892    15.0047   3.517025   3.584891     2.3311      98.29     0.1846 7.3066e-01 3.6929e+01     18.766 287.362393    5.73135    28.1211    28.6389    20.6996    1498.41    1480.53 0.0000e+00
        474      7.000    15.6296    15.5565   3.865180   3.838234     2.3328      95.28     0.1461 5.1722e-01 3.6932e+01     19.693 287.362404    5.43926    30.6463    30.4650    22.4837    1503.71    1483.80 0.0000e+00
        495      8.000    15.8497    15.8535   3.960265   3.964012     2.3161      98.73     0.1170 3.7777e-01 3.6932e+01     20.595 287.362414    5.27411    31.3117    31.3417    22.9467    1505.19    1486.44 0.0000e+00
        516      9.000    15.7216    15.7259   3.961031   3.964364     2.2905      98.68     0.0874 2.8849e-01 3.6932e+01     21.474 287.362424    5.14363    31.4197    31.4457    23.0579    1504.93    1488.47 0.0000e+00
        538     10.000    15.6413    15.6332   3.954994   3.957336     2.2503      98.09     0.0720 2.2246e-01 3.6777e+01     22.363 287.362435    4.97598    31.4298    31.4570    23.0833    1504.70    1490.08 0.0000e+00
        559     11.000    15.5795    15.5691   3.966081   3.968452     2.2075      98.69     0.0665 1.7854e-01 3.6188e+01     23.253 287.362445    4.87834    31.5770    31.6064    23.2100    1504.70    1491.40 0.0000e+00
        581     12.000    15.6076    15.6036   3.981562   3.983917     2.1761      98.70     0.0562 1.5439e-01 3.5129e+01     24.154 287.362456    4.84479    31.6914    31.7156    23.2919    1504.93    1492.51 0.0000e+00
        602     13.000    15.4476    15.4378   3.974979   3.977191     2.1562      98.52     0.0515 1.3652e-01 3.4624e+01     25.053 287.362466    4.85629    31.7614    31.7890    23.3806    1504.53    1493.43 0.0000e+00
        624     14.000    15.2955    15.2877   3.969624   3.971578     2.1456      98.55     0.0454 1.1913e-01 -9.990e-29     25.941 287.362476    4.86902    31.8363    31.8601    23.4713    1504.15    1494.19 0.0000e+00
        645     15.000    14.9512    14.9472   3.956266   3.958203     2.1375      98.73     0.0437 1.0256e-01 -9.990e-29     26.834 287.362486    4.88652    31.9967    32.0174    23.6689    1503.26    1494.79 0.0000e+00
        667     16.000    14.7172    14.7095   3.940106   3.941157     2.1311      98.43     0.0418 9.0065e-02 -9.990e-29     27.731 287.362497    4.88763    32.0424    32.0583    23.7539    1502.58    1495.28 0.0000e+00
        688     17.000    14.4640    14.4617   3.924705   3.926768     2.1232      92.13     0.0427 7.8542e-02 -9.990e-29     28.624 287.362507    4.89352    32.1112    32.1319    23.8602    1501.86    1495.66 0.0000e+00
        710     18.000    14.3676    14.3663   3.921020   3.923125     2.1184      98.81     0.0428 6.6489e-02 3.3725e+01     29.528 287.362518    4.90302    32.1572    32.1775    23.9158    1501.62    1495.99 0.0000e+00
        731     19.000    14.3362    14.3356   3.919291   3.921428     2.1161      98.77     0.0413 6.1893e-02 3.4998e+01     30.424 287.362528    4.91512    32.1671    32.1871    23.9300    1501.55    1496.28 0.0000e+00
        753     20.000    14.2688    14.2674   3.917488   3.919505     2.1160      98.23     0.0420 5.4862e-02 3.4988e+01     31.318 287.362538    4.92731    32.2063    32.2259    23.9742    1501.39    1496.54 0.0000e+00
        774     21.000    14.0714    14.0704   3.905099   3.906901     2.1160      98.78     0.0430 5.1251e-02 3.4988e+01     32.214 287.362549    4.94679    32.2570    32.2745    24.0542    1500.82    1496.74 0.0000e+00
        795     22.000    13.8441    13.8411   3.898995   3.900721     2.1160      98.78     0.0416 5.1266e-02 3.4988e+01     33.103 287.362559    4.96274    32.3914    32.4099    24.2045    1500.25    1496.90 0.0000e+00
        817     23.000    13.7985    13.7980   3.899563   3.901708     2.1145      98.78     0.0432 5.1273e-02 -9.990e-29     34.004 287.362569    4.95853    32.4347    32.4551    24.2473    1500.17    1497.04 0.0000e+00
        839     24.000    13.7406    13.7388   3.898964   3.900978     2.1143      98.78     0.0470 5.1280e-02 -9.990e-29     34.908 287.362580    4.98245    32.4778    32.4980    24.2924    1500.05    1497.17 0.0000e+00
        860     25.000    13.6807    13.6803   3.901603   3.903753     2.1180      98.78     0.0439 5.1273e-02 -9.990e-29     35.806 287.362590    5.01195    32.5528    32.5731    24.3625    1499.96    1497.28 0.0000e+00
        882     26.000    13.6315    13.6311   3.898933   3.900950     2.1219      98.78     0.0466 5.1273e-02 -9.990e-29     36.711 287.362601    5.02596    32.5694    32.5885    24.3853    1499.83    1497.38 0.0000e+00
        904     27.000    13.6308    13.6332   3.902382   3.905016     2.1250      98.78     0.0449 5.1273e-02 2.9348e+01     37.607 287.362611    5.02717    32.6017    32.6242    24.4104    1499.88    1497.47 0.0000e+00
        925     28.000    13.6447    13.6433   3.905348   3.907393     2.1260      98.78     0.0422 5.1273e-02 3.4104e+01     38.503 287.362622    5.02336    32.6171    32.6373    24.4194    1499.96    1497.56 0.0000e+00
        947     29.000    13.6008    13.6001   3.904268   3.906402     2.1278      98.78     0.0412 5.1273e-02 3.4730e+01     39.406 287.362632    5.03757    32.6441    32.6645    24.4492    1499.87    1497.64 0.0000e+00
        968     30.000    13.5615    13.5612   3.903490   3.905640     2.1295      94.55     0.0408 5.1267e-02 3.4754e+01     40.303 287.362642    5.04217    32.6700    32.6903    24.4771    1499.78    1497.71 0.0000e+00
        990     31.000    13.4679    13.4668   3.897362   3.899307     2.1301      98.69     0.0414 5.1273e-02 3.4986e+01     41.202 287.362653    5.04529    32.6925    32.7116    24.5134    1499.52    1497.77 0.0000e+00
       1011     32.000    13.3911    13.3906   3.891075   3.893145     2.1293      98.78     0.0444 5.1266e-02 3.4988e+01     42.101 287.362663    5.04405    32.6991    32.7189    24.5339    1499.29    1497.82 0.0000e+00
       1033     33.000    13.3379    13.3369   3.886580   3.888561     2.1272      98.78     0.0456 5.1253e-02 3.4988e+01     42.994 287.362674    5.03837    32.7022    32.7216    24.5470    1499.13    1497.86 0.0000e+00
       1054     34.000    13.2911    13.2903   3.885440   3.887569     2.1252      98.78     0.0431 5.1273e-02 3.4988e+01     43.894 287.362684    5.04082    32.7313    32.7520    24.5788    1499.03    1497.89 0.0000e+00
       1076     35.000    13.2400    13.2393   3.883414   3.885508     2.1243      98.78     0.0421 5.1273e-02 3.4988e+01     44.793 287.362694    5.04931    32.7559    32.7762    24.6080    1498.90    1497.92 0.0000e+00
       1098     36.000    13.1936    13.1929   3.882660   3.884782     2.1239      98.78     0.0459 5.1273e-02 3.4988e+01     45.688 287.362705    5.05598    32.7884    32.8089    24.6424    1498.80    1497.94 0.0000e+00
       1119     37.000    13.1565    13.1552   3.882837   3.884960     2.1242      98.78     0.0518 5.1273e-02 3.4988e+01     46.583 287.362715    5.05915    32.8217    32.8428    24.6755    1498.74    1497.97 0.0000e+00
       1140     38.000    13.1178    13.1171   3.882541   3.884711     2.1234      98.78     0.0528 5.1260e-02 3.3773e+01     47.476 287.362725    5.05588    32.8520    32.8730    24.7066    1498.66    1497.98 0.0000e+00
       1162     39.000    13.1350    13.1361   3.886455   3.888924     2.1223      98.78     0.0500 5.1273e-02 3.4878e+01     48.367 287.362736    5.05757    32.8736    32.8959    24.7199    1498.76    1498.00 0.0000e+00
       1183     40.000    13.0433    13.0399   3.883651   3.885515     2.1237      98.78     0.0468 5.1266e-02 3.4987e+01     49.266 287.362746    5.07974    32.9262    32.9468    24.7788    1498.53    1498.02 0.0000e+00
       1205     41.000    12.9570    12.9556   3.879673   3.881747     2.1250      98.78     0.0460 5.1273e-02 3.4988e+01     50.161 287.362757    5.08694    32.9632    32.9841    24.8244    1498.30    1498.02 0.0000e+00
       1226     42.000    12.9207    12.9198   3.878807   3.880935     2.1247      98.71     0.0467 5.1273e-02 3.4988e+01     51.061 287.362767    5.07960    32.9862    33.0072    24.8494    1498.22    1498.03 0.0000e+00
       1248     43.000    12.8660    12.8646   3.877415   3.879534     2.1234      97.71     0.0496 5.1273e-02 3.4994e+01     51.951 287.362777    5.07874    33.0203    33.0417    24.8865    1498.10    1498.03 0.0000e+00
       1269     44.000    12.8097    12.8078   3.875739   3.877814     2.1220      98.04     0.0541 5.1266e-02 3.6471e+01     52.838 287.362787    5.08279    33.0532    33.0746    24.9230    1497.96    1498.03 0.0000e+00
       1291     45.000    12.7323    12.7304   3.873075   3.875141     2.1215      97.97     0.0533 5.1273e-02 3.6846e+01     53.735 287.362798    5.08550    33.0953    33.1166    24.9707    1497.77    1498.02 0.0000e+00
       1312     46.000    12.7115    12.7105   3.872108   3.874234     2.1193      98.79     0.0516 5.1273e-02 3.6933e+01     54.630 287.362808    5.07509    33.1039    33.1251    24.9814    1497.73    1498.02 0.0000e+00
       1334     47.000    12.6476    12.6464   3.869831   3.871926     2.1170      98.78     0.0514 5.1260e-02 3.6932e+01     55.528 287.362819    5.07466    33.1379    33.1590    25.0202    1497.57    1498.01 0.0000e+00
       1355     48.000    12.5913    12.5904   3.868056   3.870160     2.1148      98.79     0.0541 5.1260e-02 3.6932e+01     56.432 287.362829    5.07318    33.1701    33.1910    25.0560    1497.43    1497.99 0.0000e+00
       1377     49.000    12.5483    12.5482   3.866393   3.868554     2.1127      98.79     0.0547 5.1273e-02 3.6932e+01     57.327 287.362839    5.07647    33.1917    33.2125    25.0811    1497.33    1497.98 0.0000e+00
       1398     50.000    12.5187    12.5182   3.865139   3.867286     2.1118      98.79     0.0538 5.1273e-02 3.6932e+01     58.222 287.362850    5.08374    33.2055    33.2265    25.0974    1497.26    1497.97 0.0000e+00
       1420     51.000    12.4477    12.4462   3.862183   3.864236     2.1121      98.78     0.0510 5.1273e-02 3.3537e+01     59.117 287.362860    5.09623    33.2395    33.2605    25.1374    1497.08    1497.95 0.0000e+00
       1441     52.000    12.3664    12.3650   3.858636   3.860697     2.1115      98.79     0.0481 5.1273e-02 3.7001e+01     60.016 287.362871    5.08997    33.2770    33.2981    25.1822    1496.86    1497.93 0.0000e+00
       1463     53.000    12.2434    12.2409   3.852903   3.854839     2.1089      98.79     0.0496 5.1273e-02 3.8506e+01     60.917 287.362881    5.09172    33.3307    33.3516    25.2473    1496.53    1497.90 0.0000e+00
       1485     54.000    12.0111    12.0081   3.841292   3.843156     2.1075      98.79     0.0513 5.1273e-02 3.8877e+01     61.815 287.362891    5.11329    33.4255    33.4463    25.3648    1495.86    1497.86 0.0000e+00
       1506     55.000    11.8307    11.8298   3.830961   3.832862     2.1053      98.78     0.0518 5.1266e-02 3.8876e+01     62.711 287.362902    5.10643    33.4867    33.5061    25.4462    1495.33    1497.82 0.0000e+00
       1528     56.000    11.7103    11.7076   3.823386   3.825155     2.0992      98.78     0.0480 5.1266e-02 3.8876e+01     63.609 287.362912    5.08763    33.5210    33.5407    25.4951    1494.98    1497.77 0.0000e+00
       1549     57.000    11.5631    11.5607   3.816558   3.818445     2.0941      98.78     0.0437 5.1252e-02 3.8876e+01     64.504 287.362922    5.10212    33.5869    33.6076    25.5736    1494.56    1497.71 0.0000e+00
       1571     58.000    11.4378    11.4376   3.810076   3.812044     2.0915      98.79     0.0463 5.1273e-02 3.8876e+01     65.398 287.362933    5.11829    33.6366    33.6562    25.6352    1494.20    1497.65 0.0000e+00
       1592     59.000    11.3183    11.3160   3.801750   3.803512     2.0902      98.79     0.0448 5.1267e-02 3.8937e+01     66.297 287.362943    5.13071    33.6630    33.6825    25.6776    1493.84    1497.59 0.0000e+00
       1614     60.000    11.1609    11.1508   3.790518   3.791694     2.0880      98.79     0.0451 5.1273e-02 3.9569e+01     67.195 287.362954    5.13474    33.6954    33.7163    25.7313    1493.34    1497.51 0.0000e+00
       1635     61.000    11.0285    11.0267   3.782133   3.784015     2.0855      98.79     0.0413 5.1259e-02 3.6823e+01     68.090 287.362964    5.13673    33.7332    33.7536    25.7845    1492.94    1497.44 0.0000e+00
       1657     62.000    10.9232    10.9207   3.775077   3.776854     2.0820      98.78     0.0373 5.1273e-02 4.0829e+01     68.989 287.362974    5.13548    33.7594    33.7794    25.8237    1492.62    1497.36 0.0000e+00
       1678     63.000    10.7732    10.7717   3.765076   3.766846     2.0792      98.79     0.0402 5.1280e-02 4.0819e+01     69.883 287.362985    5.14764    33.7975    33.8166    25.8799    1492.15    1497.28 0.0000e+00
       1700     64.000    10.5248    10.5213   3.749423   3.751060     2.0770      98.78     0.0432 5.1266e-02 4.0819e+01     70.782 287.362995    5.17784    33.8703    33.8900    25.9802    1491.38    1497.19 0.0000e+00
       1721     65.000    10.2288    10.2232   3.732274   3.733895     2.0763      98.79     0.0437 5.1266e-02 4.0819e+01     71.680 287.363006    5.19734    33.9728    33.9945    26.1113    1490.46    1497.08 0.0000e+00
       1743     66.000    10.1393    10.1375   3.729305   3.731069     2.0716      98.79     0.0441 5.1273e-02 4.0819e+01     72.584 287.363016    5.16891    34.0262    34.0458    26.1683    1490.22    1496.98 0.0000e+00
       1765     67.000     9.8060     9.8034   3.706502   3.707991     2.0665      98.79     0.0412 5.1273e-02 4.0819e+01     73.485 287.363026    5.19898    34.1075    34.1252    26.2881    1489.14    1496.86 0.0000e+00
       1786     68.000     9.6304     9.6276   3.697158   3.698793     2.0628      98.78     0.0416 5.1266e-02 4.0819e+01     74.376 287.363037    5.17927    34.1777    34.1972    26.3722    1488.60    1496.74 0.0000e+00
       1808     69.000     9.4680     9.4656   3.689612   3.691372     2.0523      98.79     0.0398 5.1273e-02 4.1570e+01     75.276 287.363047    5.12892    34.2543    34.2748    26.4589    1488.12    1496.61 0.0000e+00
       1829     70.000     9.3984     9.3971   3.688100   3.689967     2.0410      98.78     0.0395 5.1273e-02 4.2656e+01     76.177 287.363058    5.09195    34.3049    34.3255    26.5098    1487.95    1496.49 0.0000e+00
       1851     71.000     9.3521     9.3507   3.687189   3.689100     2.0291      98.78     0.0380 5.1273e-02 4.0026e+01     77.070 287.363068    5.04147    34.3394    34.3606    26.5444    1487.84    1496.37 0.0000e+00
       1872     72.000     9.2770     9.2756   3.683196   3.685161     2.0143      98.79     0.0371 5.1266e-02 4.2464e+01     77.965 287.363078    4.97035    34.3697    34.3914    26.5803    1487.62    1496.24 0.0000e+00
       1894     73.000     9.2246     9.2234   3.679980   3.681922     1.9962      98.79     0.0399 5.1266e-02 4.2765e+01     78.860 287.363089    4.90123    34.3862    34.4076    26.6017    1487.46    1496.12 0.0000e+00
       1915     74.000     9.1809     9.1795   3.677997   3.679938     1.9782      98.79     0.0407 5.1273e-02 4.2763e+01     79.755 287.363099    4.85316    34.4073    34.4288    26.6253    1487.34    1496.00 0.0000e+00
