testdata/CTD/sta0409.cnv
* Sea-Bird SBE 9 Data File:
* FileName = C:\Seabird\CTDData\sta0409.hex
* Software Version Seasave V 7.21f
* Temperature SN = 4557
* Conductivity SN = 1337
* Number of Bytes Per Scan = 40
* Number of Voltage Words = 5
* Number of Scans Averaged by the Deck Unit = 1
* NMEA Latitude = 60 51.17 N
* NMEA Longitude = 005 21.09 E
* NMEA UTC (Time) = Oct 14 2018 08:07:57
* NMEA baud rate = 4800
** Ship: 10 F/F "G. O. Sars"
** Station: 0409
** Echodepth: 423
** Log: 5341.77
** Wind-Dir Force: 19 17
** Air-temp (dry): 17.5
** Weather Sky: 2 8
** Sea Ice: 3 0
# nquan = 20                                
# nvalues = 417                         
# units = specified
# name 0 = scan: Scan Count
# name 1 = prDM: Pressure, Digiquartz [db]
# name 2 = t068C: Temperature [ITS-68, deg C]
# name 3 = t168C: Temperature, 2 [ITS-68, deg C]
# name 4 = c0S/m: Conductivity [S/m]
# name 5 = c1S/m: Conductivity, 2 [S/m]
# name 6 = sbeox0V: Oxygen raw, SBE 43 [V]
# name 7 = altM: Altimeter [m]
# name 8 = flC: Fluorescence, Chelsea Aqua 3 Chl Con [ug/l]
# name 9 = par: PAR/Irradiance, Biospherical/Licor
# name 10 = spar: SPAR/Surface Irradiance
# name 11 = timeS: Time, Elapsed [seconds]
# name 12 = timeJ: Julian Days
# name 13 = sbeox0ML/L: Oxygen, SBE 43 [ml/l], WS = 2
# name 14 = sal00: Salinity, Practical [PSU]
# name 15 = sal11: Salinity, Practical, 2 [PSU]
# name 16 = sigma-t00: Density [sigma-t, Kg/m^3 ]
# name 17 = svCM: Sound Velocity [Chen-Millero, m/s]
# name 18 = avgsvCM: Average Sound Velocity [Chen-Millero, m/s], minP = 1, minS = 5
# name 19 = flag: flag
# span 0 =        526,       9448       
# span 1 =      4.000,    420.000       
# span 2 =     8.0826,    15.3814       
# span 3 =     8.0821,    15.3758       
# span 4 =   1.620000,   3.934238       
# span 5 =   1.629031,   3.936939       
# span 6 =     0.9852,     2.3329       
# span 7 =      10.80,     108.33       
# span 8 =     0.0225,     0.2411       
# span 9 = 5.1239e-02, 3.6685e+00       
# span 10 = 3.4335e+01, 6.6337e+01      
# span 11 =     21.891,    393.604      
# span 12 = 287.339131, 287.343433      
# span 13 =    1.68104,    6.43646      
# span 14 =    12.9096,    35.0151      
# span 15 =    12.9952,    35.0379      
# span 16 =     9.4725,    27.2577      
# span 17 =    1471.19,    1503.87      
# span 18 =    1471.19,    1497.32      
# span 19 = 0.0000e+00, 0.0000e+00      
# interval = decibars: 1                
# start_time = Oct 14 2018 08:07:59 [System UTC, header]
# bad_flag = -9.990e-29
*END*
[from data line 290]
       6755    294.000     8.0879     8.0874   3.639321   3.641386     1.6661      98.78     0.0271 5.1273e-02 3.8752e+01    281.429 287.342135    4.11904    34.9661    34.9887    27.2343    1487.59    1488.49 0.0000e+00
       6777    295.000     8.0880     8.0877   3.639382   3.641459     1.6643      98.78     0.0291 5.1273e-02 4.0849e+01    282.326 287.342145    4.10857    34.9662    34.9887    27.2344    1487.61    1488.49 0.0000e+00
       6798    296.000     8.0886     8.0882   3.639526   3.641584     1.6619      98.78     0.0292 5.1273e-02 4.0819e+01    283.225 287.342155    4.09020    34.9667    34.9891    27.2346    1487.63    1488.49 0.0000e+00
       6820    297.000     8.0891     8.0888   3.639641   3.641727     1.6582      98.78     0.0289 5.1273e-02 4.1117e+01    284.119 287.342166    4.07329    34.9669    34.9895    27.2348    1487.65    1488.48 0.0000e+00
       6841    298.000     8.0892     8.0888   3.639707   3.641781     1.6552      98.77     0.0248 5.1280e-02 4.2642e+01    285.014 287.342176    4.07049    34.9670    34.9896    27.2348    1487.66    1488.48 0.0000e+00
       6863    299.000     8.0895     8.0891   3.639778   3.641857     1.6526      98.76     0.0276 5.1273e-02 4.2763e+01    285.913 287.342187    4.06452    34.9670    34.9897    27.2348    1487.68    1488.48 0.0000e+00
       6884    300.000     8.0898     8.0894   3.639894   3.641952     1.6503      98.75     0.0273 5.1273e-02 4.2763e+01    286.808 287.342197    4.05694    34.9675    34.9899    27.2351    1487.70    1488.48 0.0000e+00
       6906    301.000     8.0899     8.0896   3.639949   3.642024     1.6479      98.54     0.0281 5.1273e-02 4.2763e+01    287.708 287.342207    4.05008    34.9675    34.9900    27.2351    1487.72    1488.47 0.0000e+00
       6928    302.000     8.0901     8.0898   3.639998   3.642092     1.6457      98.37     0.0286 5.1266e-02 4.2763e+01    288.606 287.342218    4.04258    34.9673    34.9900    27.2349    1487.73    1488.47 0.0000e+00
       6949    303.000     8.0907     8.0904   3.640131   3.642215     1.6433      98.73     0.0261 5.1273e-02 4.3413e+01    289.502 287.342228    4.03439    34.9677    34.9903    27.2351    1487.75    1488.47 0.0000e+00
       6970    304.000     8.0920     8.0917   3.640344   3.642421     1.6413      98.70     0.0282 5.1266e-02 4.4706e+01    290.395 287.342238    4.03322    34.9682    34.9907    27.2353    1487.77    1488.47 0.0000e+00
       6991    305.000     8.0928     8.0924   3.640507   3.642566     1.6398      98.11     0.0297 5.1273e-02 4.4707e+01    291.267 287.342248    4.02773    34.9687    34.9911    27.2356    1487.79    1488.46 0.0000e+00
       7013    306.000     8.0937     8.0933   3.640650   3.642723     1.6379      98.20     0.0293 5.1273e-02 4.2615e+01    292.147 287.342259    4.01766    34.9688    34.9914    27.2356    1487.81    1488.46 0.0000e+00
       7034    307.000     8.0941     8.0938   3.640767   3.642850     1.6357      96.22     0.0282 5.1253e-02 4.3453e+01    293.022 287.342269    4.00513    34.9692    34.9918    27.2358    1487.83    1488.46 0.0000e+00
       7055    308.000     8.0955     8.0952   3.641010   3.643092     1.6326      95.97     0.0263 5.1259e-02 4.5353e+01    293.901 287.342279    3.98405    34.9699    34.9925    27.2362    1487.86    1488.46 0.0000e+00
       7076    309.000     8.0965     8.0961   3.641181   3.643269     1.6286      98.75     0.0261 5.1266e-02 4.6607e+01    294.783 287.342289    3.96110    34.9703    34.9930    27.2363    1487.88    1488.46 0.0000e+00
       7097    310.000     8.0971     8.0969   3.641323   3.643406     1.6239      98.78     0.0288 5.1273e-02 4.6651e+01    295.664 287.342299    3.94479    34.9707    34.9932    27.2365    1487.90    1488.45 0.0000e+00
       7118    311.000     8.0979     8.0976   3.641470   3.643547     1.6197      98.77     0.0313 5.1266e-02 4.6651e+01    296.540 287.342310    3.92935    34.9710    34.9935    27.2366    1487.92    1488.45 0.0000e+00
       7139    312.000     8.0981     8.0978   3.641544   3.643625     1.6149      98.72     0.0337 5.1273e-02 4.6651e+01    297.423 287.342320    3.90656    34.9711    34.9937    27.2367    1487.93    1488.45 0.0000e+00
       7160    313.000     8.0984     8.0980   3.641616   3.643700     1.6096      98.28     0.0293 5.1259e-02 4.6651e+01    298.299 287.342330    3.88646    34.9711    34.9938    27.2367    1487.95    1488.45 0.0000e+00
       7181    314.000     8.0989     8.0984   3.641725   3.643773     1.6044      97.83     0.0241 5.1273e-02 4.6701e+01    299.183 287.342340    3.86859    34.9713    34.9937    27.2367    1487.97    1488.45 0.0000e+00
       7203    315.000     8.0995     8.0991   3.641846   3.643918     1.5994      97.66     0.0263 5.1273e-02 4.8510e+01    300.068 287.342350    3.85410    34.9715    34.9941    27.2368    1487.99    1488.45 0.0000e+00
       7224    316.000     8.1004     8.1002   3.642022   3.644106     1.5948      97.42     0.0285 5.1273e-02 4.8593e+01    300.943 287.342360    3.84801    34.9720    34.9945    27.2371    1488.01    1488.44 0.0000e+00
       7245    317.000     8.1011     8.1008   3.642177   3.644254     1.5916      97.36     0.0296 5.1266e-02 4.6571e+01    301.825 287.342371    3.84440    34.9725    34.9950    27.2373    1488.03    1488.44 0.0000e+00
       7266    318.000     8.1012     8.1009   3.642228   3.644307     1.5887      95.47     0.0255 5.1259e-02 4.8569e+01    302.697 287.342381    3.83323    34.9725    34.9950    27.2373    1488.05    1488.44 0.0000e+00
       7287    319.000     8.1017     8.1013   3.642338   3.644425     1.5850      93.45     0.0266 5.1266e-02 4.8595e+01    303.578 287.342391    3.81228    34.9727    34.9954    27.2374    1488.06    1488.44 0.0000e+00
       7308    320.000     8.1024     8.1021   3.642493   3.644592     1.5807      94.20     0.0296 5.1273e-02 4.8689e+01    304.462 287.342401    3.79662    34.9732    34.9959    27.2377    1488.08    1488.44 0.0000e+00
       7329    321.000     8.1037     8.1036   3.642751   3.644864     1.5770      94.58     0.0334 5.1266e-02 5.0086e+01    305.340 287.342411    3.78866    34.9741    34.9968    27.2382    1488.11    1488.44 0.0000e+00
       7350    322.000     8.1061     8.1059   3.643152   3.645259     1.5735      95.16     0.0325 5.1266e-02 5.0544e+01    306.219 287.342421    3.77972    34.9756    34.9983    27.2390    1488.13    1488.44 0.0000e+00
       7371    323.000     8.1075     8.1070   3.643405   3.645440     1.5704      95.28     0.0326 5.1266e-02 5.0538e+01    307.104 287.342432    3.76516    34.9764    34.9987    27.2394    1488.16    1488.44 0.0000e+00
       7393    324.000     8.1078     8.1075   3.643477   3.645567     1.5663      95.50     0.0297 5.1273e-02 5.0538e+01    307.982 287.342442    3.73590    34.9764    34.9990    27.2394    1488.17    1488.44 0.0000e+00
       7414    325.000     8.1094     8.1092   3.643741   3.645843     1.5604      95.42     0.0316 5.1266e-02 5.0538e+01    308.860 287.342452    3.69835    34.9771    34.9998    27.2397    1488.20    1488.44 0.0000e+00
       7435    326.000     8.1113     8.1111   3.644088   3.646177     1.5531      95.48     0.0322 5.1266e-02 5.0538e+01    309.740 287.342462    3.66151    34.9785    35.0010    27.2405    1488.22    1488.43 0.0000e+00
       7456    327.000     8.1124     8.1121   3.644290   3.646374     1.5452      95.74     0.0304 5.1253e-02 5.0538e+01    310.616 287.342472    3.62891    34.9791    35.0017    27.2408    1488.24    1488.43 0.0000e+00
       7477    328.000     8.1133     8.1128   3.644460   3.646506     1.5369      95.61     0.0302 5.1266e-02 5.1188e+01    311.496 287.342483    3.59485    34.9795    35.0019    27.2410    1488.26    1488.43 0.0000e+00
       7498    329.000     8.1139     8.1136   3.644581   3.646653     1.5282      95.49     0.0309 5.1259e-02 5.0476e+01    312.374 287.342493    3.55887    34.9797    35.0022    27.2411    1488.28    1488.43 0.0000e+00
       7519    330.000     8.1151     8.1136   3.644813   3.646714     1.5191      95.40     0.0323 5.1273e-02 5.1987e+01    313.255 287.342503    3.52582    34.9805    35.0024    27.2415    1488.31    1488.43 0.0000e+00
       7540    331.000     8.1180     8.1176   3.645281   3.647347     1.5101      95.56     0.0323 5.1259e-02 5.2490e+01    314.138 287.342513    3.50038    34.9822    35.0047    27.2424    1488.33    1488.43 0.0000e+00
       7561    332.000     8.1190     8.1186   3.645468   3.647535     1.5023      95.50     0.0312 5.1273e-02 5.2482e+01    315.016 287.342523    3.47902    34.9827    35.0052    27.2426    1488.36    1488.43 0.0000e+00
       7583    333.000     8.1203     8.1203   3.645691   3.647827     1.4947      95.65     0.0329 5.1266e-02 5.2482e+01    315.898 287.342534    3.44643    34.9833    35.0062    27.2429    1488.38    1488.43 0.0000e+00
       7604    334.000     8.1239     8.1233   3.646267   3.648317     1.4857      95.55     0.0352 5.1266e-02 5.2482e+01    316.778 287.342544    3.39822    34.9854    35.0079    27.2440    1488.41    1488.43 0.0000e+00
       7625    335.000     8.1258     8.1256   3.646572   3.648677     1.4753      95.74     0.0357 5.1273e-02 5.2482e+01    317.656 287.342554    3.35452    34.9863    35.0090    27.2444    1488.43    1488.43 0.0000e+00
       7646    336.000     8.1286     8.1282   3.647027   3.649098     1.4650      95.89     0.0356 5.1273e-02 5.2482e+01    318.534 287.342564    3.31339    34.9879    35.0104    27.2453    1488.46    1488.43 0.0000e+00
       7667    337.000     8.1282     8.1282   3.646984   3.649137     1.4537      96.36     0.0337 5.1266e-02 5.2482e+01    319.410 287.342574    3.25821    34.9874    35.0104    27.2449    1488.48    1488.43 0.0000e+00
       7688    338.000     8.1293     8.1289   3.647205   3.649271     1.4408      96.47     0.0307 5.1266e-02 5.2343e+01    320.290 287.342584    3.19632    34.9882    35.0106    27.2454    1488.50    1488.43 0.0000e+00
       7709    339.000     8.1294     8.1293   3.647259   3.649363     1.4264      96.72     0.0320 5.1273e-02 5.0783e+01    321.173 287.342595    3.13881    34.9882    35.0107    27.2453    1488.52    1488.43 0.0000e+00
       7730    340.000     8.1317     8.1316   3.647646   3.649778     1.4126      96.81     0.0325 5.1273e-02 5.4445e+01    322.046 287.342605    3.10719    34.9895    35.0124    27.2461    1488.54    1488.43 0.0000e+00
       7751    341.000     8.1369     8.1367   3.648440   3.650545     1.4015      96.91     0.0342 5.1259e-02 5.4426e+01    322.929 287.342615    3.09228    34.9924    35.0150    27.2475    1488.58    1488.43 0.0000e+00
       7772    342.000     8.1373     8.1368   3.648515   3.650600     1.3926      96.96     0.0331 5.1273e-02 5.4426e+01    323.806 287.342625    3.07269    34.9923    35.0151    27.2474    1488.60    1488.43 0.0000e+00
       7793    343.000     8.1378     8.1376   3.648642   3.650743     1.3836      97.02     0.0350 5.1273e-02 5.4464e+01    324.684 287.342635    3.02457    34.9927    35.0153    27.2476    1488.62    1488.43 0.0000e+00
       7815    344.000     8.1392     8.1392   3.648882   3.651016     1.3718      97.05     0.0370 5.1273e-02 -9.990e-29    325.570 287.342646    2.95253    34.9934    35.0162    27.2479    1488.64    1488.44 0.0000e+00
       7836    345.000     8.1404     8.1401   3.649095   3.651187     1.3575      97.11     0.0376 5.1273e-02 -9.990e-29    326.443 287.342656    2.89605    34.9940    35.0166    27.2482    1488.66    1488.44 0.0000e+00
       7857    346.000     8.1413     8.1410   3.649263   3.651355     1.3446      97.11     0.0365 5.1280e-02 -9.990e-29    327.323 287.342666    2.86445    34.9944    35.0170    27.2484    1488.68    1488.44 0.0000e+00
       7878    347.000     8.1427     8.1424   3.649512   3.651611     1.3329      97.15     0.0363 5.1273e-02 -9.990e-29    328.206 287.342676    2.83571    34.9952    35.0179    27.2488    1488.71    1488.44 0.0000e+00
       7899    348.000     8.1469     8.1467   3.650179   3.652275     1.3227      97.48     0.0348 5.1259e-02 5.5926e+01    329.082 287.342686    2.80769    34.9976    35.0202    27.2501    1488.74    1488.44 0.0000e+00
       7920    349.000     8.1472     8.1468   3.650241   3.652324     1.3128      98.02     0.0334 5.1273e-02 5.6253e+01    329.966 287.342696    2.77531    34.9975    35.0202    27.2500    1488.76    1488.44 0.0000e+00
       7941    350.000     8.1484     8.1481   3.650471   3.652554     1.3032      98.65     0.0302 5.1273e-02 5.6372e+01    330.845 287.342707    2.73548    34.9983    35.0209    27.2504    1488.78    1488.44 0.0000e+00
       7962    351.000     8.1485     8.1479   3.650501   3.652553     1.2922      98.76     0.0314 5.1273e-02 5.4303e+01    331.721 287.342717    2.68129    34.9981    35.0206    27.2502    1488.80    1488.44 0.0000e+00
       7984    352.000     8.1477     8.1471   3.650433   3.652475     1.2799      98.78     0.0342 5.1273e-02 5.6192e+01    332.607 287.342727    2.63501    34.9976    35.0201    27.2500    1488.81    1488.44 0.0000e+00
       8005    353.000     8.1474     8.1474   3.650427   3.652545     1.2685      98.78     0.0338 5.1273e-02 5.5635e+01    333.484 287.342737    2.60354    34.9974    35.0200    27.2499    1488.83    1488.44 0.0000e+00
       8026    354.000     8.1481     8.1479   3.650565   3.652669     1.2581      98.78     0.0378 5.1266e-02 -9.990e-29    334.359 287.342747    2.58569    34.9977    35.0204    27.2500    1488.85    1488.44 0.0000e+00
       8047    355.000     8.1500     8.1498   3.650883   3.652987     1.2505      98.78     0.0383 5.1273e-02 -9.990e-29    335.242 287.342757    2.58526    34.9987    35.0214    27.2505    1488.87    1488.45 0.0000e+00
       8068    356.000     8.1509     8.1507   3.651039   3.653159     1.2452      98.78     0.0381 5.1273e-02 -9.990e-29    336.113 287.342768    2.58659    34.9990    35.0219    27.2506    1488.89    1488.45 0.0000e+00
       8089    357.000     8.1517     8.1517   3.651216   3.653349     1.2414      98.78     0.0376 5.1273e-02 -9.990e-29    336.995 287.342778    2.57740    34.9996    35.0224    27.2510    1488.91    1488.45 0.0000e+00
       8110    358.000     8.1522     8.1519   3.651311   3.653401     1.2370      98.78     0.0378 5.1273e-02 -9.990e-29    337.873 287.342788    2.55770    34.9997    35.0223    27.2509    1488.93    1488.45 0.0000e+00
       8131    359.000     8.1526     8.1521   3.651413   3.653487     1.2326      98.78     0.0351 5.1273e-02 -9.990e-29    338.749 287.342798    2.53702    34.9999    35.0225    27.2510    1488.95    1488.45 0.0000e+00
       8152    360.000     8.1538     8.1535   3.651634   3.653729     1.2273      98.78     0.0345 5.1273e-02 -9.990e-29    339.633 287.342808    2.51013    35.0006    35.0233    27.2514    1488.97    1488.45 0.0000e+00
       8173    361.000     8.1557     8.1554   3.651923   3.654013     1.2213      98.78     0.0352 5.1266e-02 -9.990e-29    340.515 287.342818    2.48688    35.0013    35.0239    27.2517    1488.99    1488.45 0.0000e+00
       8194    362.000     8.1560     8.1555   3.652012   3.654092     1.2156      98.78     0.0344 5.1273e-02 4.8797e+01    341.393 287.342829    2.47232    35.0015    35.0242    27.2518    1489.01    1488.46 0.0000e+00
       8216    363.000     8.1563     8.1560   3.652102   3.654169     1.2105      98.78     0.0343 5.1266e-02 5.7532e+01    342.271 287.342839    2.44907    35.0017    35.0240    27.2519    1489.03    1488.46 0.0000e+00
       8237    364.000     8.1565     8.1560   3.652165   3.654225     1.2041      98.78     0.0340 5.1259e-02 5.8299e+01    343.151 287.342849    2.42011    35.0017    35.0242    27.2518    1489.05    1488.46 0.0000e+00
