testdata/CTD/sta0421.cnv
* Sea-Bird SBE 9 Data File:
* FileName = C:\Seabird\CTDData\sta0421.hex
* Software Version Seasave V 7.21f
* Temperature SN = 4557
* Conductivity SN = 1337
* Number of Bytes Per Scan = 40
* Number of Voltage Words = 5
* Number of Scans Averaged by the Deck Unit = 1
* NMEA Latitude = 61 29.30 N
* NMEA Longitude = 005 16.10 E
* NMEA UTC (Time) = Oct 18 2018 05:13:16
* NMEA baud rate = 4800
** Ship: 10 F/F "G. O. Sars"
** Station: 0421
** Echodepth: 371
** Log: 5634.90
** Wind-Dir Force: 24 10
** Air-temp (dry): 9.8
** Weather Sky: 8 8
** Sea Ice: 2 0
# nquan = 20                                
# nvalues = 362                         
# units = specified
# name 0 = scan: Scan Count
# name 1 = prDM: Pressure, Digiquartz [db]
# name 2 = t068C: Temperature [ITS-68, deg C]
# name 3 = t168C: Temperature, 2 [ITS-68, deg C]
# name 4 = c0S/m: Conductivity [S/m]
# name 5 = c1S/m: Conductivity, 2 [S/m]
# name 6 = sbeox0V: Oxygen raw, SBE 43 [V]
# name 7 = altM: Altimeter [m]
# name 8 = flC: Fluorescence, Chelsea Aqua 3 Chl Con [ug/l]
# name 9 = par: PAR/Irradiance, Biospherical/Licor
# name 10 = spar: SPAR/Surface Irradiance
# name 11 = timeS: Time, Elapsed [seconds]
# name 12 = timeJ: Julian Days
# name 13 = sbeox0ML/L: Oxygen, SBE 43 [ml/l], WS = 2
# name 14 = sal00: Salinity, Practical [PSU]
# name 15 = sal11: Salinity, Practical, 2 [PSU]
# name 16 = sigma-t00: Density [sigma-t, Kg/m^3 ]
# name 17 = svCM: Sound Velocity [Chen-Millero, m/s]
# name 18 = avgsvCM: Average Sound Velocity [Chen-Millero, m/s], minP = 1, minS = 5
# name 19 = flag: flag
# span 0 =        355,       8100       
# span 1 =      4.000,    365.000       
# span 2 =     7.6834,    13.8764       
# span 3 =     7.6830,    13.8756       
# span 4 =   3.031757,   3.880716       
# span 5 =   3.077241,   3.882770       
# span 6 =     1.8574,     2.2886       
# span 7 =      12.53,      99.52       
# span 8 =     0.0154,     0.2839       
# span 9 = 5.1227e-02, 5.8025e-01       
# span 10 = 1.9438e+00, 1.9438e+00      
# span 11 =     14.754,    337.439      
# span 12 = 291.217752, 291.221486      
# span 13 =    4.67430,    5.97436      
# span 14 =    26.0399,    35.0618      
# span 15 =    26.4020,    35.0825      
# span 16 =    19.7168,    27.3695      
# span 17 =    1484.30,    1499.55      
# span 18 =    1484.65,    1495.52      
# span 19 = 0.0000e+00, 0.0000e+00      
# interval = decibars: 1                
# start_time = Oct 18 2018 05:13:19 [System UTC, header]
# bad_flag = -9.990e-29
*END*
[from data line 218]
       5044    222.000     7.7974     7.7968   3.615149   3.617036     1.9823      82.22     0.0198 5.1252e-02 1.9438e+00    210.119 291.220013    5.26802    35.0315    35.0525    27.3292    1485.39    1489.65 0.0000e+00
       5066    223.000     7.7939     7.7933   3.614905   3.616803     1.9830      97.31     0.0217 5.1280e-02 1.9438e+00    211.022 291.220023    5.26268    35.0319    35.0530    27.3300    1485.39    1489.63 0.0000e+00
       5088    224.000     7.7834     7.7827   3.614106   3.615968     1.9820      79.09     0.0257 5.1233e-02 1.9438e+00    211.949 291.220034    5.26860    35.0333    35.0541    27.3327    1485.37    1489.61 0.0000e+00
       5109    225.000     7.7782     7.7778   3.613764   3.615665     1.9833      84.07     0.0282 5.1227e-02 1.9438e+00    212.850 291.220045    5.27962    35.0344    35.0553    27.3343    1485.37    1489.59 0.0000e+00
       5132    226.000     7.7746     7.7745   3.613630   3.615532     1.9842      98.84     0.0236 5.1273e-02 -9.990e-29    213.772 291.220055    5.27640    35.0360    35.0567    27.3361    1485.38    1489.57 0.0000e+00
       5153    227.000     7.7697     7.7692   3.613414   3.615312     1.9834      82.26     0.0217 5.1227e-02 -9.990e-29    214.685 291.220066    5.27282    35.0381    35.0591    27.3385    1485.38    1489.55 0.0000e+00
       5175    228.000     7.7662     7.7656   3.613227   3.615119     1.9846      95.56     0.0231 5.1259e-02 -9.990e-29    215.588 291.220076    5.28787    35.0391    35.0602    27.3398    1485.38    1489.53 0.0000e+00
       5197    229.000     7.7603     7.7598   3.612825   3.614719     1.9848      86.62     0.0240 5.1247e-02 1.9438e+00    216.505 291.220087    5.28607    35.0402    35.0612    27.3415    1485.38    1489.52 0.0000e+00
       5219    230.000     7.7546     7.7544   3.612374   3.614288     1.9862      91.59     0.0243 5.1246e-02 1.9438e+00    217.410 291.220097    5.29697    35.0406    35.0615    27.3427    1485.37    1489.50 0.0000e+00
       5241    231.000     7.7434     7.7429   3.611347   3.613236     1.9863      88.39     0.0244 5.1240e-02 1.9438e+00    218.327 291.220108    5.28855    35.0403    35.0612    27.3441    1485.34    1489.48 0.0000e+00
       5263    232.000     7.7389     7.7383   3.610977   3.612863     1.9868      83.66     0.0245 5.1242e-02 1.9438e+00    219.254 291.220119    5.30487    35.0403    35.0613    27.3447    1485.34    1489.46 0.0000e+00
       5285    233.000     7.7367     7.7362   3.610862   3.612743     1.9880      95.27     0.0224 5.1266e-02 1.9438e+00    220.162 291.220129    5.30456    35.0408    35.0616    27.3454    1485.35    1489.44 0.0000e+00
       5307    234.000     7.7356     7.7349   3.610823   3.612696     1.9886      88.77     0.0219 5.1253e-02 1.9438e+00    221.074 291.220140    5.30405    35.0410    35.0619    27.3458    1485.36    1489.43 0.0000e+00
       5329    235.000     7.7266     7.7261   3.610263   3.612132     1.9884      75.08     0.0249 5.1266e-02 -9.990e-29    221.982 291.220150    5.30428    35.0435    35.0642    27.3491    1485.35    1489.41 0.0000e+00
       5350    236.000     7.7234     7.7227   3.610066   3.611926     1.9892      98.40     0.0232 5.1273e-02 -9.990e-29    222.881 291.220161    5.30541    35.0441    35.0649    27.3500    1485.36    1489.39 0.0000e+00
       5372    237.000     7.7219     7.7212   3.609997   3.611877     1.9883      84.68     0.0221 5.1246e-02 -9.990e-29    223.792 291.220171    5.29753    35.0443    35.0654    27.3504    1485.37    1489.38 0.0000e+00
       5393    238.000     7.7204     7.7198   3.609952   3.611835     1.9878      81.74     0.0231 5.1260e-02 1.9438e+00    224.677 291.220181    5.29524    35.0449    35.0658    27.3511    1485.38    1489.36 0.0000e+00
       5415    239.000     7.7177     7.7172   3.609778   3.611659     1.9873      93.05     0.0200 5.1273e-02 1.9438e+00    225.569 291.220192    5.29515    35.0452    35.0661    27.3517    1485.38    1489.34 0.0000e+00
       5436    240.000     7.7153     7.7148   3.609614   3.611502     1.9860      85.50     0.0227 5.1234e-02 1.9438e+00    226.479 291.220202    5.29441    35.0454    35.0663    27.3522    1485.39    1489.33 0.0000e+00
       5458    241.000     7.7116     7.7109   3.609322   3.611185     1.9870      88.82     0.0219 5.1239e-02 1.9438e+00    227.369 291.220213    5.31378    35.0454    35.0663    27.3528    1485.39    1489.31 0.0000e+00
       5479    242.000     7.7090     7.7085   3.609159   3.611032     1.9883      83.74     0.0210 5.1266e-02 1.9438e+00    228.262 291.220223    5.33056    35.0458    35.0666    27.3535    1485.40    1489.29 0.0000e+00
       5501    243.000     7.7084     7.7079   3.609202   3.611093     1.9907      94.25     0.0157 5.1259e-02 1.9438e+00    229.156 291.220233    5.33184    35.0464    35.0673    27.3540    1485.42    1489.28 0.0000e+00
       5522    244.000     7.7101     7.7095   3.609535   3.611437     1.9916      86.49     0.0158 5.1266e-02 -9.990e-29    230.057 291.220244    5.32988    35.0478    35.0690    27.3549    1485.44    1489.26 0.0000e+00
       5544    245.000     7.7126     7.7122   3.609960   3.611855     1.9919      68.58     0.0192 5.1273e-02 -9.990e-29    230.954 291.220254    5.33000    35.0494    35.0703    27.3558    1485.47    1489.25 0.0000e+00
       5565    246.000     7.7135     7.7129   3.610192   3.612064     1.9932      99.25     0.0186 5.1266e-02 -9.990e-29    231.847 291.220264    5.33347    35.0505    35.0713    27.3565    1485.49    1489.23 0.0000e+00
       5587    247.000     7.7084     7.7078   3.609798   3.611684     1.9930      83.39     0.0164 5.1260e-02 -9.990e-29    232.735 291.220275    5.33226    35.0509    35.0719    27.3576    1485.49    1489.21 0.0000e+00
       5608    248.000     7.7059     7.7054   3.609644   3.611538     1.9936      80.67     0.0193 5.1246e-02 1.9438e+00    233.619 291.220285    5.34010    35.0512    35.0722    27.3582    1485.50    1489.20 0.0000e+00
       5629    249.000     7.7059     7.7054   3.609687   3.611576     1.9949      89.82     0.0214 5.1252e-02 1.9438e+00    234.496 291.220295    5.34768    35.0512    35.0721    27.3582    1485.51    1489.19 0.0000e+00
       5650    250.000     7.7050     7.7047   3.609665   3.611566     1.9953      92.22     0.0209 5.1253e-02 1.9438e+00    235.395 291.220305    5.34335    35.0514    35.0722    27.3585    1485.52    1489.17 0.0000e+00
       5673    251.000     7.7049     7.7045   3.609720   3.611602     1.9957      87.68     0.0164 5.1260e-02 1.9438e+00    236.314 291.220316    5.33916    35.0516    35.0723    27.3586    1485.54    1489.16 0.0000e+00
       5694    252.000     7.7048     7.7040   3.609754   3.611605     1.9951      74.21     0.0197 5.1273e-02 1.9438e+00    237.228 291.220327    5.34291    35.0516    35.0724    27.3586    1485.56    1489.14 0.0000e+00
       5716    253.000     7.7050     7.7045   3.609822   3.611698     1.9957      96.90     0.0213 5.1273e-02 1.9438e+00    238.142 291.220337    5.34137    35.0516    35.0724    27.3587    1485.57    1489.13 0.0000e+00
       5738    254.000     7.7037     7.7033   3.609760   3.611656     1.9951      92.55     0.0228 5.1253e-02 1.9438e+00    239.027 291.220348    5.33084    35.0518    35.0727    27.3590    1485.59    1489.11 0.0000e+00
       5759    255.000     7.7031     7.7026   3.609765   3.611639     1.9934      63.87     0.0222 5.1259e-02 1.9438e+00    239.897 291.220358    5.33080    35.0519    35.0727    27.3592    1485.60    1489.10 0.0000e+00
       5779    256.000     7.7030     7.7025   3.609816   3.611687     1.9942      98.76     0.0177 5.1266e-02 1.9438e+00    240.768 291.220368    5.34413    35.0521    35.0728    27.3593    1485.62    1489.09 0.0000e+00
       5801    257.000     7.7031     7.7025   3.609874   3.611759     1.9940      85.85     0.0190 5.1227e-02 1.9438e+00    241.646 291.220378    5.33786    35.0521    35.0731    27.3593    1485.63    1489.07 0.0000e+00
       5822    258.000     7.7027     7.7021   3.609897   3.611792     1.9937      79.82     0.0210 5.1273e-02 -9.990e-29    242.554 291.220388    5.33648    35.0523    35.0734    27.3595    1485.65    1489.06 0.0000e+00
       5844    259.000     7.7024     7.7019   3.609953   3.611827     1.9938      86.44     0.0213 5.1267e-02 -9.990e-29    243.470 291.220399    5.34128    35.0527    35.0735    27.3599    1485.66    1489.05 0.0000e+00
       5866    260.000     7.7016     7.7011   3.609934   3.611824     1.9933      92.92     0.0228 5.1259e-02 -9.990e-29    244.375 291.220409    5.33406    35.0528    35.0738    27.3601    1485.68    1489.03 0.0000e+00
       5887    261.000     7.7005     7.7002   3.609885   3.611779     1.9929      88.92     0.0235 5.1266e-02 -9.990e-29    245.268 291.220420    5.33385    35.0529    35.0737    27.3603    1485.69    1489.02 0.0000e+00
       5909    262.000     7.6990     7.6986   3.609818   3.611700     1.9923      69.78     0.0250 5.1273e-02 1.9438e+00    246.151 291.220430    5.34327    35.0532    35.0740    27.3608    1485.70    1489.01 0.0000e+00
       5930    263.000     7.6984     7.6980   3.609826   3.611712     1.9939      96.99     0.0221 5.1260e-02 1.9438e+00    247.048 291.220440    5.34808    35.0534    35.0742    27.3610    1485.72    1489.00 0.0000e+00
       5952    264.000     7.6982     7.6978   3.609868   3.611752     1.9932      86.69     0.0195 5.1259e-02 1.9438e+00    247.949 291.220451    5.33912    35.0536    35.0744    27.3612    1485.73    1488.98 0.0000e+00
       5973    265.000     7.6974     7.6970   3.609844   3.611730     1.9929      58.50     0.0205 5.1266e-02 1.9438e+00    248.845 291.220461    5.34303    35.0536    35.0744    27.3614    1485.75    1488.97 0.0000e+00
       5995    266.000     7.6971     7.6966   3.609884   3.611767     1.9937      98.46     0.0198 5.1273e-02 1.9438e+00    249.740 291.220472    5.34536    35.0539    35.0748    27.3616    1485.76    1488.96 0.0000e+00
       6016    267.000     7.6969     7.6964   3.609927   3.611810     1.9924      87.47     0.0205 5.1252e-02 -9.990e-29    250.634 291.220482    5.32699    35.0541    35.0749    27.3618    1485.78    1488.95 0.0000e+00
       6038    268.000     7.6967     7.6963   3.609978   3.611851     1.9910      75.19     0.0186 5.1273e-02 -9.990e-29    251.522 291.220492    5.31967    35.0543    35.0750    27.3620    1485.79    1488.93 0.0000e+00
       6059    269.000     7.6954     7.6950   3.609946   3.611824     1.9894      79.19     0.0198 5.1273e-02 -9.990e-29    252.415 291.220503    5.32665    35.0548    35.0755    27.3626    1485.81    1488.92 0.0000e+00
       6080    270.000     7.6944     7.6941   3.609911   3.611801     1.9896      95.09     0.0184 5.1260e-02 -9.990e-29    253.310 291.220513    5.33737    35.0549    35.0757    27.3628    1485.82    1488.91 0.0000e+00
       6102    271.000     7.6933     7.6928   3.609869   3.611761     1.9900      91.94     0.0211 5.1266e-02 1.9438e+00    254.209 291.220523    5.33523    35.0551    35.0761    27.3631    1485.83    1488.90 0.0000e+00
       6124    272.000     7.6924     7.6920   3.609892   3.611773     1.9894      56.85     0.0239 5.1266e-02 1.9438e+00    255.109 291.220534    5.33218    35.0558    35.0765    27.3638    1485.84    1488.89 0.0000e+00
       6145    273.000     7.6912     7.6907   3.609859   3.611743     1.9893      98.56     0.0220 5.1273e-02 1.9438e+00    255.995 291.220544    5.33113    35.0561    35.0770    27.3642    1485.86    1488.88 0.0000e+00
       6166    274.000     7.6904     7.6900   3.609853   3.611737     1.9888      89.88     0.0214 5.1247e-02 1.9438e+00    256.887 291.220554    5.32629    35.0564    35.0772    27.3646    1485.87    1488.87 0.0000e+00
       6188    275.000     7.6898     7.6894   3.609865   3.611739     1.9876      60.78     0.0180 5.1273e-02 1.9438e+00    257.780 291.220565    5.32320    35.0566    35.0773    27.3648    1485.89    1488.86 0.0000e+00
       6209    276.000     7.6890     7.6886   3.609848   3.611731     1.9878      95.77     0.0191 5.1266e-02 1.9438e+00    258.673 291.220575    5.33141    35.0568    35.0775    27.3651    1485.90    1488.85 0.0000e+00
       6231    277.000     7.6889     7.6885   3.609899   3.611775     1.9871      93.59     0.0186 5.1260e-02 -9.990e-29    259.571 291.220585    5.32455    35.0569    35.0776    27.3652    1485.91    1488.83 0.0000e+00
       6252    278.000     7.6889     7.6885   3.609942   3.611824     1.9867      76.16     0.0195 5.1266e-02 -9.990e-29    260.461 291.220596    5.32565    35.0569    35.0777    27.3652    1485.93    1488.82 0.0000e+00
       6274    279.000     7.6882     7.6877   3.609961   3.611840     1.9869      71.74     0.0207 5.1273e-02 -9.990e-29    261.360 291.220606    5.34118    35.0573    35.0782    27.3656    1485.95    1488.81 0.0000e+00
       6295    280.000     7.6873     7.6868   3.609952   3.611835     1.9879      95.08     0.0199 5.1260e-02 1.9438e+00    262.266 291.220616    5.33982    35.0577    35.0785    27.3660    1485.96    1488.80 0.0000e+00
       6317    281.000     7.6873     7.6868   3.609991   3.611880     1.9881      93.05     0.0212 5.1252e-02 1.9438e+00    263.167 291.220627    5.33408    35.0576    35.0785    27.3660    1485.98    1488.79 0.0000e+00
       6338    282.000     7.6873     7.6868   3.610048   3.611927     1.9873      53.03     0.0217 5.1273e-02 1.9438e+00    264.062 291.220637    5.33673    35.0577    35.0785    27.3661    1485.99    1488.78 0.0000e+00
       6360    283.000     7.6873     7.6868   3.610101   3.611985     1.9882      98.36     0.0234 5.1273e-02 1.9438e+00    264.950 291.220648    5.33712    35.0578    35.0787    27.3661    1486.01    1488.77 0.0000e+00
       6381    284.000     7.6870     7.6866   3.610134   3.612018     1.9874      90.49     0.0229 5.1232e-02 1.9438e+00    265.838 291.220658    5.32691    35.0580    35.0788    27.3663    1486.02    1488.76 0.0000e+00
       6403    285.000     7.6870     7.6865   3.610188   3.612067     1.9861      58.69     0.0258 5.1273e-02 1.9438e+00    266.734 291.220668    5.32953    35.0581    35.0789    27.3664    1486.04    1488.75 0.0000e+00
       6424    286.000     7.6870     7.6866   3.610236   3.612124     1.9873      92.14     0.0252 5.1273e-02 1.9438e+00    267.631 291.220679    5.34166    35.0581    35.0789    27.3664    1486.06    1488.75 0.0000e+00
       6446    287.000     7.6871     7.6866   3.610309   3.612189     1.9865      96.00     0.0218 5.1260e-02 1.9438e+00    268.526 291.220689    5.32240    35.0583    35.0791    27.3665    1486.07    1488.74 0.0000e+00
       6467    288.000     7.6865     7.6861   3.610316   3.612184     1.9848      76.97     0.0232 5.1280e-02 1.9438e+00    269.417 291.220699    5.31242    35.0585    35.0791    27.3668    1486.09    1488.73 0.0000e+00
       6488    289.000     7.6863     7.6859   3.610335   3.612214     1.9837      64.01     0.0241 5.1266e-02 1.9438e+00    270.302 291.220709    5.32654    35.0584    35.0791    27.3668    1486.10    1488.72 0.0000e+00
       6510    290.000     7.6864     7.6860   3.610392   3.612270     1.9842      94.61     0.0212 5.1260e-02 1.9438e+00    271.195 291.220720    5.32382    35.0585    35.0792    27.3668    1486.12    1488.71 0.0000e+00
       6531    291.000     7.6864     7.6860   3.610449   3.612318     1.9829      45.75     0.0218 5.1280e-02 -9.990e-29    272.094 291.220730    5.31832    35.0586    35.0792    27.3669    1486.14    1488.70 0.0000e+00
       6553    292.000     7.6864     7.6860   3.610482   3.612363     1.9829      99.52     0.0242 5.1273e-02 -9.990e-29    272.992 291.220741    5.31976    35.0585    35.0792    27.3668    1486.15    1488.69 0.0000e+00
