testdata/CTD/sta0427.cnv
* Sea-Bird SBE 9 Data File:
* FileName = C:\Seabird\CTDData\sta0427.hex
* Software Version Seasave V 7.21f
* Temperature SN = 4557
* Conductivity SN = 1337
* Number of Bytes Per Scan = 40
* Number of Voltage Words = 5
* Number of Scans Averaged by the Deck Unit = 1
* NMEA Latitude = 61 31.36 N
* NMEA Longitude = 005 02.87 E
* NMEA UTC (Time) = Oct 20 2018 03:22:46
* NMEA baud rate = 4800
** Ship: 10 F/F "G. O. Sars"
** Station: 0427
** Echodepth: 279
** Log: 5715.357
** Wind-Dir Force: 12 08
** Air-temp (dry): 8.2
** Weather Sky: 0 0
** Sea Ice: 0 0
# nquan = 20                                
# nvalues = 270                         
# units = specified
# name 0 = scan: Scan Count
# name 1 = prDM: Pressure, Digiquartz [db]
# name 2 = t068C: Temperature [ITS-68, deg C]
# name 3 = t168C: Temperature, 2 [ITS-68, deg C]
# name 4 = c0S/m: Conductivity [S/m]
# name 5 = c1S/m: Conductivity, 2 [S/m]
# name 6 = sbeox0V: Oxygen raw, SBE 43 [V]
# name 7 = altM: Altimeter [m]
# name 8 = flC: Fluorescence, Chelsea Aqua 3 Chl Con [ug/l]
# name 9 = par: PAR/Irradiance, Biospherical/Licor
# name 10 = spar: SPAR/Surface Irradiance
# name 11 = timeS: Time, Elapsed [seconds]
# name 12 = timeJ: Julian Days
# name 13 = sbeox0ML/L: Oxygen, SBE 43 [ml/l], WS = 2
# name 14 = sal00: Salinity, Practical [PSU]
# name 15 = sal11: Salinity, Practical, 2 [PSU]
# name 16 = sigma-t00: Density [sigma-t, Kg/m^3 ]
# name 17 = svCM: Sound Velocity [Chen-Millero, m/s]
# name 18 = avgsvCM: Average Sound Velocity [Chen-Millero, m/s], minP = 1, minS = 5
# name 19 = flag: flag
# span 0 =       2331,       8108       
# span 1 =      2.000,    271.000       
# span 2 =     7.6639,    13.3541       
# span 3 =     7.6639,    13.3558       
# span 4 =   3.168202,   3.844513       
# span 5 =   3.165500,   3.846425       
# span 6 =     1.9074,     2.3116       
# span 7 =      -3.94,     102.51       
# span 8 =     0.0196,     0.2712       
# span 9 = 5.1234e-02, 1.2503e+00       
# span 10 = 1.9438e+00, 1.9438e+00      
# span 11 =     97.069,    337.773      
# span 12 = 293.141957, 293.144743      
# span 13 =    4.87818,    6.03632      
# span 14 =    27.5199,    35.0286      
# span 15 =    27.4985,    35.0488      
# span 16 =    20.9057,    27.3466      
# span 17 =    1484.62,    1498.02      
# span 18 =    1485.52,    1494.54      
# span 19 = 0.0000e+00, 0.0000e+00      
# interval = decibars: 1                
# start_time = Oct 20 2018 03:22:48 [System UTC, header]
# bad_flag = -9.990e-29
*END*
       2331      2.000    11.3167    11.3105   3.168202   3.165500     2.2987      -3.94     0.2712 1.2503e+00 1.9438e+00     97.069 293.141957    6.03632    27.5199    27.4985    20.9057    1485.52    1485.52 0.0000e+00
       2368      3.000    11.3222    11.3212   3.172076   3.172899     2.3028     102.51     0.2662 8.5563e-01 1.9438e+00     98.618 293.141975    6.02688    27.5526    27.5613    20.9302    1485.60    1485.54 0.0000e+00
       2392      4.000    11.3531    11.3510   3.192314   3.192853     2.3005      98.68     0.2632 5.6745e-01 1.9438e+00     99.621 293.141986    5.99381    27.7235    27.7302    21.0576    1485.93    1485.64 0.0000e+00
       2413      5.000    11.3887    11.3905   3.212916   3.216211     2.2992      98.66     0.2601 3.7903e-01 -9.990e-29    100.498 293.141997    5.99042    27.8942    27.9245    21.1839    1486.27    1485.77 0.0000e+00
       2434      6.000    11.4179    11.4168   3.227149   3.228302     2.2995      49.01     0.2586 2.9296e-01 -9.990e-29    101.382 293.142007    5.98985    28.0084    28.0203    21.2676    1486.53    1485.89 0.0000e+00
       2456      7.000    11.4171    11.4193   3.227215   3.229981     2.2999      89.66     0.2543 2.1651e-01 -9.990e-29    102.277 293.142017    5.98860    28.0093    28.0342    21.2684    1486.54    1485.99 0.0000e+00
       2477      8.000    11.4515    11.4510   3.245836   3.247882     2.2997      98.71     0.2517 1.4379e-01 -9.990e-29    103.169 293.142027    5.98202    28.1616    28.1816    21.3807    1486.86    1486.10 0.0000e+00
       2499      9.000    11.4704    11.4717   3.253306   3.255500     2.3004      74.98     0.2519 9.9178e-02 1.9438e+00    104.068 293.142038    5.98091    28.2185    28.2386    21.4216    1487.02    1486.20 0.0000e+00
       2520     10.000    11.5194    11.5209   3.272471   3.275470     2.3009      64.00     0.2457 7.3143e-02 1.9438e+00    104.969 293.142048    5.96940    28.3647    28.3923    21.5265    1487.38    1486.32 0.0000e+00
       2541     11.000    11.7886    11.7908   3.340648   3.343998     2.3004      99.15     0.2327 5.3849e-02 1.9438e+00    105.843 293.142058    5.91334    28.8098    28.8401    21.8247    1488.87    1486.55 0.0000e+00
       2562     12.000    11.9815    11.9714   3.388966   3.388738     2.3015      98.75     0.2080 5.1275e-02 1.9438e+00    106.724 293.142069    5.90299    29.1204    29.1261    22.0311    1489.93    1486.83 0.0000e+00
       2584     13.000    12.1061    12.0989   3.422367   3.422723     2.3061      36.50     0.1772 5.1273e-02 1.9438e+00    107.628 293.142079    5.91242    29.3403    29.3493    22.1791    1490.64    1487.12 0.0000e+00
       2606     14.000    12.2179    12.2212   3.452481   3.455177     2.3116      98.14     0.1561 5.1273e-02 1.9438e+00    108.533 293.142090    5.88288    29.5380    29.5609    22.3119    1491.28    1487.42 0.0000e+00
       2627     15.000    12.2626    12.2639   3.464447   3.466874     2.3097      98.74     0.1383 5.1267e-02 1.9438e+00    109.427 293.142100    5.82708    29.6158    29.6378    22.3641    1491.54    1487.69 0.0000e+00
       2649     16.000    12.3513    12.3588   3.505613   3.510759     2.3035      98.63     0.1278 5.1273e-02 1.9438e+00    110.321 293.142110    5.76029    29.9352    29.9780    22.5951    1492.24    1487.98 0.0000e+00
       2670     17.000    12.5123    12.5156   3.581932   3.584899     2.2943      98.22     0.1148 5.1273e-02 1.9438e+00    111.220 293.142121    5.67639    30.5281    30.5535    23.0243    1493.52    1488.30 0.0000e+00
       2692     18.000    12.9499    12.9439   3.706528   3.710569     2.2845      98.67     0.0954 5.1253e-02 1.9438e+00    112.121 293.142131    5.57109    31.3446    31.3876    23.5730    1495.98    1488.73 0.0000e+00
       2713     19.000    13.3210    13.3220   3.792986   3.795355     2.2765      76.38     0.0722 5.1279e-02 -9.990e-29    113.014 293.142141    5.52140    31.8460    31.8673    23.8882    1497.83    1489.20 0.0000e+00
       2735     20.000    13.3541    13.3558   3.801411   3.803810     2.2789      59.40     0.0601 5.1280e-02 -9.990e-29    113.921 293.142152    5.53559    31.8966    31.9176    23.9208    1498.02    1489.64 0.0000e+00
       2757     21.000    12.9942    12.9967   3.769404   3.770943     2.2703      98.87     0.0551 5.1273e-02 -9.990e-29    114.836 293.142162    5.44102    31.8981    31.9105    23.9927    1496.84    1489.98 0.0000e+00
       2779     22.000    12.7231    12.7204   3.750920   3.752605     2.2439      98.75     0.0520 5.1273e-02 -9.990e-29    115.735 293.142173    5.29642    31.9520    31.9702    24.0869    1496.00    1490.25 0.0000e+00
       2800     23.000    12.6405    12.6412   3.747769   3.749760     2.2087      33.07     0.0508 5.1287e-02 1.9438e+00    116.627 293.142183    5.20747    31.9917    32.0100    24.1335    1495.79    1490.49 0.0000e+00
       2822     24.000    12.6217    12.6215   3.747083   3.748992     2.1876      89.10     0.0514 5.1260e-02 1.9438e+00    117.521 293.142194    5.26312    32.0007    32.0191    24.1441    1495.75    1490.71 0.0000e+00
       2843     25.000    12.6070    12.6076   3.748634   3.750578     2.1856      98.76     0.0508 5.1273e-02 1.9438e+00    118.415 293.142204    5.35741    32.0276    32.0456    24.1677    1495.75    1490.91 0.0000e+00
       2865     26.000    12.6042    12.6048   3.750904   3.752858     2.1935      51.44     0.0525 5.1286e-02 1.9438e+00    119.318 293.142214    5.41788    32.0511    32.0692    24.1865    1495.78    1491.10 0.0000e+00
       2886     27.000    12.5405    12.5374   3.745651   3.746984     2.2018      65.94     0.0527 5.1273e-02 1.9438e+00    120.203 293.142225    5.44154    32.0550    32.0703    24.2016    1495.59    1491.27 0.0000e+00
       2907     28.000    12.4947    12.4944   3.743115   3.745155     2.2064      73.12     0.0536 5.1280e-02 1.9438e+00    121.096 293.142235    5.43480    32.0695    32.0892    24.2216    1495.47    1491.42 0.0000e+00
       2929     29.000    12.6256    12.6257   3.764883   3.766958     2.2077      27.78     0.0563 5.1273e-02 -9.990e-29    121.993 293.142245    5.42273    32.1646    32.1843    24.2703    1496.04    1491.57 0.0000e+00
       2950     30.000    12.5902    12.5906   3.769917   3.772091     2.2132      91.04     0.0566 5.1273e-02 -9.990e-29    122.892 293.142256    5.46918    32.2424    32.2627    24.3373    1496.03    1491.72 0.0000e+00
       2972     31.000    12.6062    12.6077   3.779824   3.782104     2.2206      95.40     0.0574 5.1267e-02 -9.990e-29    123.802 293.142266    5.46125    32.3226    32.3430    24.3964    1496.20    1491.87 0.0000e+00
       2994     32.000    12.6357    12.6392   3.791121   3.793554     2.2193      39.09     0.0554 5.1287e-02 1.9438e+00    124.714 293.142277    5.42146    32.4043    32.4245    24.4541    1496.41    1492.01 0.0000e+00
       3016     33.000    12.3479    12.3506   3.781502   3.783560     2.2178      99.05     0.0556 5.1273e-02 1.9438e+00    125.610 293.142287    5.42563    32.5607    32.5781    24.6302    1495.64    1492.12 0.0000e+00
       3037     34.000    12.3061    12.3054   3.789308   3.791145     2.2101      46.06     0.0594 5.1273e-02 1.9438e+00    126.511 293.142298    5.37347    32.6716    32.6898    24.7241    1495.64    1492.22 0.0000e+00
       3059     35.000    12.2907    12.2913   3.792948   3.794824     2.2016      98.73     0.0608 5.1273e-02 1.9438e+00    127.413 293.142308    5.36424    32.7195    32.7370    24.7642    1495.66    1492.32 0.0000e+00
       3081     36.000    12.2821    12.2826   3.794782   3.796682     2.1976      98.75     0.0606 5.1273e-02 1.9438e+00    128.316 293.142318    5.37470    32.7443    32.7621    24.7850    1495.68    1492.41 0.0000e+00
       3102     37.000    12.2735    12.2739   3.798268   3.800175     2.1958      65.43     0.0603 5.1273e-02 1.9438e+00    129.217 293.142329    5.38902    32.7849    32.8029    24.8182    1495.71    1492.50 0.0000e+00
       3124     38.000    12.2708    12.2718   3.799570   3.801536     2.1975      78.97     0.0598 5.1266e-02 -9.990e-29    130.111 293.142339    5.40307    32.7993    32.8174    24.8299    1495.74    1492.59 0.0000e+00
       3145     39.000    12.2884    12.2889   3.802457   3.804238     2.1976      98.93     0.0604 5.1273e-02 -9.990e-29    131.007 293.142350    5.39313    32.8113    32.8279    24.8358    1495.83    1492.67 0.0000e+00
       3167     40.000    12.2816    12.2825   3.802581   3.804522     2.1974      90.14     0.0629 5.1260e-02 -9.990e-29    131.905 293.142360    5.38915    32.8180    32.8359    24.8423    1495.83    1492.75 0.0000e+00
       3188     41.000    12.2752    12.2760   3.803194   3.805146     2.1964      51.93     0.0686 5.1273e-02 -9.990e-29    132.795 293.142370    5.39489    32.8291    32.8472    24.8521    1495.84    1492.82 0.0000e+00
       3210     42.000    12.2654    12.2656   3.803040   3.804956     2.1978      98.88     0.0689 5.1273e-02 1.9438e+00    133.689 293.142381    5.40711    32.8358    32.8540    24.8592    1495.83    1492.89 0.0000e+00
       3231     43.000    12.2633    12.2640   3.803354   3.805274     2.1991      98.78     0.0660 5.1273e-02 1.9438e+00    134.590 293.142391    5.41149    32.8402    32.8581    24.8630    1495.84    1492.96 0.0000e+00
       3253     44.000    12.2571    12.2577   3.806418   3.808550     2.2000      46.77     0.0638 5.1266e-02 1.9438e+00    135.495 293.142402    5.41778    32.8747    32.8947    24.8910    1495.88    1493.03 0.0000e+00
       3275     45.000    12.2669    12.2673   3.814009   3.815938     2.2024      98.74     0.0673 5.1273e-02 1.9438e+00    136.403 293.142412    5.42050    32.9387    32.9569    24.9387    1496.01    1493.10 0.0000e+00
       3296     46.000    12.2581    12.2583   3.815764   3.817632     2.2023      98.78     0.0768 5.1280e-02 1.9438e+00    137.295 293.142422    5.40352    32.9629    32.9807    24.9592    1496.02    1493.16 0.0000e+00
       3317     47.000    12.2595    12.2602   3.817815   3.819767     2.2001      67.00     0.0840 5.1267e-02 1.9438e+00    138.180 293.142433    5.39696    32.9810    32.9992    24.9730    1496.07    1493.22 0.0000e+00
       3339     48.000    12.2564    12.2572   3.818328   3.820260     2.2007      74.73     0.0788 5.1252e-02 1.9438e+00    139.084 293.142443    5.42455    32.9883    33.0062    24.9792    1496.08    1493.28 0.0000e+00
       3361     49.000    12.2380    12.2384   3.817309   3.819231     2.2043      99.05     0.0801 5.1267e-02 1.9438e+00    139.989 293.142454    5.44483    32.9943    33.0124    24.9873    1496.04    1493.34 0.0000e+00
       3382     50.000    12.2386    12.2395   3.820655   3.822661     2.2070      89.97     0.0847 5.1280e-02 1.9438e+00    140.894 293.142464    5.43894    33.0255    33.0441    25.0114    1496.10    1493.39 0.0000e+00
       3404     51.000    12.2450    12.2461   3.824083   3.826091     2.2072      50.73     0.0875 5.1273e-02 1.9438e+00    141.789 293.142474    5.44745    33.0525    33.0708    25.0311    1496.17    1493.45 0.0000e+00
       3425     52.000    12.2596    12.2601   3.827098   3.829006     2.2119      99.21     0.0882 5.1273e-02 -9.990e-29    142.675 293.142485    5.47454    33.0682    33.0861    25.0406    1496.25    1493.50 0.0000e+00
       3447     53.000    12.2324    12.2327   3.827688   3.829640     2.2157      98.78     0.0828 5.1280e-02 -9.990e-29    143.570 293.142495    5.47719    33.0975    33.1160    25.0684    1496.21    1493.55 0.0000e+00
       3468     54.000    12.2137    12.2147   3.827221   3.829184     2.2173      98.78     0.0736 5.1273e-02 -9.990e-29    144.474 293.142505    5.46122    33.1091    33.1272    25.0810    1496.18    1493.60 0.0000e+00
       3490     55.000    12.2063    12.2064   3.826663   3.828537     2.2141      98.78     0.0682 5.1266e-02 -9.990e-29    145.373 293.142516    5.42570    33.1099    33.1279    25.0830    1496.17    1493.65 0.0000e+00
       3512     56.000    12.2000    12.2002   3.826098   3.827988     2.2084      98.77     0.0652 5.1280e-02 1.9438e+00    146.281 293.142526    5.39500    33.1096    33.1276    25.0840    1496.16    1493.69 0.0000e+00
       3533     57.000    12.1928    12.1915   3.825542   3.827296     2.2012      71.76     0.0611 5.1267e-02 1.9438e+00    147.177 293.142537    5.36698    33.1102    33.1282    25.0858    1496.16    1493.73 0.0000e+00
       3555     58.000    12.1782    12.1781   3.825077   3.827037     2.1941      77.40     0.0582 5.1273e-02 1.9438e+00    148.078 293.142547    5.35230    33.1182    33.1372    25.0948    1496.13    1493.78 0.0000e+00
       3576     59.000    12.1678    12.1688   3.827437   3.829493     2.1878      98.71     0.0595 5.1266e-02 1.9438e+00    148.976 293.142558    5.34329    33.1498    33.1687    25.1212    1496.15    1493.82 0.0000e+00
       3598     60.000    12.1487    12.1490   3.829534   3.831450     2.1845      98.78     0.0575 5.1273e-02 1.9438e+00    149.866 293.142568    5.35239    33.1865    33.2048    25.1534    1496.15    1493.85 0.0000e+00
       3619     61.000    12.1237    12.1242   3.830089   3.832042     2.1827      98.78     0.0600 5.1273e-02 -9.990e-29    150.759 293.142578    5.35257    33.2137    33.2321    25.1792    1496.11    1493.89 0.0000e+00
       3641     62.000    12.1129    12.1138   3.832881   3.834926     2.1805      98.78     0.0634 5.1273e-02 -9.990e-29    151.653 293.142589    5.34205    33.2498    33.2688    25.2093    1496.13    1493.93 0.0000e+00
       3662     63.000    12.1205    12.1228   3.834530   3.836797     2.1778      98.78     0.0669 5.1280e-02 -9.990e-29    152.554 293.142599    5.33480    33.2586    33.2785    25.2146    1496.19    1493.96 0.0000e+00
       3684     64.000    12.1305    12.1309   3.836491   3.838381     2.1760      98.78     0.0698 5.1273e-02 -9.990e-29    153.460 293.142609    5.34032    33.2682    33.2861    25.2202    1496.25    1494.00 0.0000e+00
       3706     65.000    12.1358    12.1365   3.837912   3.839873     2.1769      98.78     0.0753 5.1266e-02 1.9438e+00    154.360 293.142620    5.36810    33.2768    33.2951    25.2259    1496.29    1494.03 0.0000e+00
       3727     66.000    12.1394    12.1404   3.838988   3.840975     2.1817      98.78     0.0834 5.1273e-02 1.9438e+00    155.254 293.142630    5.39023    33.2836    33.3019    25.2305    1496.33    1494.07 0.0000e+00
       3749     67.000    12.1434    12.1442   3.840713   3.842635     2.1844      98.78     0.0895 5.1273e-02 1.9438e+00    156.152 293.142641    5.38619    33.2963    33.3141    25.2395    1496.38    1494.10 0.0000e+00
       3770     68.000    12.1415    12.1420   3.841322   3.843234     2.1865      98.78     0.0958 5.1273e-02 1.9438e+00    157.043 293.142651    5.39580    33.3034    33.3215    25.2455    1496.39    1494.14 0.0000e+00
       3792     69.000    12.1391    12.1396   3.842417   3.844337     2.1891      98.78     0.0986 5.1273e-02 1.9438e+00    157.947 293.142661    5.40327    33.3157    33.3338    25.2555    1496.42    1494.17 0.0000e+00
       3813     70.000    12.1133    12.1142   3.842747   3.844741     2.1911      98.72     0.0970 5.1273e-02 -9.990e-29    158.854 293.142672    5.40929    33.3415    33.3600    25.2803    1496.38    1494.20 0.0000e+00
       3835     71.000    11.9854    11.9858   3.843934   3.845952     2.1928      98.26     0.0967 5.1273e-02 -9.990e-29    159.755 293.142682    5.42587    33.4670    33.4862    25.4019    1496.10    1494.23 0.0000e+00
       3857     72.000    11.9664    11.9670   3.844513   3.846425     2.1942      98.29     0.0976 5.1273e-02 -9.990e-29    160.655 293.142693    5.42735    33.4893    33.5073    25.4227    1496.08    1494.25 0.0000e+00
       3878     73.000    11.9601    11.9611   3.844360   3.846294     2.1951      98.75     0.1033 5.1273e-02 -9.990e-29    161.550 293.142703    5.43005    33.4930    33.5109    25.4268    1496.08    1494.28 0.0000e+00
