testdata/CTD/sta0418.cnv
* Sea-Bird SBE 9 Data File:
* FileName = C:\Seabird\CTDData\sta0418.hex
* Software Version Seasave V 7.21f
* Temperature SN = 4557
* Conductivity SN = 1337
* Number of Bytes Per Scan = 40
* Number of Voltage Words = 5
* Number of Scans Averaged by the Deck Unit = 1
* NMEA Latitude = 61 28.97 N
* NMEA Longitude = 005 20.87 E
* NMEA UTC (Time) = Oct 17 2018 02:45:36
* NMEA baud rate = 4800
** Ship: 10 F/F "G. O. Sars"
** Station: 0418
** Echodepth: 339
** Log: 5571.53
** Wind-Dir Force: 12 04
** Air-temp (dry): 13.7
** Weather Sky: 0 0
** Sea Ice: 0 0
# nquan = 20                                
# nvalues = 337                         
# units = specified
# name 0 = scan: Scan Count
# name 1 = prDM: Pressure, Digiquartz [db]
# name 2 = t068C: Temperature [ITS-68, deg C]
# name 3 = t168C: Temperature, 2 [ITS-68, deg C]
# name 4 = c0S/m: Conductivity [S/m]
# name 5 = c1S/m: Conductivity, 2 [S/m]
# name 6 = sbeox0V: Oxygen raw, SBE 43 [V]
# name 7 = altM: Altimeter [m]
# name 8 = flC: Fluorescence, Chelsea Aqua 3 Chl Con [ug/l]
# name 9 = par: PAR/Irradiance, Biospherical/Licor
# name 10 = spar: SPAR/Surface Irradiance
# name 11 = timeS: Time, Elapsed [seconds]
# name 12 = timeJ: Julian Days
# name 13 = sbeox0ML/L: Oxygen, SBE 43 [ml/l], WS = 2
# name 14 = sal00: Salinity, Practical [PSU]
# name 15 = sal11: Salinity, Practical, 2 [PSU]
# name 16 = sigma-t00: Density [sigma-t, Kg/m^3 ]
# name 17 = svCM: Sound Velocity [Chen-Millero, m/s]
# name 18 = avgsvCM: Average Sound Velocity [Chen-Millero, m/s], minP = 1, minS = 5
# name 19 = flag: flag
# span 0 =        366,       7952       
# span 1 =      3.000,    339.000       
# span 2 =     7.6848,    13.9043       
# span 3 =     7.6845,    13.9096       
# span 4 =   3.504644,   3.885134       
# span 5 =   3.516320,   3.887187       
# span 6 =     1.8497,     2.1944       
# span 7 =       7.26,      99.90       
# span 8 =     0.0140,     0.0855       
# span 9 = 5.1231e-02, 5.4925e-01       
# span 10 = 1.9438e+00, 1.9438e+00      
# span 11 =     15.213,    331.273      
# span 12 = 290.115188, 290.118846      
# span 13 =    4.66394,    5.38682      
# span 14 =    29.1964,    35.0649      
# span 15 =    29.2891,    35.0856      
# span 16 =    21.8466,    27.3720      
# span 17 =    1484.28,    1499.15      
# span 18 =    1488.33,    1497.31      
# span 19 = 0.0000e+00, 0.0000e+00      
# interval = decibars: 1                
# start_time = Oct 17 2018 02:45:37 [System UTC, header]
# bad_flag = -9.990e-29
*END*
[from data line 145]
       3480    148.000     7.8964     7.8958   3.603116   3.605076     1.8901      63.43     0.0301 5.1260e-02 -9.990e-29    144.976 290.116690    4.90363    34.8389    34.8606    27.1631    1484.31    1491.81 0.0000e+00
       3502    149.000     7.8917     7.8912   3.603040   3.604999     1.8935      98.36     0.0320 5.1273e-02 1.9438e+00    145.861 290.116700    4.91744    34.8422    34.8638    27.1664    1484.31    1491.76 0.0000e+00
       3523    150.000     7.8860     7.8854   3.602913   3.604876     1.8951      26.21     0.0319 5.1321e-02 1.9438e+00    146.747 290.116710    4.92426    34.8461    34.8678    27.1703    1484.31    1491.71 0.0000e+00
       3544    151.000     7.8829     7.8823   3.602861   3.604831     1.8987      80.44     0.0315 5.1266e-02 1.9438e+00    147.630 290.116720    4.93864    34.8481    34.8699    27.1724    1484.32    1491.66 0.0000e+00
       3565    152.000     7.8769     7.8765   3.602598   3.604549     1.9008      80.81     0.0330 5.1273e-02 1.9438e+00    148.504 290.116730    4.94883    34.8508    34.8722    27.1753    1484.32    1491.62 0.0000e+00
       3586    153.000     7.8703     7.8698   3.602282   3.604236     1.9038      98.96     0.0309 5.1273e-02 1.9438e+00    149.385 290.116741    4.96047    34.8535    34.8750    27.1784    1484.31    1491.57 0.0000e+00
       3607    154.000     7.8643     7.8640   3.602152   3.604107     1.9065      98.75     0.0304 5.1266e-02 1.9438e+00    150.264 290.116751    4.95644    34.8576    34.8789    27.1825    1484.31    1491.52 0.0000e+00
       3628    155.000     7.8560     7.8554   3.601938   3.603892     1.9065      59.39     0.0262 5.1273e-02 1.9438e+00    151.144 290.116761    4.96244    34.8631    34.8847    27.1881    1484.30    1491.47 0.0000e+00
       3650    156.000     7.8506     7.8501   3.601938   3.603895     1.9099      98.13     0.0272 5.1253e-02 1.9438e+00    152.028 290.116771    4.99263    34.8680    34.8896    27.1928    1484.30    1491.43 0.0000e+00
       3671    157.000     7.8484     7.8479   3.601989   3.603935     1.9133      98.77     0.0261 5.1266e-02 1.9438e+00    152.908 290.116781    5.00642    34.8702    34.8917    27.1949    1484.31    1491.38 0.0000e+00
       3692    158.000     7.8462     7.8457   3.602092   3.604040     1.9167      69.58     0.0261 5.1266e-02 1.9438e+00    153.786 290.116792    5.01952    34.8730    34.8945    27.1974    1484.33    1491.34 0.0000e+00
       3713    159.000     7.8435     7.8430   3.602367   3.604325     1.9208      88.57     0.0262 5.1273e-02 -9.990e-29    154.668 290.116802    5.04082    34.8782    34.8998    27.2019    1484.34    1491.29 0.0000e+00
       3734    160.000     7.8432     7.8427   3.602663   3.604604     1.9245      98.84     0.0270 5.1273e-02 -9.990e-29    155.549 290.116812    5.04180    34.8812    34.9026    27.2043    1484.36    1491.25 0.0000e+00
       3755    161.000     7.8420     7.8414   3.602843   3.604797     1.9265      87.87     0.0277 5.1280e-02 -9.990e-29    156.433 290.116822    5.03655    34.8839    34.9055    27.2065    1484.37    1491.21 0.0000e+00
       3777    162.000     7.8419     7.8413   3.603258   3.605223     1.9279      65.45     0.0271 5.1280e-02 -9.990e-29    157.319 290.116832    5.03930    34.8880    34.9097    27.2098    1484.39    1491.16 0.0000e+00
       3798    163.000     7.8414     7.8410   3.603450   3.605406     1.9284      81.37     0.0244 5.1273e-02 1.9438e+00    158.200 290.116843    5.02717    34.8900    34.9115    27.2115    1484.41    1491.12 0.0000e+00
       3819    164.000     7.8413     7.8407   3.603601   3.605546     1.9282      40.86     0.0250 5.1307e-02 1.9438e+00    159.083 290.116853    5.03158    34.8913    34.9128    27.2125    1484.43    1491.08 0.0000e+00
       3840    165.000     7.8409     7.8404   3.603705   3.605649     1.9282      56.03     0.0261 5.1273e-02 1.9438e+00    159.959 290.116863    5.03069    34.8923    34.9138    27.2133    1484.44    1491.04 0.0000e+00
       3861    166.000     7.8404     7.8399   3.603791   3.605744     1.9286      97.71     0.0295 5.1273e-02 1.9438e+00    160.827 290.116873    5.02622    34.8932    34.9148    27.2141    1484.46    1491.00 0.0000e+00
       3882    167.000     7.8391     7.8386   3.603873   3.605829     1.9270      31.71     0.0283 5.1294e-02 1.9438e+00    161.706 290.116883    5.02420    34.8949    34.9165    27.2157    1484.47    1490.96 0.0000e+00
       3903    168.000     7.8387     7.8382   3.604237   3.606181     1.9281      71.72     0.0296 5.1266e-02 1.9438e+00    162.588 290.116893    5.04489    34.8988    34.9202    27.2187    1484.49    1490.92 0.0000e+00
       3924    169.000     7.8394     7.8390   3.604527   3.606475     1.9299      71.72     0.0306 5.1273e-02 -9.990e-29    163.469 290.116904    5.06669    34.9007    34.9221    27.2202    1484.51    1490.89 0.0000e+00
       3946    170.000     7.8401     7.8397   3.604863   3.606813     1.9331      70.90     0.0310 5.1280e-02 -9.990e-29    164.356 290.116914    5.07687    34.9032    34.9246    27.2220    1484.54    1490.85 0.0000e+00
       3967    171.000     7.8407     7.8402   3.605216   3.607166     1.9359      62.80     0.0299 5.1280e-02 -9.990e-29    165.233 290.116924    5.08388    34.9059    34.9274    27.2240    1484.56    1490.81 0.0000e+00
       3988    172.000     7.8417     7.8412   3.605597   3.607535     1.9372      47.27     0.0291 5.1273e-02 -9.990e-29    166.121 290.116934    5.08224    34.9085    34.9299    27.2259    1484.58    1490.78 0.0000e+00
       4009    173.000     7.8441     7.8437   3.606289   3.608248     1.9391      98.67     0.0297 5.1273e-02 1.9438e+00    166.998 290.116944    5.08188    34.9131    34.9346    27.2292    1484.61    1490.74 0.0000e+00
       4030    174.000     7.8454     7.8450   3.606664   3.608611     1.9391      31.28     0.0258 5.1294e-02 1.9438e+00    167.872 290.116955    5.08266    34.9153    34.9367    27.2307    1484.64    1490.70 0.0000e+00
       4051    175.000     7.8474     7.8470   3.607146   3.609100     1.9408      65.36     0.0279 5.1280e-02 1.9438e+00    168.750 290.116965    5.09894    34.9180    34.9395    27.2326    1484.67    1490.67 0.0000e+00
       4072    176.000     7.8504     7.8500   3.607837   3.609800     1.9435      83.35     0.0275 5.1259e-02 1.9438e+00    169.632 290.116975    5.11626    34.9220    34.9435    27.2352    1484.70    1490.64 0.0000e+00
       4093    177.000     7.8529     7.8525   3.608477   3.610448     1.9454      54.33     0.0254 5.1273e-02 1.9438e+00    170.510 290.116985    5.11518    34.9259    34.9475    27.2379    1484.73    1490.60 0.0000e+00
       4114    178.000     7.8531     7.8526   3.608617   3.610565     1.9476      62.64     0.0245 5.1266e-02 -9.990e-29    171.391 290.116995    5.12335    34.9267    34.9482    27.2386    1484.75    1490.57 0.0000e+00
       4135    179.000     7.8532     7.8526   3.608673   3.610616     1.9489      52.64     0.0252 5.1266e-02 -9.990e-29    172.271 290.117005    5.12176    34.9267    34.9483    27.2386    1484.76    1490.54 0.0000e+00
       4157    180.000     7.8534     7.8529   3.608781   3.610705     1.9498      88.78     0.0277 5.1273e-02 -9.990e-29    173.152 290.117016    5.11427    34.9272    34.9484    27.2389    1484.78    1490.50 0.0000e+00
       4178    181.000     7.8576     7.8572   3.609514   3.611480     1.9491      40.46     0.0323 5.1266e-02 -9.990e-29    174.039 290.117026    5.11473    34.9304    34.9520    27.2408    1484.82    1490.47 0.0000e+00
       4199    182.000     7.8597     7.8593   3.610106   3.612053     1.9501      49.02     0.0312 5.1273e-02 1.9438e+00    174.916 290.117036    5.12878    34.9342    34.9556    27.2435    1484.85    1490.44 0.0000e+00
       4220    183.000     7.8610     7.8605   3.610541   3.612513     1.9522      93.72     0.0297 5.1266e-02 1.9438e+00    175.799 290.117046    5.13287    34.9371    34.9589    27.2456    1484.87    1490.41 0.0000e+00
       4241    184.000     7.8715     7.8712   3.612437   3.614408     1.9516      39.24     0.0269 5.1308e-02 1.9438e+00    176.679 290.117056    5.11601    34.9466    34.9681    27.2514    1484.94    1490.38 0.0000e+00
       4262    185.000     7.8775     7.8771   3.613373   3.615316     1.9514      63.84     0.0250 5.1280e-02 1.9438e+00    177.557 290.117067    5.11061    34.9502    34.9715    27.2533    1484.98    1490.35 0.0000e+00
       4283    186.000     7.8793     7.8788   3.614228   3.616178     1.9500      66.03     0.0273 5.1273e-02 1.9438e+00    178.437 290.117077    5.10527    34.9571    34.9786    27.2585    1485.02    1490.32 0.0000e+00
       4304    187.000     7.8862     7.8859   3.615398   3.617361     1.9491      77.35     0.0272 5.1280e-02 1.9438e+00    179.311 290.117087    5.09559    34.9623    34.9837    27.2616    1485.06    1490.30 0.0000e+00
       4326    188.000     7.8877     7.8873   3.615712   3.617654     1.9475      57.78     0.0259 5.1280e-02 -9.990e-29    180.192 290.117097    5.09926    34.9637    34.9850    27.2625    1485.09    1490.27 0.0000e+00
       4347    189.000     7.8883     7.8878   3.615836   3.617767     1.9475      41.68     0.0252 5.1280e-02 -9.990e-29    181.084 290.117107    5.11136    34.9639    34.9852    27.2626    1485.11    1490.24 0.0000e+00
       4368    190.000     7.8892     7.8888   3.615999   3.617936     1.9483      98.97     0.0254 5.1273e-02 -9.990e-29    181.960 290.117118    5.10167    34.9643    34.9856    27.2627    1485.13    1490.21 0.0000e+00
       4389    191.000     7.8915     7.8911   3.616362   3.618293     1.9462      26.96     0.0256 5.1280e-02 -9.990e-29    182.838 290.117128    5.10151    34.9654    34.9866    27.2633    1485.15    1490.19 0.0000e+00
       4410    192.000     7.8923     7.8919   3.616610   3.618541     1.9482      87.20     0.0273 5.1280e-02 -9.990e-29    183.725 290.117138    5.12763    34.9668    34.9880    27.2642    1485.18    1490.16 0.0000e+00
       4431    193.000     7.8918     7.8914   3.616907   3.618842     1.9492      52.17     0.0269 5.1260e-02 -9.990e-29    184.601 290.117148    5.12405    34.9700    34.9912    27.2668    1485.19    1490.13 0.0000e+00
       4453    194.000     7.8931     7.8929   3.617508   3.619476     1.9506      68.47     0.0219 5.1287e-02 -9.990e-29    185.498 290.117159    5.12993    34.9747    34.9961    27.2703    1485.22    1490.11 0.0000e+00
       4474    195.000     7.9002     7.8995   3.618714   3.620626     1.9507      70.15     0.0193 5.1273e-02 -9.990e-29    186.386 290.117169    5.11509    34.9801    35.0014    27.2735    1485.27    1490.08 0.0000e+00
       4496    196.000     7.9023     7.9020   3.619287   3.621236     1.9504      46.39     0.0217 5.1286e-02 1.9438e+00    187.275 290.117179    5.12612    34.9837    35.0050    27.2760    1485.30    1490.06 0.0000e+00
       4517    197.000     7.9044     7.9041   3.619764   3.621718     1.9517      89.28     0.0243 5.1266e-02 1.9438e+00    188.171 290.117189    5.12794    34.9862    35.0076    27.2777    1485.33    1490.04 0.0000e+00
       4538    198.000     7.9051     7.9050   3.619983   3.621950     1.9515      22.56     0.0252 5.1287e-02 1.9438e+00    189.046 290.117200    5.13580    34.9874    35.0087    27.2785    1485.35    1490.01 0.0000e+00
       4559    199.000     7.9009     7.9003   3.619663   3.621590     1.9541      97.93     0.0245 5.1273e-02 1.9438e+00    189.935 290.117210    5.14665    34.9877    35.0090    27.2793    1485.35    1489.99 0.0000e+00
       4581    200.000     7.9167     7.9163   3.621804   3.623726     1.9538      35.06     0.0246 5.1287e-02 1.9438e+00    190.829 290.117220    5.13326    34.9944    35.0155    27.2823    1485.43    1489.97 0.0000e+00
       4602    201.000     7.9161     7.9156   3.621960   3.623869     1.9547      86.25     0.0251 5.1273e-02 1.9438e+00    191.707 290.117230    5.13800    34.9962    35.0172    27.2838    1485.45    1489.94 0.0000e+00
       4624    202.000     7.9066     7.9062   3.621343   3.623271     1.9540      50.35     0.0258 5.1286e-02 -9.990e-29    192.612 290.117241    5.13210    34.9986    35.0197    27.2871    1485.43    1489.92 0.0000e+00
       4645    203.000     7.9008     7.9002   3.620922   3.622825     1.9545      58.78     0.0246 5.1299e-02 -9.990e-29    193.514 290.117251    5.13982    34.9994    35.0205    27.2886    1485.43    1489.90 0.0000e+00
       4667    204.000     7.8898     7.8892   3.620014   3.621915     1.9545      55.22     0.0210 5.1294e-02 -9.990e-29    194.406 290.117262    5.14780    35.0001    35.0212    27.2908    1485.41    1489.88 0.0000e+00
       4689    205.000     7.8845     7.8840   3.619748   3.621655     1.9555      75.86     0.0215 5.1273e-02 -9.990e-29    195.318 290.117272    5.14723    35.0021    35.0231    27.2931    1485.40    1489.85 0.0000e+00
       4710    206.000     7.8810     7.8806   3.619644   3.621556     1.9559      59.79     0.0231 5.1273e-02 1.9438e+00    196.216 290.117283    5.15664    35.0040    35.0250    27.2951    1485.41    1489.83 0.0000e+00
       4732    207.000     7.8732     7.8727   3.619234   3.621133     1.9570      34.11     0.0245 5.1286e-02 1.9438e+00    197.112 290.117293    5.16727    35.0069    35.0278    27.2986    1485.40    1489.81 0.0000e+00
       4753    208.000     7.8699     7.8695   3.619261   3.621163     1.9587      99.90     0.0247 5.1273e-02 1.9438e+00    198.016 290.117303    5.16783    35.0100    35.0309    27.3015    1485.41    1489.79 0.0000e+00
       4775    209.000     7.8699     7.8692   3.619408   3.621296     1.9588      39.83     0.0234 5.1286e-02 1.9438e+00    198.904 290.117314    5.16637    35.0111    35.0321    27.3024    1485.43    1489.77 0.0000e+00
       4797    210.000     7.8661     7.8659   3.619214   3.621151     1.9597      46.18     0.0236 5.1299e-02 1.9438e+00    199.814 290.117324    5.17285    35.0123    35.0334    27.3039    1485.43    1489.75 0.0000e+00
       4818    211.000     7.8718     7.8715   3.620159   3.622078     1.9607      85.45     0.0249 5.1280e-02 -9.990e-29    200.716 290.117335    5.17597    35.0163    35.0373    27.3062    1485.47    1489.73 0.0000e+00
       4840    212.000     7.8681     7.8677   3.620079   3.621983     1.9607      58.01     0.0242 5.1273e-02 -9.990e-29    201.616 290.117345    5.17239    35.0187    35.0396    27.3086    1485.48    1489.71 0.0000e+00
       4862    213.000     7.8633     7.8628   3.619997   3.621896     1.9618      59.32     0.0220 5.1307e-02 -9.990e-29    202.539 290.117356    5.18631    35.0221    35.0431    27.3120    1485.48    1489.69 0.0000e+00
       4884    214.000     7.8597     7.8594   3.620168   3.622077     1.9633      55.99     0.0209 5.1286e-02 -9.990e-29    203.438 290.117366    5.20258    35.0271    35.0479    27.3164    1485.49    1489.67 0.0000e+00
       4906    215.000     7.8597     7.8596   3.620413   3.622344     1.9656      77.37     0.0213 5.1260e-02 -9.990e-29    204.362 290.117377    5.20766    35.0292    35.0501    27.3181    1485.51    1489.65 0.0000e+00
       4928    216.000     7.8613     7.8609   3.620776   3.622686     1.9675      68.93     0.0225 5.1273e-02 -9.990e-29    205.281 290.117388    5.22079    35.0310    35.0520    27.3193    1485.53    1489.63 0.0000e+00
       4950    217.000     7.8611     7.8607   3.620890   3.622799     1.9702      98.05     0.0239 5.1261e-02 -9.990e-29    206.196 290.117398    5.23373    35.0320    35.0529    27.3201    1485.55    1489.61 0.0000e+00
       4972    218.000     7.8523     7.8517   3.620200   3.622088     1.9732      92.60     0.0229 5.1253e-02 -9.990e-29    207.143 290.117409    5.24266    35.0329    35.0538    27.3221    1485.53    1489.59 0.0000e+00
       4994    219.000     7.8459     7.8457   3.619724   3.621643     1.9751      53.11     0.0204 5.1273e-02 1.9438e+00    208.055 290.117420    5.25488    35.0337    35.0546    27.3237    1485.53    1489.57 0.0000e+00
