testdata/CTD/sta0413.cnv
* Sea-Bird SBE 9 Data File:
* FileName = C:\Seabird\CTDData\sta0413.hex
* Software Version Seasave V 7.21f
* Temperature SN = 4557
* Conductivity SN = 1337
* Number of Bytes Per Scan = 40
* Number of Voltage Words = 5
* Number of Scans Averaged by the Deck Unit = 1
* NMEA Latitude = 60 52.29 N
* NMEA Longitude = 005 24.72 E
* NMEA UTC (Time) = Oct 15 2018 12:06:07
* NMEA baud rate = 4800
** Ship: 10 F/F "G. O. Sars"
** Station: 0413
** Echodepth: 479
** Log: 5390.009
** Wind-Dir Force: 24 02
** Air-temp (dry): 7.9
** Weather Sky: 0 0
** Sea Ice: 0 0
# nquan = 20                                
# nvalues = 470                         
# units = specified
# name 0 = scan: Scan Count
# name 1 = prDM: Pressure, Digiquartz [db]
# name 2 = t068C: Temperature [ITS-68, deg C]
# name 3 = t168C: Temperature, 2 [ITS-68, deg C]
# name 4 = c0S/m: Conductivity [S/m]
# name 5 = c1S/m: Conductivity, 2 [S/m]
# name 6 = sbeox0V: Oxygen raw, SBE 43 [V]
# name 7 = altM: Altimeter [m]
# name 8 = flC: Fluorescence, Chelsea Aqua 3 Chl Con [ug/l]
# name 9 = par: PAR/Irradiance, Biospherical/Licor
# name 10 = spar: SPAR/Surface Irradiance
# name 11 = timeS: Time, Elapsed [seconds]
# name 12 = timeJ: Julian Days
# name 13 = sbeox0ML/L: Oxygen, SBE 43 [ml/l], WS = 2
# name 14 = sal00: Salinity, Practical [PSU]
# name 15 = sal11: Salinity, Practical, 2 [PSU]
# name 16 = sigma-t00: Density [sigma-t, Kg/m^3 ]
# name 17 = svCM: Sound Velocity [Chen-Millero, m/s]
# name 18 = avgsvCM: Average Sound Velocity [Chen-Millero, m/s], minP = 1, minS = 5
# name 19 = flag: flag
# span 0 =        378,      10481       
# span 1 =      3.000,    472.000       
# span 2 =     8.0879,    15.7463       
# span 3 =     8.0875,    15.7434       
# span 4 =   3.404521,   3.990286       
# span 5 =   3.459399,   3.993314       
# span 6 =     0.8752,     2.1549       
# span 7 =      11.10,      99.51       
# span 8 =     0.0214,     0.1342       
# span 9 = 5.1232e-02, 9.0815e+01       
# span 10 = 3.0323e+02, 7.1337e+02      
# span 11 =     15.725,    436.670      
# span 12 = 288.504464, 288.509336      
# span 13 =    1.30236,    5.40195      
# span 14 =    27.5098,    35.0231      
# span 15 =    27.9915,    35.0472      
# span 16 =    20.3399,    27.2610      
# span 17 =    1485.02,    1505.31      
# span 18 =    1488.98,    1502.16      
# span 19 = 0.0000e+00, 0.0000e+00      
# interval = decibars: 1                
# start_time = Oct 15 2018 12:06:10 [System UTC, header]
# bad_flag = -9.990e-29
*END*
        378      3.000    14.3437    14.3575   3.404521   3.459399     2.1436      98.79     0.1342 9.0815e+01 5.2900e+02     15.725 288.504464    5.13863    27.5098    27.9915    20.3399    1495.87    1495.87 0.0000e+00
        418      4.000    14.8016    14.7530   3.636364   3.626079     2.1451      98.82     0.1342 4.7210e+01 5.2452e+02     17.386 288.504484    5.04956    29.2480    29.1925    21.5845    1499.40    1496.75 0.0000e+00
        443      5.000    15.2296    15.2147   3.762864   3.761984     2.1463      98.83     0.1214 3.1292e+01 5.3015e+02     18.415 288.504496    4.99776    30.0497    30.0533    22.1113    1501.72    1497.74 0.0000e+00
        464      6.000    15.4387    15.4339   3.835954   3.837738     2.1515      98.83     0.1044 2.3439e+01 5.4148e+02     19.278 288.504506    4.98706    30.5364    30.5559    22.4406    1502.97    1498.61 0.0000e+00
        485      7.000    15.5604    15.5618   3.878825   3.881138     2.1549      98.83     0.0908 1.8594e+01 5.5632e+02     20.157 288.504516    4.95741    30.8207    30.8401    22.6328    1503.70    1499.33 0.0000e+00
        506      8.000    15.6596    15.6634   3.928630   3.932498     2.1539      98.84     0.0749 1.4331e+01 5.7427e+02     21.053 288.504526    4.91844    31.1828    31.2140    22.8895    1504.44    1499.97 0.0000e+00
        528      9.000    15.7118    15.7133   3.964544   3.965969     2.1518      98.85     0.0664 1.1370e+01 5.8988e+02     21.946 288.504536    4.89573    31.4585    31.4699    23.0899    1504.94    1500.52 0.0000e+00
        549     10.000    15.7370    15.7393   3.975247   3.979107     2.1494      98.85     0.0623 9.3319e+00 6.0631e+02     22.836 288.504547    4.87731    31.5327    31.5650    23.1414    1505.12    1500.98 0.0000e+00
        571     11.000    15.7463    15.7434   3.990286   3.993314     2.1443      86.26     0.0541 7.8155e+00 6.1904e+02     23.731 288.504557    4.84948    31.6578    31.6869    23.2355    1505.31    1501.37 0.0000e+00
        592     12.000    15.5918    15.5753   3.986130   3.987617     2.1401      73.01     0.0512 6.4251e+00 6.2760e+02     24.620 288.504567    4.86524    31.7447    31.7712    23.3362    1504.95    1501.67 0.0000e+00
        613     13.000    15.2756    15.2604   3.975123   3.977121     2.1386      98.71     0.0497 5.4499e+00 6.2905e+02     25.518 288.504578    4.87463    31.9020    31.9322    23.5262    1504.15    1501.86 0.0000e+00
        635     14.000    15.1159    15.1110   3.970527   3.972627     2.1313      98.27     0.0463 4.5666e+00 6.2241e+02     26.416 288.504588    4.85107    31.9906    32.0134    23.6288    1503.76    1502.00 0.0000e+00
        657     15.000    14.9413    14.9348   3.960782   3.963033     2.1249      98.14     0.0452 3.8321e+00 6.1017e+02     27.319 288.504599    4.87474    32.0455    32.0711    23.7086    1503.28    1502.08 0.0000e+00
        678     16.000    14.7927    14.7871   3.954692   3.956652     2.1262      97.83     0.0439 3.1974e+00 5.9493e+02     28.220 288.504609    4.91436    32.1123    32.1347    23.7917    1502.90    1502.13 0.0000e+00
        700     17.000    14.6376    14.6362   3.946199   3.948596     2.1275      97.20     0.0386 2.6885e+00 5.7682e+02     29.113 288.504619    4.94334    32.1630    32.1860    23.8637    1502.48    1502.15 0.0000e+00
        722     18.000    14.5299    14.5285   3.941729   3.943834     2.1326      74.86     0.0369 2.2842e+00 5.5591e+02     30.024 288.504630    4.98392    32.2113    32.2316    23.9235    1502.21    1502.16 0.0000e+00
        743     19.000    14.4638    14.4639   3.937735   3.939930     2.1383      91.44     0.0363 1.9464e+00 5.3693e+02     30.926 288.504640    5.00121    32.2294    32.2494    23.9514    1502.03    1502.15 0.0000e+00
        765     20.000    14.2989    14.3004   3.928350   3.930552     2.1412      98.87     0.0370 1.7129e+00 5.2404e+02     31.822 288.504651    5.01606    32.2807    32.2996    24.0254    1501.58    1502.12 0.0000e+00
        786     21.000    14.1234    14.1229   3.922912   3.924861     2.1438      98.76     0.0377 1.5195e+00 5.2289e+02     32.721 288.504661    5.02820    32.3773    32.3957    24.1363    1501.13    1502.07 0.0000e+00
        808     22.000    13.8813    13.8792   3.905325   3.907181     2.1425      98.47     0.0393 1.3768e+00 5.2642e+02     33.617 288.504672    5.02907    32.4185    32.4375    24.2179    1500.41    1502.00 0.0000e+00
        829     23.000    13.7740    13.7734   3.900342   3.902377     2.1390      97.49     0.0405 1.2382e+00 5.3074e+02     34.520 288.504682    5.02164    32.4627    32.4821    24.2739    1500.12    1501.92 0.0000e+00
        851     24.000    13.6524    13.6518   3.891618   3.893686     2.1355      97.86     0.0388 1.0977e+00 5.3261e+02     35.424 288.504692    5.02397    32.4844    32.5041    24.3153    1499.77    1501.83 0.0000e+00
        873     25.000    13.6407    13.6407   3.896042   3.898370     2.1322      63.28     0.0397 9.5924e-01 5.2889e+02     36.313 288.504703    5.02754    32.5351    32.5567    24.3569    1499.80    1501.75 0.0000e+00
        894     26.000    13.6425    13.6428   3.901033   3.903393     2.1331      97.63     0.0424 8.4955e-01 5.1940e+02     37.215 288.504713    5.04756    32.5796    32.6013    24.3909    1499.88    1501.67 0.0000e+00
        916     27.000    13.6683    13.6685   3.908913   3.911255     2.1351      91.45     0.0453 7.3533e-01 5.0571e+02     38.122 288.504724    5.05349    32.6305    32.6521    24.4250    1500.04    1501.61 0.0000e+00
        937     28.000    13.6099    13.6113   3.906299   3.908620     2.1373      91.00     0.0438 6.3025e-01 4.8914e+02     39.018 288.504734    5.06794    32.6556    32.6760    24.4563    1499.89    1501.55 0.0000e+00
        959     29.000    13.5024    13.5017   3.897120   3.899291     2.1397      95.84     0.0439 5.5084e-01 4.6873e+02     39.925 288.504744    5.08721    32.6615    32.6823    24.4825    1499.56    1501.48 0.0000e+00
        981     30.000    13.4130    13.4113   3.889596   3.891626     2.1417      98.61     0.0447 4.7767e-01 4.4837e+02     40.821 288.504755    5.09022    32.6672    32.6877    24.5049    1499.29    1501.41 0.0000e+00
       1002     31.000    13.3588    13.3558   3.885194   3.887192     2.1399      90.05     0.0481 4.1822e-01 4.3546e+02     41.722 288.504765    5.07731    32.6721    32.6934    24.5195    1499.13    1501.34 0.0000e+00
       1024     32.000    13.2986    13.2982   3.883003   3.885244     2.1386      78.66     0.0501 3.6316e-01 4.2494e+02     42.633 288.504776    5.08657    32.7028    32.7242    24.5553    1498.99    1501.26 0.0000e+00
       1046     33.000    13.2476    13.2471   3.880257   3.882492     2.1377      98.72     0.0504 3.3165e-01 4.1904e+02     43.525 288.504786    5.08650    32.7205    32.7419    24.5791    1498.85    1501.19 0.0000e+00
       1067     34.000    13.2477    13.2475   3.883858   3.886186     2.1366      98.63     0.0519 2.9951e-01 4.1871e+02     44.433 288.504797    5.08832    32.7538    32.7759    24.6049    1498.91    1501.12 0.0000e+00
       1089     35.000    13.2572    13.2576   3.887222   3.889591     2.1370      98.64     0.0521 2.7228e-01 4.2107e+02     45.335 288.504807    5.09809    32.7768    32.7988    24.6208    1498.98    1501.06 0.0000e+00
       1110     36.000    13.2536    13.2535   3.889534   3.891873     2.1388      98.64     0.0488 2.4819e-01 4.2569e+02     46.228 288.504817    5.10529    32.8013    32.8233    24.6404    1499.02    1501.01 0.0000e+00
       1132     37.000    13.2239    13.2233   3.888213   3.890505     2.1396      98.64     0.0465 2.2261e-01 4.3107e+02     47.128 288.504828    5.10992    32.8141    32.8361    24.6562    1498.95    1500.95 0.0000e+00
       1154     38.000    13.1956    13.1955   3.887088   3.889414     2.1411      77.80     0.0460 2.0080e-01 4.3641e+02     48.027 288.504838    5.11925    32.8275    32.8495    24.6722    1498.89    1500.90 0.0000e+00
       1175     39.000    13.1269    13.1264   3.883033   3.885342     2.1423      91.96     0.0487 1.8785e-01 4.4269e+02     48.926 288.504849    5.12392    32.8483    32.8705    24.7020    1498.70    1500.84 0.0000e+00
       1197     40.000    13.1177    13.1174   3.884448   3.886794     2.1415      98.60     0.0492 1.7203e-01 4.4958e+02     49.827 288.504859    5.10894    32.8692    32.8916    24.7200    1498.71    1500.79 0.0000e+00
       1218     41.000    13.1369    13.1370   3.889602   3.892012     2.1392      98.66     0.0468 1.6155e-01 4.5869e+02     50.722 288.504869    5.10229    32.9008    32.9234    24.7406    1498.83    1500.74 0.0000e+00
       1240     42.000    13.0952    13.0949   3.887114   3.889438     2.1390      98.66     0.0450 1.4956e-01 4.7094e+02     51.612 288.504880    5.11424    32.9130    32.9352    24.7583    1498.72    1500.69 0.0000e+00
       1261     43.000    13.0569    13.0563   3.886032   3.888312     2.1388      98.67     0.0456 1.4029e-01 4.8910e+02     52.515 288.504890    5.11099    32.9357    32.9577    24.7834    1498.64    1500.64 0.0000e+00
       1283     44.000    13.0119    13.0117   3.884355   3.886722     2.1371      98.68     0.0454 1.3198e-01 5.0560e+02     53.417 288.504901    5.10551    32.9585    32.9811    24.8100    1498.53    1500.59 0.0000e+00
       1305     45.000    12.9779    12.9771   3.882992   3.885295     2.1351      98.68     0.0442 1.2373e-01 5.2048e+02     54.319 288.504911    5.10382    32.9748    32.9973    24.8293    1498.45    1500.55 0.0000e+00
       1326     46.000    12.9406    12.9407   3.881767   3.884203     2.1337      98.68     0.0457 1.1498e-01 5.3561e+02     55.224 288.504922    5.10318    32.9953    33.0183    24.8525    1498.37    1500.50 0.0000e+00
       1348     47.000    12.9407    12.9407   3.883977   3.886389     2.1320      98.67     0.0442 1.0535e-01 5.4621e+02     56.119 288.504932    5.10388    33.0157    33.0386    24.8683    1498.41    1500.45 0.0000e+00
       1369     48.000    12.8907    12.8903   3.881033   3.883372     2.1319      98.66     0.0447 9.6343e-02 5.4990e+02     57.019 288.504942    5.11427    33.0311    33.0536    24.8900    1498.28    1500.41 0.0000e+00
       1391     49.000    12.8281    12.8265   3.878456   3.880772     2.1319      98.08     0.0450 8.9905e-02 5.4972e+02     57.914 288.504953    5.11832    33.0609    33.0843    24.9253    1498.12    1500.36 0.0000e+00
       1412     50.000    12.7588    12.7578   3.875957   3.878262     2.1309      97.61     0.0463 8.0643e-02 5.4816e+02     58.809 288.504963    5.11560    33.0974    33.1203    24.9672    1497.94    1500.31 0.0000e+00
       1434     51.000    12.7013    12.7004   3.873745   3.876047     2.1296      98.48     0.0439 7.6332e-02 5.5084e+02     59.711 288.504974    5.12880    33.1264    33.1492    25.0008    1497.80    1500.26 0.0000e+00
       1456     52.000    12.6493    12.6482   3.871995   3.874251     2.1312      98.07     0.0435 6.6334e-02 5.5805e+02     60.605 288.504984    5.14625    33.1550    33.1775    25.0331    1497.68    1500.21 0.0000e+00
       1477     53.000    12.5712    12.5700   3.867689   3.869943     2.1319      98.43     0.0432 6.0362e-02 5.6305e+02     61.501 288.504994    5.14967    33.1823    33.2049    25.0693    1497.46    1500.16 0.0000e+00
       1499     54.000    12.4761    12.4744   3.862174   3.864410     2.1318      98.74     0.0426 5.3361e-02 5.6565e+02     62.400 288.505005    5.15612    33.2130    33.2360    25.1115    1497.19    1500.11 0.0000e+00
       1520     55.000    12.3622    12.3607   3.857177   3.859403     2.1311      98.75     0.0413 5.1310e-02 5.6654e+02     63.296 288.505015    5.15448    33.2655    33.2882    25.1740    1496.89    1500.05 0.0000e+00
       1542     56.000    12.2887    12.2874   3.855312   3.857565     2.1282      98.74     0.0428 5.1273e-02 5.7097e+02     64.200 288.505025    5.14454    33.3124    33.3352    25.2244    1496.71    1499.99 0.0000e+00
       1563     57.000    12.1779    12.1756   3.849174   3.851313     2.1253      98.28     0.0439 5.1273e-02 5.7898e+02     65.098 288.505036    5.14947    33.3514    33.3741    25.2758    1496.39    1499.93 0.0000e+00
       1585     58.000    12.0245    12.0222   3.836137   3.838099     2.1228      98.52     0.0423 5.1273e-02 5.8845e+02     65.997 288.505046    5.15563    33.3619    33.3829    25.3129    1495.90    1499.86 0.0000e+00
       1607     59.000    11.8592    11.8578   3.820683   3.822773     2.1193      98.75     0.0447 5.1273e-02 5.9502e+02     66.899 288.505057    5.16157    33.3594    33.3810    25.3419    1495.34    1499.78 0.0000e+00
       1628     60.000    11.7134    11.7141   3.811291   3.813676     2.1162      98.75     0.0432 5.1273e-02 5.9996e+02     67.793 288.505067    5.18245    33.3983    33.4210    25.3993    1494.91    1499.70 0.0000e+00
       1649     61.000    11.5684    11.5662   3.804251   3.806322     2.1171      98.75     0.0394 5.1273e-02 6.0490e+02     68.687 288.505077    5.23928    33.4597    33.4820    25.4738    1494.49    1499.61 0.0000e+00
       1671     62.000    11.4535    11.4517   3.796997   3.799087     2.1243      98.75     0.0400 5.1266e-02 6.1006e+02     69.588 288.505088    5.30901    33.4920    33.5142    25.5199    1494.15    1499.52 0.0000e+00
       1692     63.000    11.3458    11.3420   3.791393   3.793385     2.1333      98.75     0.0374 5.1266e-02 6.1238e+02     70.479 288.505098    5.34990    33.5342    33.5572    25.5723    1493.84    1499.43 0.0000e+00
       1714     64.000    11.1875    11.1853   3.781369   3.783420     2.1413      98.75     0.0366 5.1273e-02 -9.990e-29     71.380 288.505109    5.38652    33.5788    33.6011    25.6357    1493.36    1499.34 0.0000e+00
       1736     65.000    11.0620    11.0603   3.774838   3.776914     2.1475      98.75     0.0396 5.1273e-02 -9.990e-29     72.287 288.505119    5.39307    33.6283    33.6505    25.6968    1493.00    1499.24 0.0000e+00
       1758     66.000    10.9533    10.9523   3.769602   3.771671     2.1483      98.75     0.0370 5.1273e-02 -9.990e-29     73.191 288.505130    5.37568    33.6755    33.6970    25.7529    1492.69    1499.14 0.0000e+00
       1779     67.000    10.6571    10.6532   3.749590   3.751443     2.1465      98.75     0.0371 5.1273e-02 -9.990e-29     74.089 288.505140    5.39634    33.7480    33.7702    25.8618    1491.75    1499.03 0.0000e+00
       1801     68.000    10.4010    10.3964   3.738361   3.740224     2.1446      98.75     0.0385 5.1280e-02 6.1584e+02     74.984 288.505150    5.40195    33.8722    33.8953    26.0032    1491.00    1498.91 0.0000e+00
       1822     69.000    10.2244    10.2217   3.730140   3.732035     2.1395      98.75     0.0407 5.1267e-02 6.1123e+02     75.880 288.505161    5.39087    33.9535    33.9753    26.0970    1490.49    1498.79 0.0000e+00
       1844     70.000     9.9673     9.9610   3.716225   3.717875     2.1339      98.75     0.0409 5.1273e-02 6.0248e+02     76.783 288.505171    5.38940    34.0531    34.0759    26.2185    1489.70    1498.66 0.0000e+00
       1865     71.000     9.8064     9.8042   3.707713   3.709592     2.1258      98.75     0.0375 5.1280e-02 5.9322e+02     77.673 288.505181    5.33933    34.1177    34.1390    26.2960    1489.22    1498.52 0.0000e+00
       1887     72.000     9.6572     9.6538   3.698389   3.700227     2.1110      98.75     0.0380 5.1266e-02 5.8416e+02     78.569 288.505192    5.27018    34.1631    34.1852    26.3563    1488.75    1498.39 0.0000e+00
       1908     73.000     9.5532     9.5502   3.694606   3.696533     2.0939      98.75     0.0414 5.1273e-02 5.7945e+02     79.475 288.505202    5.20639    34.2227    34.2454    26.4201    1488.46    1498.25 0.0000e+00
       1930     74.000     9.4304     9.4278   3.688126   3.690083     2.0755      98.75     0.0402 5.1273e-02 5.8090e+02     80.366 288.505213    5.15292    34.2726    34.2954    26.4793    1488.09    1498.11 0.0000e+00
