testdata/CTD/sta0409.cnv
* Sea-Bird SBE 9 Data File:
* FileName = C:\Seabird\CTDData\sta0409.hex
* Software Version Seasave V 7.21f
* Temperature SN = 4557
* Conductivity SN = 1337
* Number of Bytes Per Scan = 40
* Number of Voltage Words = 5
* Number of Scans Averaged by the Deck Unit = 1
* NMEA Latitude = 60 51.17 N
* NMEA Longitude = 005 21.09 E
* NMEA UTC (Time) = Oct 14 2018 08:07:57
* NMEA baud rate = 4800
** Ship: 10 F/F "G. O. Sars"
** Station: 0409
** Echodepth: 423
** Log: 5341.77
** Wind-Dir Force: 19 17
** Air-temp (dry): 17.5
** Weather Sky: 2 8
** Sea Ice: 3 0
# nquan = 20                                
# nvalues = 417                         
# units = specified
# name 0 = scan: Scan Count
# name 1 = prDM: Pressure, Digiquartz [db]
# name 2 = t068C: Temperature [ITS-68, deg C]
# name 3 = t168C: Temperature, 2 [ITS-68, deg C]
# name 4 = c0S/m: Conductivity [S/m]
# name 5 = c1S/m: Conductivity, 2 [S/m]
# name 6 = sbeox0V: Oxygen raw, SBE 43 [V]
# name 7 = altM: Altimeter [m]
# name 8 = flC: Fluorescence, Chelsea Aqua 3 Chl Con [ug/l]
# name 9 = par: PAR/Irradiance, Biospherical/Licor
# name 10 = spar: SPAR/Surface Irradiance
# name 11 = timeS: Time, Elapsed [seconds]
# name 12 = timeJ: Julian Days
# name 13 = sbeox0ML/L: Oxygen, SBE 43 [ml/l], WS = 2
# name 14 = sal00: Salinity, Practical [PSU]
# name 15 = sal11: Salinity, Practical, 2 [PSU]
# name 16 = sigma-t00: Density [sigma-t, Kg/m^3 ]
# name 17 = svCM: Sound Velocity [Chen-Millero, m/s]
# name 18 = avgsvCM: Average Sound Velocity [Chen-Millero, m/s], minP = 1, minS = 5
# name 19 = flag: flag
# span 0 =        526,       9448       
# span 1 =      4.000,    420.000       
# span 2 =     8.0826,    15.3814       
# span 3 =     8.0821,    15.3758       
# span 4 =   1.620000,   3.934238       
# span 5 =   1.629031,   3.936939       
# span 6 =     0.9852,     2.3329       
# span 7 =      10.80,     108.33       
# span 8 =     0.0225,     0.2411       
# span 9 = 5.1239e-02, 3.6685e+00       
# span 10 = 3.4335e+01, 6.6337e+01      
# span 11 =     21.891,    393.604      
# span 12 = 287.339131, 287.343433      
# span 13 =    1.68104,    6.43646      
# span 14 =    12.9096,    35.0151      
# span 15 =    12.9952,    35.0379      
# span 16 =     9.4725,    27.2577      
# span 17 =    1471.19,    1503.87      
# span 18 =    1471.19,    1497.32      
# span 19 = 0.0000e+00, 0.0000e+00      
# interval = decibars: 1                
# start_time = Oct 14 2018 08:07:59 [System UTC, header]
# bad_flag = -9.990e-29
*END*
[from data line 218]
       5203    222.000     8.0969     8.0966   3.636041   3.638117     1.6947      98.16     0.0292 5.1273e-02 4.8595e+01    216.746 287.341386    4.20341    34.9567    34.9792    27.2256    1486.43    1488.98 0.0000e+00
       5225    223.000     8.0969     8.0964   3.636083   3.638160     1.6951      98.19     0.0285 5.1260e-02 4.8595e+01    217.648 287.341396    4.20766    34.9566    34.9794    27.2255    1486.45    1488.97 0.0000e+00
       5247    224.000     8.0968     8.0964   3.636120   3.638203     1.6960      98.14     0.0272 5.1273e-02 4.8207e+01    218.570 287.341407    4.20818    34.9567    34.9794    27.2256    1486.46    1488.96 0.0000e+00
       5268    225.000     8.0966     8.0963   3.636158   3.638247     1.6960      98.12     0.0273 5.1273e-02 4.6701e+01    219.468 287.341417    4.20892    34.9568    34.9795    27.2257    1486.48    1488.94 0.0000e+00
       5290    226.000     8.0963     8.0958   3.636167   3.638246     1.6968      98.14     0.0276 5.1273e-02 4.6651e+01    220.387 287.341428    4.21524    34.9567    34.9795    27.2257    1486.49    1488.93 0.0000e+00
       5312    227.000     8.0957     8.0952   3.636144   3.638216     1.6972      98.52     0.0266 5.1273e-02 4.3986e+01    221.306 287.341439    4.21258    34.9566    34.9793    27.2256    1486.51    1488.92 0.0000e+00
       5334    228.000     8.0944     8.0940   3.636081   3.638158     1.6975      98.73     0.0294 5.1273e-02 4.6590e+01    222.209 287.341449    4.21544    34.9567    34.9793    27.2259    1486.52    1488.91 0.0000e+00
       5356    229.000     8.0938     8.0933   3.636068   3.638147     1.6977      98.75     0.0294 5.1267e-02 4.6651e+01    223.129 287.341460    4.21441    34.9567    34.9794    27.2260    1486.53    1488.90 0.0000e+00
       5378    230.000     8.0928     8.0923   3.636021   3.638091     1.6977      98.77     0.0271 5.1273e-02 4.6561e+01    224.042 287.341470    4.21850    34.9567    34.9794    27.2262    1486.55    1488.89 0.0000e+00
       5400    231.000     8.0919     8.0915   3.635984   3.638066     1.6988      98.78     0.0258 5.1267e-02 4.4921e+01    224.961 287.341481    4.23290    34.9567    34.9794    27.2263    1486.56    1488.88 0.0000e+00
       5422    232.000     8.0915     8.0911   3.636000   3.638088     1.7007      98.78     0.0263 5.1260e-02 4.4710e+01    225.881 287.341492    4.24788    34.9568    34.9796    27.2265    1486.57    1488.87 0.0000e+00
       5444    233.000     8.0916     8.0911   3.636047   3.638132     1.7032      98.78     0.0318 5.1273e-02 4.4707e+01    226.784 287.341502    4.26014    34.9567    34.9795    27.2264    1486.59    1488.86 0.0000e+00
       5466    234.000     8.0916     8.0911   3.636095   3.638178     1.7057      98.78     0.0349 5.1273e-02 4.4707e+01    227.701 287.341513    4.26880    34.9568    34.9796    27.2264    1486.61    1488.85 0.0000e+00
       5488    235.000     8.0914     8.0910   3.636131   3.638217     1.7080      98.78     0.0331 5.1273e-02 4.4707e+01    228.607 287.341523    4.27291    34.9569    34.9796    27.2265    1486.62    1488.84 0.0000e+00
       5509    236.000     8.0906     8.0902   3.636097   3.638189     1.7095      98.78     0.0322 5.1260e-02 4.3929e+01    229.501 287.341534    4.27137    34.9568    34.9796    27.2266    1486.64    1488.83 0.0000e+00
       5531    237.000     8.0905     8.0900   3.636145   3.638214     1.7105      98.78     0.0313 5.1273e-02 4.2766e+01    230.415 287.341544    4.27151    34.9569    34.9796    27.2267    1486.65    1488.82 0.0000e+00
       5552    238.000     8.0903     8.0898   3.636172   3.638243     1.7110      98.78     0.0311 5.1273e-02 4.2763e+01    231.311 287.341554    4.27374    34.9569    34.9796    27.2268    1486.67    1488.81 0.0000e+00
       5574    239.000     8.0898     8.0894   3.636169   3.638248     1.7120      98.78     0.0284 5.1273e-02 3.9697e+01    232.211 287.341565    4.27811    34.9569    34.9796    27.2268    1486.68    1488.81 0.0000e+00
       5596    240.000     8.0895     8.0890   3.636190   3.638259     1.7126      98.78     0.0301 5.1273e-02 4.2050e+01    233.122 287.341575    4.27486    34.9570    34.9796    27.2269    1486.70    1488.80 0.0000e+00
       5617    241.000     8.0895     8.0890   3.636227   3.638310     1.7124      98.78     0.0288 5.1273e-02 4.2758e+01    234.014 287.341586    4.27386    34.9569    34.9797    27.2268    1486.71    1488.79 0.0000e+00
       5639    242.000     8.0894     8.0889   3.636261   3.638344     1.7127      98.78     0.0249 5.1273e-02 4.2116e+01    234.913 287.341596    4.27820    34.9569    34.9797    27.2268    1486.73    1488.78 0.0000e+00
       5660    243.000     8.0887     8.0884   3.636251   3.638333     1.7131      98.78     0.0255 5.1280e-02 4.0799e+01    235.806 287.341606    4.28438    34.9570    34.9796    27.2270    1486.74    1488.77 0.0000e+00
       5682    244.000     8.0872     8.0868   3.636159   3.638230     1.7142      98.78     0.0281 5.1273e-02 4.0819e+01    236.698 287.341617    4.28771    34.9570    34.9796    27.2273    1486.75    1488.76 0.0000e+00
       5703    245.000     8.0869     8.0865   3.636185   3.638261     1.7144      98.78     0.0276 5.1273e-02 4.0819e+01    237.594 287.341627    4.28399    34.9571    34.9797    27.2274    1486.77    1488.76 0.0000e+00
       5725    246.000     8.0869     8.0865   3.636234   3.638305     1.7145      98.78     0.0301 5.1273e-02 4.0819e+01    238.486 287.341638    4.29061    34.9571    34.9797    27.2274    1486.79    1488.75 0.0000e+00
       5746    247.000     8.0863     8.0860   3.636233   3.638296     1.7158      98.78     0.0308 5.1273e-02 4.0819e+01    239.380 287.341648    4.30188    34.9572    34.9796    27.2276    1486.80    1488.74 0.0000e+00
       5768    248.000     8.0857     8.0853   3.636217   3.638291     1.7170      98.78     0.0272 5.1273e-02 4.0819e+01    240.280 287.341658    4.30601    34.9572    34.9798    27.2276    1486.82    1488.73 0.0000e+00
       5789    249.000     8.0856     8.0852   3.636250   3.638333     1.7184      98.77     0.0266 5.1273e-02 4.0819e+01    241.175 287.341669    4.31109    34.9572    34.9799    27.2276    1486.83    1488.72 0.0000e+00
       5811    250.000     8.0854     8.0850   3.636294   3.638371     1.7192      98.73     0.0287 5.1266e-02 3.8109e+01    242.072 287.341679    4.30708    34.9574    34.9800    27.2278    1486.85    1488.72 0.0000e+00
       5832    251.000     8.0854     8.0849   3.636339   3.638417     1.7193      98.69     0.0291 5.1273e-02 3.8777e+01    242.969 287.341689    4.30309    34.9574    34.9801    27.2278    1486.86    1488.71 0.0000e+00
       5854    252.000     8.0853     8.0849   3.636383   3.638464     1.7192      98.65     0.0244 5.1273e-02 3.8876e+01    243.856 287.341700    4.30379    34.9574    34.9801    27.2279    1486.88    1488.70 0.0000e+00
       5875    253.000     8.0853     8.0849   3.636434   3.638502     1.7192      98.63     0.0260 5.1273e-02 3.8876e+01    244.754 287.341710    4.30461    34.9575    34.9800    27.2280    1486.90    1488.69 0.0000e+00
       5897    254.000     8.0852     8.0848   3.636465   3.638546     1.7193      98.59     0.0256 5.1273e-02 3.8876e+01    245.654 287.341721    4.31003    34.9575    34.9801    27.2279    1486.91    1488.69 0.0000e+00
       5918    255.000     8.0847     8.0844   3.636477   3.638546     1.7202      98.48     0.0259 5.1280e-02 3.8876e+01    246.548 287.341731    4.31655    34.9576    34.9801    27.2281    1486.93    1488.68 0.0000e+00
       5940    256.000     8.0844     8.0840   3.636496   3.638571     1.7207      98.52     0.0270 5.1273e-02 3.8876e+01    247.444 287.341741    4.31962    34.9576    34.9802    27.2282    1486.94    1488.67 0.0000e+00
       5961    257.000     8.0844     8.0839   3.636563   3.638627     1.7217      98.43     0.0281 5.1273e-02 3.8876e+01    248.332 287.341752    4.32135    34.9579    34.9805    27.2284    1486.96    1488.67 0.0000e+00
       5982    258.000     8.0844     8.0839   3.636611   3.638678     1.7219      98.25     0.0270 5.1273e-02 3.8876e+01    249.226 287.341762    4.32291    34.9579    34.9805    27.2284    1486.98    1488.66 0.0000e+00
       6004    259.000     8.0843     8.0839   3.636645   3.638728     1.7228      98.41     0.0263 5.1266e-02 3.8871e+01    250.120 287.341772    4.32420    34.9579    34.9806    27.2284    1486.99    1488.65 0.0000e+00
       6025    260.000     8.0840     8.0835   3.636665   3.638748     1.7225      98.11     0.0253 5.1273e-02 3.4335e+01    251.011 287.341783    4.31397    34.9579    34.9807    27.2285    1487.01    1488.65 0.0000e+00
       6047    261.000     8.0836     8.0832   3.636696   3.638771     1.7217      97.36     0.0250 5.1273e-02 3.7002e+01    251.909 287.341793    4.31176    34.9582    34.9808    27.2287    1487.02    1488.64 0.0000e+00
       6068    262.000     8.0835     8.0831   3.636732   3.638813     1.7210      97.47     0.0262 5.1273e-02 3.6931e+01    252.802 287.341803    4.30832    34.9582    34.9808    27.2287    1487.04    1488.64 0.0000e+00
       6090    263.000     8.0829     8.0825   3.636765   3.638842     1.7203      97.18     0.0240 5.1273e-02 3.6932e+01    253.695 287.341814    4.31057    34.9586    34.9813    27.2292    1487.05    1488.63 0.0000e+00
       6111    264.000     8.0826     8.0823   3.636819   3.638839     1.7202      97.25     0.0245 5.1273e-02 3.6932e+01    254.593 287.341824    4.31138    34.9590    34.9810    27.2296    1487.07    1488.62 0.0000e+00
       6133    265.000     8.0826     8.0821   3.636881   3.638949     1.7196      98.58     0.0262 5.1273e-02 3.6932e+01    255.488 287.341834    4.30728    34.9592    34.9818    27.2297    1487.09    1488.62 0.0000e+00
       6154    266.000     8.0826     8.0822   3.636927   3.639002     1.7192      98.78     0.0284 5.1273e-02 3.6932e+01    256.387 287.341845    4.31019    34.9592    34.9818    27.2297    1487.10    1488.61 0.0000e+00
       6176    267.000     8.0831     8.0826   3.637042   3.639104     1.7192      98.78     0.0297 5.1273e-02 3.6932e+01    257.283 287.341855    4.30822    34.9595    34.9820    27.2298    1487.12    1488.61 0.0000e+00
       6197    268.000     8.0839     8.0835   3.637206   3.639284     1.7182      98.78     0.0280 5.1273e-02 3.6932e+01    258.181 287.341865    4.29444    34.9599    34.9826    27.2301    1487.14    1488.60 0.0000e+00
       6219    269.000     8.0841     8.0837   3.637328   3.639407     1.7163      98.78     0.0260 5.1273e-02 3.6932e+01    259.074 287.341876    4.28665    34.9606    34.9832    27.2305    1487.16    1488.60 0.0000e+00
       6240    270.000     8.0843     8.0839   3.637402   3.639472     1.7150      98.78     0.0295 5.1273e-02 3.6932e+01    259.964 287.341886    4.28267    34.9607    34.9832    27.2306    1487.18    1488.59 0.0000e+00
       6262    271.000     8.0845     8.0841   3.637507   3.639590     1.7130      98.78     0.0308 5.1273e-02 3.4887e+01    260.856 287.341897    4.26692    34.9611    34.9838    27.2309    1487.19    1488.59 0.0000e+00
       6283    272.000     8.0848     8.0844   3.637609   3.639688     1.7099      98.78     0.0289 5.1273e-02 3.6935e+01    261.751 287.341907    4.25148    34.9614    34.9841    27.2311    1487.21    1488.58 0.0000e+00
       6304    273.000     8.0850     8.0846   3.637711   3.639782     1.7070      98.78     0.0271 5.1260e-02 3.6932e+01    262.644 287.341917    4.24459    34.9619    34.9844    27.2314    1487.23    1488.58 0.0000e+00
       6326    274.000     8.0849     8.0846   3.637791   3.639863     1.7045      98.78     0.0317 5.1266e-02 3.6932e+01    263.538 287.341928    4.23723    34.9623    34.9848    27.2318    1487.25    1488.57 0.0000e+00
       6347    275.000     8.0851     8.0846   3.637843   3.639923     1.7018      98.78     0.0316 5.1279e-02 3.6932e+01    264.431 287.341938    4.22501    34.9622    34.9850    27.2317    1487.26    1488.57 0.0000e+00
       6369    276.000     8.0852     8.0848   3.637936   3.640004     1.6986      98.78     0.0325 5.1273e-02 3.6932e+01    265.327 287.341948    4.21206    34.9626    34.9852    27.2320    1487.28    1488.56 0.0000e+00
       6390    277.000     8.0856     8.0851   3.638034   3.640110     1.6957      98.78     0.0305 5.1266e-02 3.6932e+01    266.224 287.341959    4.20388    34.9628    34.9855    27.2321    1487.30    1488.56 0.0000e+00
       6412    278.000     8.0858     8.0854   3.638107   3.640181     1.6929      98.78     0.0278 5.1280e-02 3.6932e+01    267.118 287.341969    4.19900    34.9629    34.9855    27.2321    1487.32    1488.55 0.0000e+00
       6433    279.000     8.0858     8.0855   3.638185   3.640269     1.6907      98.78     0.0267 5.1260e-02 3.6932e+01    268.014 287.341979    4.19126    34.9633    34.9859    27.2324    1487.33    1488.55 0.0000e+00
       6455    280.000     8.0860     8.0857   3.638296   3.640358     1.6878      98.78     0.0289 5.1273e-02 3.6932e+01    268.908 287.341990    4.17691    34.9638    34.9861    27.2328    1487.35    1488.54 0.0000e+00
       6476    281.000     8.0862     8.0858   3.638358   3.640432     1.6851      98.36     0.0287 5.1273e-02 3.6933e+01    269.801 287.342000    4.17070    34.9637    34.9863    27.2327    1487.37    1488.54 0.0000e+00
       6498    282.000     8.0860     8.0856   3.638402   3.640476     1.6825      97.97     0.0284 5.1273e-02 3.8276e+01    270.699 287.342010    4.16158    34.9639    34.9865    27.2329    1487.38    1488.53 0.0000e+00
       6519    283.000     8.0861     8.0856   3.638454   3.640517     1.6799      98.79     0.0280 5.1273e-02 3.7530e+01    271.590 287.342021    4.15025    34.9639    34.9865    27.2329    1487.40    1488.53 0.0000e+00
       6541    284.000     8.0862     8.0858   3.638500   3.640580     1.6766      98.78     0.0253 5.1273e-02 3.7825e+01    272.480 287.342031    4.13949    34.9638    34.9865    27.2328    1487.42    1488.53 0.0000e+00
       6562    285.000     8.0861     8.0857   3.638547   3.640622     1.6743      98.45     0.0251 5.1273e-02 3.8878e+01    273.377 287.342041    4.13942    34.9639    34.9866    27.2329    1487.43    1488.52 0.0000e+00
       6583    286.000     8.0861     8.0857   3.638591   3.640667     1.6723      98.78     0.0242 5.1266e-02 3.8876e+01    274.269 287.342052    4.13766    34.9639    34.9866    27.2329    1487.45    1488.52 0.0000e+00
       6605    287.000     8.0862     8.0858   3.638647   3.640720     1.6712      98.78     0.0230 5.1273e-02 3.8876e+01    275.165 287.342062    4.14043    34.9640    34.9865    27.2329    1487.47    1488.52 0.0000e+00
       6627    288.000     8.0861     8.0857   3.638719   3.640793     1.6704      93.28     0.0271 5.1266e-02 3.8876e+01    276.063 287.342073    4.14519    34.9643    34.9869    27.2332    1487.48    1488.51 0.0000e+00
       6648    289.000     8.0863     8.0859   3.638804   3.640879     1.6706      98.63     0.0282 5.1273e-02 3.8876e+01    276.955 287.342083    4.15030    34.9646    34.9872    27.2334    1487.50    1488.51 0.0000e+00
       6669    290.000     8.0864     8.0860   3.638888   3.640957     1.6707      98.78     0.0250 5.1273e-02 3.9349e+01    277.853 287.342093    4.14842    34.9649    34.9874    27.2336    1487.52    1488.51 0.0000e+00
       6691    291.000     8.0870     8.0866   3.639046   3.641117     1.6705      96.70     0.0263 5.1273e-02 4.0690e+01    278.748 287.342104    4.14294    34.9655    34.9881    27.2340    1487.54    1488.50 0.0000e+00
       6712    292.000     8.0870     8.0866   3.639090   3.641167     1.6692      96.21     0.0262 5.1267e-02 4.0818e+01    279.639 287.342114    4.12896    34.9655    34.9881    27.2340    1487.55    1488.50 0.0000e+00
