testdata/CTD/sta0426.cnv
* Sea-Bird SBE 9 Data File:
* FileName = C:\Seabird\CTDData\sta0426.hex
* Software Version Seasave V 7.21f
* Temperature SN = 4557
* Conductivity SN = 1337
* Number of Bytes Per Scan = 40
* Number of Voltage Words = 5
* Number of Scans Averaged by the Deck Unit = 1
* NMEA Latitude = 61 28.06 N
* NMEA Longitude = 005 38.01 E
* NMEA UTC (Time) = Oct 20 2018 00:49:00
* NMEA baud rate = 4800
** Ship: 10 F/F "G. O. Sars"
** Station: 0426
** Echodepth: 325
** Log: 5696.845
** Wind-Dir Force: 04 09
** Air-temp (dry): 7.3
** Weather Sky: 0 0
** Sea Ice: 0 0
# nquan = 20                                
# nvalues = 314                         
# units = specified
# name 0 = scan: Scan Count
# name 1 = prDM: Pressure, Digiquartz [db]
# name 2 = t068C: Temperature [ITS-68, deg C]
# name 3 = t168C: Temperature, 2 [ITS-68, deg C]
# name 4 = c0S/m: Conductivity [S/m]
# name 5 = c1S/m: Conductivity, 2 [S/m]
# name 6 = sbeox0V: Oxygen raw, SBE 43 [V]
# name 7 = altM: Altimeter [m]
# name 8 = flC: Fluorescence, Chelsea Aqua 3 Chl Con [ug/l]
# name 9 = par: PAR/Irradiance, Biospherical/Licor
# name 10 = spar: SPAR/Surface Irradiance
# name 11 = timeS: Time, Elapsed [seconds]
# name 12 = timeJ: Julian Days
# name 13 = sbeox0ML/L: Oxygen, SBE 43 [ml/l], WS = 2
# name 14 = sal00: Salinity, Practical [PSU]
# name 15 = sal11: Salinity, Practical, 2 [PSU]
# name 16 = sigma-t00: Density [sigma-t, Kg/m^3 ]
# name 17 = svCM: Sound Velocity [Chen-Millero, m/s]
# name 18 = avgsvCM: Average Sound Velocity [Chen-Millero, m/s], minP = 1, minS = 5
# name 19 = flag: flag
# span 0 =        390,       7110       
# span 1 =      3.000,    316.000       
# span 2 =     8.0627,    14.8593       
# span 3 =     8.0624,    14.8596       
# span 4 =   3.160137,   3.896680       
# span 5 =   3.177906,   3.898720       
# span 6 =     1.4920,     2.1959       
# span 7 =      16.38,      99.75       
# span 8 =     0.0223,     0.1179       
# span 9 = 5.1238e-02, 4.7944e-01       
# span 10 = 1.9438e+00, 1.9438e+00      
# span 11 =     16.221,    296.197      
# span 12 = 293.034250, 293.037491      
# span 13 =    3.38356,    5.49053      
# span 14 =    26.1710,    34.7795      
# span 15 =    26.3278,    34.8002      
# span 16 =    19.5477,    27.0912      
# span 17 =    1484.26,    1502.23      
# span 18 =    1488.22,    1498.51      
# span 19 = 0.0000e+00, 0.0000e+00      
# interval = decibars: 1                
# start_time = Oct 20 2018 00:49:03 [System UTC, header]
# bad_flag = -9.990e-29
*END*
[from data line 290]
       6618    293.000     8.0633     8.0630   3.619451   3.621369     1.7348      81.85     0.0307 5.1280e-02 -9.990e-29    275.698 293.037253    4.40004    34.7784    34.7992    27.0906    1487.25    1488.28 0.0000e+00
       6639    294.000     8.0633     8.0631   3.619519   3.621423     1.7353      98.85     0.0294 5.1273e-02 -9.990e-29    276.588 293.037264    4.39696    34.7786    34.7992    27.0908    1487.27    1488.27 0.0000e+00
       6661    295.000     8.0634     8.0631   3.619571   3.621489     1.7357      84.32     0.0241 5.1266e-02 -9.990e-29    277.485 293.037274    4.39152    34.7786    34.7994    27.0908    1487.28    1488.27 0.0000e+00
       6682    296.000     8.0635     8.0632   3.619621   3.621543     1.7347      30.48     0.0253 5.1273e-02 -9.990e-29    278.387 293.037285    4.38357    34.7786    34.7994    27.0907    1487.30    1488.27 0.0000e+00
       6704    297.000     8.0635     8.0633   3.619682   3.621592     1.7341      42.88     0.0246 5.1273e-02 1.9438e+00    279.277 293.037295    4.39199    34.7787    34.7994    27.0908    1487.32    1488.26 0.0000e+00
       6725    298.000     8.0635     8.0632   3.619728   3.621636     1.7352      98.16     0.0275 5.1273e-02 1.9438e+00    280.175 293.037305    4.39545    34.7788    34.7995    27.0909    1487.33    1488.26 0.0000e+00
       6747    299.000     8.0633     8.0631   3.619753   3.621670     1.7342      43.46     0.0286 5.1273e-02 1.9438e+00    281.071 293.037316    4.38494    34.7787    34.7995    27.0909    1487.35    1488.26 0.0000e+00
       6768    300.000     8.0634     8.0631   3.619802   3.621719     1.7340      34.30     0.0293 5.1280e-02 1.9438e+00    281.965 293.037326    4.39073    34.7787    34.7995    27.0908    1487.37    1488.25 0.0000e+00
       6790    301.000     8.0636     8.0633   3.619867   3.621782     1.7339      70.60     0.0303 5.1273e-02 1.9438e+00    282.861 293.037336    4.37965    34.7787    34.7995    27.0908    1487.38    1488.25 0.0000e+00
       6811    302.000     8.0638     8.0635   3.619930   3.621845     1.7317      33.35     0.0310 5.1280e-02 1.9438e+00    283.754 293.037347    4.36706    34.7787    34.7995    27.0908    1487.40    1488.25 0.0000e+00
       6833    303.000     8.0637     8.0635   3.619976   3.621888     1.7305      32.78     0.0283 5.1273e-02 1.9438e+00    284.646 293.037357    4.36386    34.7788    34.7995    27.0909    1487.42    1488.25 0.0000e+00
       6854    304.000     8.0637     8.0635   3.620030   3.621934     1.7285      32.21     0.0289 5.1273e-02 1.9438e+00    285.547 293.037367    4.35526    34.7789    34.7995    27.0910    1487.43    1488.24 0.0000e+00
       6876    305.000     8.0637     8.0635   3.620068   3.621981     1.7269      31.14     0.0268 5.1280e-02 1.9438e+00    286.442 293.037378    4.35849    34.7789    34.7995    27.0909    1487.45    1488.24 0.0000e+00
       6897    306.000     8.0638     8.0636   3.620127   3.622036     1.7265      29.74     0.0247 5.1273e-02 1.9438e+00    287.337 293.037388    4.35940    34.7789    34.7995    27.0909    1487.47    1488.24 0.0000e+00
       6919    307.000     8.0639     8.0636   3.620176   3.622096     1.7252      28.67     0.0275 5.1286e-02 -9.990e-29    288.230 293.037399    4.34970    34.7789    34.7997    27.0909    1487.48    1488.23 0.0000e+00
       6940    308.000     8.0640     8.0637   3.620239   3.622150     1.7238      27.84     0.0323 5.1266e-02 -9.990e-29    289.121 293.037409    4.34715    34.7790    34.7997    27.0909    1487.50    1488.23 0.0000e+00
       6961    309.000     8.0642     8.0639   3.620308   3.622223     1.7230      27.03     0.0316 5.1280e-02 -9.990e-29    290.005 293.037419    4.35256    34.7790    34.7998    27.0910    1487.52    1488.23 0.0000e+00
       6982    310.000     8.0643     8.0640   3.620368   3.622278     1.7229      25.95     0.0320 5.1266e-02 -9.990e-29    290.884 293.037429    4.35069    34.7791    34.7998    27.0910    1487.53    1488.23 0.0000e+00
       7003    311.000     8.0646     8.0644   3.620462   3.622372     1.7219      24.84     0.0328 5.1273e-02 1.9438e+00    291.763 293.037439    4.34233    34.7793    34.7999    27.0911    1487.55    1488.23 0.0000e+00
       7024    312.000     8.0648     8.0645   3.620526   3.622436     1.7207      23.78     0.0308 5.1286e-02 1.9438e+00    292.644 293.037450    4.33637    34.7793    34.8001    27.0911    1487.57    1488.22 0.0000e+00
       7046    313.000     8.0649     8.0647   3.620573   3.622497     1.7193      22.80     0.0300 5.1280e-02 1.9438e+00    293.523 293.037460    4.33869    34.7792    34.8000    27.0910    1487.59    1488.22 0.0000e+00
       7067    314.000     8.0651     8.0648   3.620641   3.622554     1.7193      21.83     0.0274 5.1280e-02 1.9438e+00    294.407 293.037470    4.34631    34.7793    34.8001    27.0910    1487.60    1488.22 0.0000e+00
       7088    315.000     8.0652     8.0650   3.620714   3.622627     1.7195      20.90     0.0299 5.1266e-02 1.9438e+00    295.286 293.037480    4.35040    34.7795    34.8002    27.0912    1487.62    1488.22 0.0000e+00
       7110    316.000     8.0654     8.0652   3.620742   3.622668     1.7198      19.80     0.0342 5.1277e-02 1.9438e+00    296.197 293.037491    4.35455    34.7791    34.7999    27.0909    1487.64    1488.22 0.0000e+00
