testdata/CTD/sta0418.cnv
* Sea-Bird SBE 9 Data File:
* FileName = C:\Seabird\CTDData\sta0418.hex
* Software Version Seasave V 7.21f
* Temperature SN = 4557
* Conductivity SN = 1337
* Number of Bytes Per Scan = 40
* Number of Voltage Words = 5
* Number of Scans Averaged by the Deck Unit = 1
* NMEA Latitude = 61 28.97 N
* NMEA Longitude = 005 20.87 E
* NMEA UTC (Time) = Oct 17 2018 02:45:36
* NMEA baud rate = 4800
** Ship: 10 F/F "G. O. Sars"
** Station: 0418
** Echodepth: 339
** Log: 5571.53
** Wind-Dir Force: 12 04
** Air-temp (dry): 13.7
** Weather Sky: 0 0
** Sea Ice: 0 0
# nquan = 20                                
# nvalues = 337                         
# units = specified
# name 0 = scan: Scan Count
# name 1 = prDM: Pressure, Digiquartz [db]
# name 2 = t068C: Temperature [ITS-68, deg C]
# name 3 = t168C: Temperature, 2 [ITS-68, deg C]
# name 4 = c0S/m: Conductivity [S/m]
# name 5 = c1S/m: Conductivity, 2 [S/m]
# name 6 = sbeox0V: Oxygen raw, SBE 43 [V]
# name 7 = altM: Altimeter [m]
# name 8 = flC: Fluorescence, Chelsea Aqua 3 Chl Con [ug/l]
# name 9 = par: PAR/Irradiance, Biospherical/Licor
# name 10 = spar: SPAR/Surface Irradiance
# name 11 = timeS: Time, Elapsed [seconds]
# name 12 = timeJ: Julian Days
# name 13 = sbeox0ML/L: Oxygen, SBE 43 [ml/l], WS = 2
# name 14 = sal00: Salinity, Practical [PSU]
# name 15 = sal11: Salinity, Practical, 2 [PSU]
# name 16 = sigma-t00: Density [sigma-t, Kg/m^3 ]
# name 17 = svCM: Sound Velocity [Chen-Millero, m/s]
# name 18 = avgsvCM: Average Sound Velocity [Chen-Millero, m/s], minP = 1, minS = 5
# name 19 = flag: flag
# span 0 =        366,       7952       
# span 1 =      3.000,    339.000       
# span 2 =     7.6848,    13.9043       
# span 3 =     7.6845,    13.9096       
# span 4 =   3.504644,   3.885134       
# span 5 =   3.516320,   3.887187       
# span 6 =     1.8497,     2.1944       
# span 7 =       7.26,      99.90       
# span 8 =     0.0140,     0.0855       
# span 9 = 5.1231e-02, 5.4925e-01       
# span 10 = 1.9438e+00, 1.9438e+00      
# span 11 =     15.213,    331.273      
# span 12 = 290.115188, 290.118846      
# span 13 =    4.66394,    5.38682      
# span 14 =    29.1964,    35.0649      
# span 15 =    29.2891,    35.0856      
# span 16 =    21.8466,    27.3720      
# span 17 =    1484.28,    1499.15      
# span 18 =    1488.33,    1497.31      
# span 19 = 0.0000e+00, 0.0000e+00      
# interval = decibars: 1                
# start_time = Oct 17 2018 02:45:37 [System UTC, header]
# bad_flag = -9.990e-29
*END*
[from data line 73]
       1955     76.000    10.8578    10.8591   3.770428   3.772287     1.9559      98.78     0.0334 5.1273e-02 1.9438e+00     81.406 290.115954    4.75493    33.7672    33.7845    25.8413    1492.63    1496.74 0.0000e+00
       1976     77.000    10.7496    10.7460   3.765676   3.767333     1.9528      98.78     0.0338 5.1266e-02 1.9438e+00     82.298 290.115964    4.72173    33.8192    33.8391    25.9009    1492.33    1496.68 0.0000e+00
       1998     78.000    10.6736    10.6742   3.761483   3.763361     1.9470      98.78     0.0330 5.1273e-02 1.9438e+00     83.194 290.115974    4.69855    33.8471    33.8653    25.9361    1492.11    1496.63 0.0000e+00
       2019     79.000    10.6374    10.6372   3.759777   3.761632     1.9399      98.78     0.0301 5.1273e-02 -9.990e-29     84.091 290.115985    4.67014    33.8631    33.8819    25.9549    1492.01    1496.57 0.0000e+00
       2041     80.000    10.6258    10.6249   3.759664   3.761515     1.9328      98.78     0.0297 5.1273e-02 -9.990e-29     84.997 290.115995    4.66653    33.8723    33.8917    25.9641    1492.00    1496.51 0.0000e+00
       2062     81.000    10.5709    10.5717   3.757074   3.759016     1.9294      98.78     0.0339 5.1273e-02 -9.990e-29     85.887 290.116006    4.67443    33.8968    33.9156    25.9928    1491.85    1496.45 0.0000e+00
       2084     82.000    10.5239    10.5242   3.754176   3.756099     1.9261      98.40     0.0353 5.1266e-02 -9.990e-29     86.779 290.116016    4.66942    33.9109    33.9300    26.0120    1491.72    1496.39 0.0000e+00
       2105     83.000    10.4656    10.4641   3.751899   3.753685     1.9234      98.65     0.0362 5.1273e-02 1.9438e+00     87.679 290.116026    4.67692    33.9418    33.9612    26.0463    1491.57    1496.34 0.0000e+00
       2127     84.000    10.4008    10.3907   3.749458   3.750899     1.9223      98.77     0.0326 5.1273e-02 1.9438e+00     88.569 290.116037    4.67640    33.9773    34.0012    26.0851    1491.39    1496.28 0.0000e+00
       2148     85.000    10.2699    10.2629   3.741436   3.742824     1.9186      98.70     0.0342 5.1267e-02 1.9438e+00     89.465 290.116047    4.66394    34.0182    34.0388    26.1397    1490.99    1496.21 0.0000e+00
       2170     86.000    10.1627    10.1591   3.734396   3.736063     1.9149      97.94     0.0334 5.1273e-02 1.9438e+00     90.368 290.116058    4.67380    34.0469    34.0673    26.1805    1490.66    1496.15 0.0000e+00
       2191     87.000    10.1280    10.1269   3.732783   3.734632     1.9136      98.77     0.0301 5.1273e-02 1.9438e+00     91.264 290.116068    4.69279    34.0627    34.0826    26.1987    1490.57    1496.09 0.0000e+00
       2213     88.000    10.0829    10.0821   3.730444   3.732301     1.9144      98.78     0.0299 5.1273e-02 -9.990e-29     92.161 290.116078    4.69606    34.0809    34.1006    26.2206    1490.45    1496.02 0.0000e+00
       2234     89.000     9.9853     9.9851   3.724689   3.726564     1.9122      93.00     0.0291 5.1266e-02 -9.990e-29     93.040 290.116088    4.68065    34.1139    34.1332    26.2629    1490.16    1495.96 0.0000e+00
       2255     90.000     9.8962     9.8951   3.719437   3.721239     1.9092      98.16     0.0308 5.1266e-02 -9.990e-29     93.914 290.116099    4.67595    34.1440    34.1635    26.3015    1489.89    1495.89 0.0000e+00
       2276     91.000     9.6846     9.6796   3.708262   3.709900     1.9057      98.75     0.0323 5.1266e-02 -9.990e-29     94.799 290.116109    4.68624    34.2298    34.2514    26.4039    1489.24    1495.81 0.0000e+00
       2297     92.000     9.4831     9.4819   3.695642   3.697317     1.9031      98.45     0.0330 5.1273e-02 1.9438e+00     95.683 290.116119    4.69539    34.2916    34.3101    26.4855    1488.60    1495.74 0.0000e+00
       2318     93.000     9.4053     9.4049   3.691124   3.692929     1.8990      98.49     0.0316 5.1273e-02 1.9438e+00     96.558 290.116129    4.68727    34.3189    34.3380    26.5197    1488.37    1495.66 0.0000e+00
       2340     94.000     9.3397     9.3388   3.687145   3.688926     1.8961      98.78     0.0343 5.1273e-02 1.9438e+00     97.438 290.116139    4.69771    34.3402    34.3595    26.5470    1488.17    1495.58 0.0000e+00
       2361     95.000     9.2935     9.2925   3.684066   3.685860     1.8949      98.70     0.0357 5.1273e-02 1.9438e+00     98.318 290.116150    4.71005    34.3522    34.3717    26.5639    1488.03    1495.50 0.0000e+00
       2382     96.000     9.2684     9.2668   3.682688   3.684483     1.8943      89.93     0.0353 5.1239e-02 1.9438e+00     99.202 290.116160    4.72129    34.3615    34.3817    26.5753    1487.97    1495.42 0.0000e+00
       2403     97.000     9.2522     9.2511   3.681913   3.683751     1.8955      98.80     0.0371 5.1273e-02 1.9438e+00    100.088 290.116170    4.73320    34.3686    34.3887    26.5835    1487.94    1495.34 0.0000e+00
       2424     98.000     9.2030     9.2009   3.678875   3.680606     1.8960      98.78     0.0340 5.1273e-02 -9.990e-29    100.967 290.116180    4.73118    34.3839    34.4039    26.6034    1487.79    1495.26 0.0000e+00
       2445     99.000     9.1084     9.1065   3.672838   3.674602     1.8955      89.43     0.0343 5.1245e-02 -9.990e-29    101.846 290.116190    4.73880    34.4118    34.4320    26.6405    1487.49    1495.18 0.0000e+00
       2466    100.000     9.0819     9.0808   3.671107   3.672947     1.8958      96.65     0.0368 5.1266e-02 -9.990e-29    102.725 290.116200    4.74538    34.4189    34.4391    26.6503    1487.42    1495.11 0.0000e+00
       2488    101.000     9.0403     9.0391   3.668482   3.670336     1.8953      98.75     0.0375 5.1280e-02 -9.990e-29    103.611 290.116211    4.73397    34.4312    34.4517    26.6666    1487.30    1495.03 0.0000e+00
       2509    102.000     8.9740     8.9721   3.664265   3.666053     1.8926      96.38     0.0415 5.1266e-02 1.9438e+00    104.494 290.116221    4.71737    34.4508    34.4714    26.6926    1487.10    1494.95 0.0000e+00
       2530    103.000     8.8645     8.8626   3.657219   3.658973     1.8891      92.16     0.0393 5.1266e-02 1.9438e+00    105.361 290.116231    4.71347    34.4827    34.5030    26.7350    1486.75    1494.87 0.0000e+00
       2551    104.000     8.7488     8.7475   3.649931   3.651760     1.8854      98.70     0.0352 5.1273e-02 1.9438e+00    106.240 290.116241    4.71232    34.5182    34.5388    26.7810    1486.38    1494.79 0.0000e+00
       2572    105.000     8.6987     8.6976   3.646939   3.648771     1.8818      98.78     0.0366 5.1273e-02 1.9438e+00    107.126 290.116251    4.70478    34.5351    34.5555    26.8021    1486.23    1494.71 0.0000e+00
       2593    106.000     8.6520     8.6508   3.644019   3.645849     1.8777      84.10     0.0324 5.1232e-02 1.9438e+00    108.006 290.116262    4.69472    34.5494    34.5699    26.8206    1486.09    1494.62 0.0000e+00
       2614    107.000     8.5981     8.5974   3.640838   3.642717     1.8745      98.79     0.0290 5.1253e-02 1.9438e+00    108.894 290.116272    4.70109    34.5680    34.5886    26.8436    1485.93    1494.54 0.0000e+00
       2636    108.000     8.5905     8.5900   3.640417   3.642348     1.8723      98.78     0.0290 5.1273e-02 1.9438e+00    109.779 290.116282    4.69853    34.5705    34.5914    26.8468    1485.92    1494.46 0.0000e+00
       2657    109.000     8.5853     8.5849   3.640095   3.642012     1.8700      93.47     0.0300 5.1253e-02 1.9438e+00    110.654 290.116292    4.68881    34.5717    34.5924    26.8485    1485.92    1494.38 0.0000e+00
       2678    110.000     8.4891     8.4861   3.634029   3.635774     1.8675      94.07     0.0330 5.1246e-02 1.9438e+00    111.530 290.116302    4.69310    34.6013    34.6227    26.8866    1485.62    1494.30 0.0000e+00
       2699    111.000     8.4202     8.4191   3.629987   3.631836     1.8656      98.73     0.0335 5.1273e-02 1.9438e+00    112.407 290.116313    4.69505    34.6256    34.6463    26.9163    1485.41    1494.22 0.0000e+00
       2720    112.000     8.4104     8.4095   3.629443   3.631334     1.8632      98.78     0.0315 5.1273e-02 -9.990e-29    113.289 290.116323    4.68157    34.6289    34.6499    26.9205    1485.39    1494.14 0.0000e+00
       2741    113.000     8.3986     8.3945   3.628739   3.630454     1.8601      81.19     0.0306 5.1252e-02 -9.990e-29    114.169 290.116333    4.68266    34.6326    34.6548    26.9251    1485.37    1494.07 0.0000e+00
       2762    114.000     8.3746     8.3740   3.627390   3.629315     1.8597      98.77     0.0310 5.1273e-02 -9.990e-29    115.041 290.116343    4.69679    34.6414    34.6624    26.9357    1485.30    1493.99 0.0000e+00
       2783    115.000     8.3694     8.3688   3.627176   3.629122     1.8592      98.78     0.0326 5.1273e-02 -9.990e-29    115.922 290.116353    4.68615    34.6437    34.6650    26.9384    1485.30    1493.91 0.0000e+00
       2804    116.000     8.3609     8.3605   3.626771   3.628717     1.8567      87.93     0.0316 5.1231e-02 1.9438e+00    116.810 290.116363    4.67531    34.6473    34.6684    26.9425    1485.29    1493.84 0.0000e+00
       2825    117.000     8.3252     8.3243   3.624670   3.626579     1.8558      95.17     0.0316 5.1253e-02 1.9438e+00    117.687 290.116374    4.69076    34.6596    34.6808    26.9576    1485.19    1493.76 0.0000e+00
       2847    118.000     8.2886     8.2874   3.622560   3.624455     1.8557      98.73     0.0299 5.1273e-02 1.9438e+00    118.571 290.116384    4.68754    34.6728    34.6941    26.9735    1485.09    1493.69 0.0000e+00
       2868    119.000     8.2439     8.2431   3.620096   3.622005     1.8537      94.50     0.0303 5.1266e-02 1.9438e+00    119.449 290.116394    4.67130    34.6901    34.7113    26.9939    1484.96    1493.62 0.0000e+00
       2889    120.000     8.2177     8.2167   3.618628   3.620546     1.8509      83.38     0.0307 5.1259e-02 1.9438e+00    120.329 290.116404    4.67322    34.6998    34.7213    27.0056    1484.89    1493.54 0.0000e+00
       2910    121.000     8.1848     8.1836   3.616816   3.618699     1.8500      98.88     0.0325 5.1273e-02 1.9438e+00    121.214 290.116414    4.68940    34.7125    34.7338    27.0205    1484.80    1493.47 0.0000e+00
       2931    122.000     8.1610     8.1598   3.615504   3.617389     1.8509      98.78     0.0326 5.1273e-02 -9.990e-29    122.089 290.116425    4.69641    34.7216    34.7429    27.0312    1484.73    1493.40 0.0000e+00
       2952    123.000     8.1398     8.1386   3.614328   3.616237     1.8497      75.29     0.0319 5.1245e-02 -9.990e-29    122.964 290.116435    4.68948    34.7295    34.7511    27.0406    1484.68    1493.33 0.0000e+00
       2973    124.000     8.1107     8.1095   3.612774   3.614685     1.8503      98.94     0.0301 5.1266e-02 -9.990e-29    123.845 290.116445    4.70848    34.7412    34.7628    27.0542    1484.60    1493.26 0.0000e+00
       2994    125.000     8.0935     8.0928   3.611857   3.613807     1.8510      98.78     0.0295 5.1273e-02 1.9438e+00    124.725 290.116455    4.71397    34.7479    34.7695    27.0621    1484.56    1493.19 0.0000e+00
       3016    126.000     8.0901     8.0893   3.611711   3.613665     1.8518      88.91     0.0369 5.1253e-02 1.9438e+00    125.610 290.116465    4.71537    34.7493    34.7710    27.0637    1484.57    1493.12 0.0000e+00
       3037    127.000     8.0786     8.0775   3.611104   3.613031     1.8529      87.95     0.0376 5.1259e-02 1.9438e+00    126.490 290.116476    4.73393    34.7537    34.7754    27.0689    1484.55    1493.05 0.0000e+00
       3058    128.000     8.0581     8.0574   3.610031   3.611987     1.8551      96.47     0.0370 5.1266e-02 1.9438e+00    127.368 290.116486    4.73481    34.7620    34.7837    27.0785    1484.50    1492.98 0.0000e+00
       3079    129.000     8.0467     8.0458   3.609420   3.611364     1.8551      76.64     0.0323 5.1252e-02 1.9438e+00    128.247 290.116496    4.73617    34.7663    34.7880    27.0836    1484.47    1492.92 0.0000e+00
       3100    130.000     8.0427     8.0421   3.609225   3.611190     1.8567      98.73     0.0294 5.1266e-02 1.9438e+00    129.123 290.116506    4.75397    34.7677    34.7894    27.0853    1484.48    1492.85 0.0000e+00
       3121    131.000     8.0402     8.0396   3.609177   3.611144     1.8595      98.78     0.0269 5.1273e-02 -9.990e-29    130.005 290.116516    4.76467    34.7692    34.7909    27.0868    1484.49    1492.79 0.0000e+00
       3142    132.000     8.0369     8.0363   3.609041   3.611018     1.8607      73.94     0.0269 5.1266e-02 -9.990e-29    130.891 290.116526    4.76098    34.7705    34.7923    27.0884    1484.49    1492.72 0.0000e+00
       3164    133.000     8.0256     8.0244   3.608480   3.610427     1.8621      95.42     0.0298 5.1266e-02 -9.990e-29    131.771 290.116537    4.76949    34.7752    34.7973    27.0938    1484.47    1492.66 0.0000e+00
       3185    134.000     8.0135     8.0130   3.607903   3.609877     1.8631      98.73     0.0306 5.1273e-02 -9.990e-29    132.653 290.116547    4.76714    34.7806    34.8023    27.0998    1484.45    1492.60 0.0000e+00
       3206    135.000     8.0079     8.0074   3.607651   3.609617     1.8633      89.90     0.0321 5.1253e-02 1.9438e+00    133.528 290.116557    4.76960    34.7829    34.8045    27.1025    1484.45    1492.54 0.0000e+00
       3227    136.000     7.9992     7.9985   3.607291   3.609267     1.8646      82.46     0.0321 5.1259e-02 1.9438e+00    134.406 290.116567    4.78907    34.7872    34.8092    27.1072    1484.44    1492.48 0.0000e+00
       3248    137.000     7.9832     7.9822   3.606493   3.608435     1.8668      98.65     0.0321 5.1266e-02 1.9438e+00    135.286 290.116577    4.78817    34.7941    34.8159    27.1150    1484.40    1492.42 0.0000e+00
       3269    138.000     7.9748     7.9741   3.606163   3.608118     1.8666      70.87     0.0317 5.1266e-02 1.9438e+00    136.167 290.116588    4.79469    34.7984    34.8201    27.1196    1484.39    1492.36 0.0000e+00
       3290    139.000     7.9673     7.9668   3.605868   3.607827     1.8694      98.97     0.0288 5.1273e-02 1.9438e+00    137.048 290.116598    4.81536    34.8022    34.8238    27.1237    1484.38    1492.30 0.0000e+00
       3311    140.000     7.9539     7.9531   3.605224   3.607186     1.8715      98.78     0.0264 5.1266e-02 1.9438e+00    137.931 290.116608    4.81878    34.8081    34.8300    27.1304    1484.36    1492.25 0.0000e+00
       3333    141.000     7.9439     7.9431   3.604842   3.606783     1.8727      72.03     0.0272 5.1273e-02 1.9438e+00    138.813 290.116618    4.82430    34.8135    34.8352    27.1361    1484.34    1492.19 0.0000e+00
       3354    142.000     7.9251     7.9243   3.604014   3.605962     1.8754      92.06     0.0297 5.1266e-02 1.9438e+00    139.698 290.116628    4.84755    34.8228    34.8446    27.1462    1484.30    1492.13 0.0000e+00
       3375    143.000     7.9149     7.9141   3.603621   3.605558     1.8781      98.73     0.0312 5.1273e-02 1.9438e+00    140.576 290.116639    4.85656    34.8283    34.8499    27.1520    1484.28    1492.08 0.0000e+00
       3396    144.000     7.9099     7.9094   3.603480   3.605433     1.8805      90.43     0.0305 5.1266e-02 1.9438e+00    141.455 290.116649    4.85905    34.8313    34.8528    27.1551    1484.28    1492.02 0.0000e+00
       3417    145.000     7.9080     7.9075   3.603445   3.605414     1.8822      72.16     0.0304 5.1273e-02 -9.990e-29    142.338 290.116659    4.87184    34.8323    34.8540    27.1562    1484.30    1491.97 0.0000e+00
       3438    146.000     7.9042     7.9037   3.603336   3.605297     1.8851      82.21     0.0295 5.1273e-02 -9.990e-29    143.218 290.116669    4.88383    34.8344    34.8560    27.1584    1484.30    1491.92 0.0000e+00
