testdata/CTD/sta0419.cnv
* Sea-Bird SBE 9 Data File:
* FileName = C:\Seabird\CTDData\sta0419.hex
* Software Version Seasave V 7.21f
* Temperature SN = 4557
* Conductivity SN = 1337
* Number of Bytes Per Scan = 40
* Number of Voltage Words = 5
* Number of Scans Averaged by the Deck Unit = 1
* NMEA Latitude = 61 29.29 N
* NMEA Longitude = 005 16.10 E
* NMEA UTC (Time) = Oct 17 2018 11:27:05
* NMEA baud rate = 4800
** Ship: 10 F/F "G. O. Sars"
** Station: 0419
** Echodepth: 371
** Log: 5596.185
** Wind-Dir Force: 24 21
** Air-temp (dry): 11.2
** Weather Sky: 0 0
** Sea Ice: 0 0
# nquan = 20                                
# nvalues = 360                         
# units = specified
# name 0 = scan: Scan Count
# name 1 = prDM: Pressure, Digiquartz [db]
# name 2 = t068C: Temperature [ITS-68, deg C]
# name 3 = t168C: Temperature, 2 [ITS-68, deg C]
# name 4 = c0S/m: Conductivity [S/m]
# name 5 = c1S/m: Conductivity, 2 [S/m]
# name 6 = sbeox0V: Oxygen raw, SBE 43 [V]
# name 7 = altM: Altimeter [m]
# name 8 = flC: Fluorescence, Chelsea Aqua 3 Chl Con [ug/l]
# name 9 = par: PAR/Irradiance, Biospherical/Licor
# name 10 = spar: SPAR/Surface Irradiance
# name 11 = timeS: Time, Elapsed [seconds]
# name 12 = timeJ: Julian Days
# name 13 = sbeox0ML/L: Oxygen, SBE 43 [ml/l], WS = 2
# name 14 = sal00: Salinity, Practical [PSU]
# name 15 = sal11: Salinity, Practical, 2 [PSU]
# name 16 = sigma-t00: Density [sigma-t, Kg/m^3 ]
# name 17 = svCM: Sound Velocity [Chen-Millero, m/s]
# name 18 = avgsvCM: Average Sound Velocity [Chen-Millero, m/s], minP = 1, minS = 5
# name 19 = flag: flag
# span 0 =        -19,       8174       
# span 1 =      2.000,    361.000       
# span 2 =     7.6806,    13.2195       
# span 3 =     7.6803,    13.2221       
# span 4 =   3.149306,   3.879268       
# span 5 =   3.150560,   3.881161       
# span 6 =     1.8601,     2.2787       
# span 7 =       0.08,     102.02       
# span 8 =     0.0147,     0.2311       
# span 9 = 5.1211e-02, 3.5219e+01       
# span 10 = 2.7565e+02, 4.5290e+02      
# span 11 =     -0.826,    340.559      
# span 12 = 290.477155, 290.481106      
# span 13 =    4.64781,    5.88714      
# span 14 =    26.8891,    35.0625      
# span 15 =    26.9042,    35.0825      
# span 16 =    20.3113,    27.3708      
# span 17 =    1484.32,    1498.57      
# span 18 =    1486.94,    1495.08      
# span 19 = 0.0000e+00, 0.0000e+00      
# interval = decibars: 1                
# start_time = Oct 17 2018 11:27:07 [System UTC, header]
# bad_flag = -9.990e-29
*END*
[from data line 73]
       2073     75.000    11.5550    11.5542   3.816193   3.817876     1.9913      87.00     0.0321 5.1221e-02 3.2416e+02     86.352 290.478164    4.75863    33.5829    33.6002    25.5720    1494.83    1495.07 0.0000e+00
       2095     76.000    11.5153    11.5142   3.813416   3.815035     1.9877      98.86     0.0341 5.1273e-02 3.2526e+02     87.252 290.478174    4.77797    33.5913    33.6082    25.5858    1494.71    1495.07 0.0000e+00
       2117     77.000    11.4437    11.4413   3.808722   3.810219     1.9855      98.82     0.0336 5.1273e-02 3.2657e+02     88.149 290.478185    4.77596    33.6098    33.6267    25.6133    1494.50    1495.06 0.0000e+00
       2138     78.000    11.3880    11.3881   3.806458   3.808339     1.9814      93.09     0.0331 5.1245e-02 3.2787e+02     89.052 290.478195    4.76005    33.6377    33.6561    25.6452    1494.36    1495.05 0.0000e+00
       2160     79.000    11.3560    11.3548   3.804931   3.806585     1.9773      97.54     0.0328 5.1240e-02 3.2878e+02     89.945 290.478205    4.75597    33.6514    33.6688    25.6616    1494.28    1495.04 0.0000e+00
       2181     80.000    11.3209    11.3193   3.802529   3.804156     1.9747      98.82     0.0306 5.1273e-02 3.3043e+02     90.850 290.478216    4.75971    33.6593    33.6768    25.6742    1494.19    1495.03 0.0000e+00
       2203     81.000    11.2123    11.2102   3.795327   3.796870     1.9724      86.93     0.0327 5.1245e-02 3.3184e+02     91.756 290.478226    4.76003    33.6869    33.7041    25.7153    1493.86    1495.02 0.0000e+00
       2225     82.000    11.1234    11.1219   3.791269   3.792905     1.9691      84.49     0.0354 5.1247e-02 3.2564e+02     92.651 290.478237    4.75223    33.7277    33.7453    25.7631    1493.61    1495.00 0.0000e+00
       2246     83.000    10.9730    10.9706   3.783963   3.785439     1.9657      90.73     0.0336 5.1247e-02 3.3405e+02     93.552 290.478247    4.75622    33.7928    33.8097    25.8408    1493.18    1494.98 0.0000e+00
       2268     84.000    10.8484    10.8473   3.777060   3.778736     1.9621      98.67     0.0315 5.1259e-02 3.3604e+02     94.441 290.478257    4.75053    33.8385    33.8563    25.8986    1492.81    1494.95 0.0000e+00
       2289     85.000    10.7535    10.7468   3.773929   3.775339     1.9574      90.41     0.0342 5.1246e-02 3.3673e+02     95.327 290.478268    4.73923    33.8946    33.9149    25.9590    1492.56    1494.92 0.0000e+00
       2310     86.000    10.6552    10.6505   3.770289   3.771571     1.9530      89.36     0.0336 5.1246e-02 3.3823e+02     96.217 290.478278    4.73673    33.9489    33.9661    26.0187    1492.30    1494.89 0.0000e+00
       2332     87.000    10.4962    10.4918   3.757602   3.758805     1.9487      98.83     0.0339 5.1273e-02 3.3937e+02     97.106 290.478288    4.74725    33.9690    33.9852    26.0621    1491.77    1494.86 0.0000e+00
       2353     88.000    10.3965    10.3948   3.750668   3.752046     1.9461      98.82     0.0349 5.1273e-02 3.4016e+02     98.009 290.478299    4.75962    33.9917    34.0072    26.0972    1491.46    1494.82 0.0000e+00
       2375     89.000    10.2024    10.1991   3.738484   3.739927     1.9446      93.49     0.0341 5.1253e-02 3.4200e+02     98.911 290.478309    4.76853    34.0498    34.0675    26.1759    1490.86    1494.77 0.0000e+00
       2396     90.000    10.0940    10.0913   3.732758   3.734315     1.9402      95.22     0.0352 5.1266e-02 3.4248e+02     99.792 290.478319    4.73893    34.0931    34.1115    26.2282    1490.54    1494.73 0.0000e+00
       2417     91.000     9.9948     9.9924   3.727224   3.728760     1.9331      98.84     0.0352 5.1266e-02 3.4406e+02    100.673 290.478330    4.71781    34.1299    34.1478    26.2738    1490.24    1494.68 0.0000e+00
       2438     92.000     9.9330     9.9316   3.723086   3.724772     1.9269      98.76     0.0310 5.1266e-02 3.4489e+02    101.552 290.478340    4.71498    34.1456    34.1641    26.2965    1490.05    1494.63 0.0000e+00
       2460     93.000     9.8042     9.7991   3.714915   3.716214     1.9223      93.19     0.0323 5.1253e-02 3.4600e+02    102.443 290.478350    4.72501    34.1835    34.2017    26.3478    1489.65    1494.57 0.0000e+00
       2481     94.000     9.6987     9.6971   3.708781   3.710354     1.9189      98.62     0.0311 5.1259e-02 3.4718e+02    103.342 290.478360    4.72604    34.2204    34.2381    26.3942    1489.33    1494.52 0.0000e+00
       2502     95.000     9.6481     9.6471   3.705819   3.707437     1.9148      98.80     0.0311 5.1266e-02 3.4314e+02    104.224 290.478371    4.71469    34.2376    34.2552    26.4161    1489.19    1494.46 0.0000e+00
       2523     96.000     9.6076     9.6068   3.703440   3.705116     1.9107      91.95     0.0321 5.1252e-02 3.5002e+02    105.102 290.478381    4.70813    34.2513    34.2693    26.4335    1489.07    1494.41 0.0000e+00
       2544     97.000     9.5630     9.5617   3.700662   3.702321     1.9076      97.15     0.0332 5.1273e-02 3.5139e+02    105.974 290.478391    4.70758    34.2648    34.2831    26.4514    1488.94    1494.35 0.0000e+00
       2565     98.000     9.5073     9.5057   3.697614   3.699275     1.9045      96.60     0.0347 5.1260e-02 3.5185e+02    106.852 290.478401    4.70846    34.2861    34.3048    26.4772    1488.78    1494.29 0.0000e+00
       2587     99.000     9.4071     9.4041   3.691598   3.693069     1.9023      98.34     0.0340 5.1273e-02 3.5372e+02    107.741 290.478411    4.71172    34.3193    34.3374    26.5197    1488.48    1494.23 0.0000e+00
       2608    100.000     9.2784     9.2766   3.683547   3.685177     1.8996      98.49     0.0344 5.1259e-02 3.5461e+02    108.628 290.478422    4.70785    34.3590    34.3776    26.5717    1488.07    1494.17 0.0000e+00
       2629    101.000     9.2540     9.2534   3.681839   3.683564     1.8955      98.80     0.0346 5.1273e-02 3.5571e+02    109.504 290.478432    4.69531    34.3642    34.3827    26.5798    1488.00    1494.11 0.0000e+00
       2650    102.000     9.1505     9.1462   3.674249   3.675621     1.8928      98.50     0.0338 5.1273e-02 3.5702e+02    110.379 290.478442    4.71496    34.3845    34.4029    26.6123    1487.67    1494.05 0.0000e+00
       2671    103.000     9.0995     9.0987   3.670797   3.672530     1.8921      98.80     0.0320 5.1259e-02 3.5766e+02    111.254 290.478452    4.71894    34.3972    34.4161    26.6305    1487.51    1493.98 0.0000e+00
       2692    104.000     9.0897     9.0889   3.670241   3.671984     1.8898      98.17     0.0332 5.1273e-02 3.5915e+02    112.133 290.478462    4.69997    34.4004    34.4194    26.6346    1487.49    1493.92 0.0000e+00
       2713    105.000     9.0519     9.0504   3.668206   3.669904     1.8862      98.33     0.0369 5.1273e-02 3.5255e+02    113.015 290.478472    4.68473    34.4152    34.4344    26.6522    1487.39    1493.86 0.0000e+00
       2734    106.000     9.0262     9.0250   3.666929   3.668683     1.8822      98.64     0.0364 5.1266e-02 3.6098e+02    113.893 290.478483    4.66552    34.4263    34.4458    26.6650    1487.33    1493.80 0.0000e+00
       2756    107.000     9.0003     8.9987   3.665558   3.667272     1.8768      98.80     0.0360 5.1266e-02 3.6181e+02    114.781 290.478493    4.64781    34.4365    34.4560    26.6772    1487.26    1493.73 0.0000e+00
       2777    108.000     8.9204     8.9164   3.660581   3.662044     1.8726      98.01     0.0358 5.1280e-02 3.6349e+02    115.668 290.478503    4.65645    34.4614    34.4806    26.7094    1487.01    1493.67 0.0000e+00
       2798    109.000     8.8210     8.8188   3.654403   3.656045     1.8701      95.09     0.0348 5.1239e-02 3.6349e+02    116.540 290.478513    4.66223    34.4926    34.5120    26.7496    1486.70    1493.61 0.0000e+00
       2819    110.000     8.7500     8.7488   3.649884   3.651612     1.8666      98.68     0.0319 5.1260e-02 3.6515e+02    117.427 290.478523    4.65098    34.5137    34.5331    26.7773    1486.48    1493.54 0.0000e+00
       2841    111.000     8.7196     8.7190   3.648027   3.649796     1.8630      98.80     0.0289 5.1273e-02 3.6598e+02    118.321 290.478534    4.65143    34.5233    34.5426    26.7896    1486.39    1493.48 0.0000e+00
       2862    112.000     8.6782     8.6781   3.645788   3.647617     1.8616      98.80     0.0288 5.1266e-02 3.6737e+02    119.203 290.478544    4.66924    34.5396    34.5590    26.8089    1486.28    1493.41 0.0000e+00
       2883    113.000     8.6585     8.6564   3.644744   3.646525     1.8615      95.58     0.0318 5.1273e-02 3.6738e+02    120.088 290.478554    4.67781    34.5474    34.5682    26.8180    1486.23    1493.35 0.0000e+00
       2904    114.000     8.6390     8.6371   3.643771   3.645513     1.8616      98.30     0.0367 5.1280e-02 3.6915e+02    120.964 290.478564    4.68126    34.5557    34.5759    26.8276    1486.18    1493.29 0.0000e+00
       2925    115.000     8.6207     8.6200   3.642714   3.644515     1.8618      98.81     0.0390 5.1273e-02 3.6948e+02    121.841 290.478575    4.68473    34.5619    34.5816    26.8353    1486.14    1493.22 0.0000e+00
       2946    116.000     8.5962     8.5953   3.641393   3.643143     1.8618      98.79     0.0380 5.1266e-02 3.6457e+02    122.724 290.478585    4.68290    34.5715    34.5908    26.8466    1486.08    1493.16 0.0000e+00
       2967    117.000     8.4986     8.4969   3.635691   3.637398     1.8611      98.71     0.0330 5.1266e-02 3.7105e+02    123.600 290.478595    4.68954    34.6062    34.6260    26.8891    1485.77    1493.10 0.0000e+00
       2989    118.000     8.4497     8.4488   3.633034   3.634812     1.8607      98.19     0.0311 5.1273e-02 3.7314e+02    124.487 290.478605    4.69317    34.6256    34.6453    26.9118    1485.63    1493.03 0.0000e+00
       3010    119.000     8.4260     8.4223   3.631413   3.632966     1.8601      98.17     0.0314 5.1266e-02 3.7321e+02    125.365 290.478615    4.69944    34.6312    34.6513    26.9198    1485.57    1492.97 0.0000e+00
       3031    120.000     8.3588     8.3567   3.627169   3.628871     1.8606      98.10     0.0319 5.1266e-02 3.7394e+02    126.240 290.478625    4.71909    34.6517    34.6719    26.9463    1485.36    1492.91 0.0000e+00
       3052    121.000     8.3064     8.3042   3.624081   3.625783     1.8621      98.49     0.0316 5.1280e-02 3.7515e+02    127.127 290.478636    4.73258    34.6700    34.6903    26.9686    1485.20    1492.84 0.0000e+00
       3073    122.000     8.2772     8.2761   3.622436   3.624228     1.8632      98.79     0.0312 5.1259e-02 3.7515e+02    128.013 290.478646    4.73259    34.6808    34.7009    26.9815    1485.12    1492.78 0.0000e+00
       3094    123.000     8.2554     8.2545   3.621265   3.623046     1.8632      98.81     0.0310 5.1273e-02 3.7682e+02    128.896 290.478656    4.73098    34.6893    34.7092    26.9916    1485.06    1492.72 0.0000e+00
       3116    124.000     8.2191     8.2171   3.619230   3.620968     1.8633      98.81     0.0298 5.1273e-02 3.7709e+02    129.777 290.478666    4.73487    34.7030    34.7235    27.0078    1484.96    1492.65 0.0000e+00
       3136    125.000     8.1829     8.1810   3.617281   3.619038     1.8632      98.80     0.0328 5.1273e-02 3.7797e+02    130.646 290.478676    4.73910    34.7174    34.7381    27.0247    1484.86    1492.59 0.0000e+00
       3158    126.000     8.1608     8.1594   3.616035   3.617824     1.8632      98.64     0.0310 5.1273e-02 3.7904e+02    131.525 290.478687    4.74665    34.7255    34.7460    27.0343    1484.80    1492.53 0.0000e+00
       3179    127.000     8.1533     8.1524   3.615641   3.617462     1.8642      98.81     0.0274 5.1266e-02 3.7656e+02    132.409 290.478697    4.76060    34.7282    34.7486    27.0376    1484.80    1492.47 0.0000e+00
       3200    128.000     8.1441     8.1439   3.615080   3.616968     1.8660      98.81     0.0252 5.1273e-02 3.7735e+02    133.293 290.478707    4.77735    34.7309    34.7512    27.0411    1484.78    1492.41 0.0000e+00
       3221    129.000     8.1427     8.1422   3.615077   3.616940     1.8689      98.82     0.0257 5.1273e-02 3.8097e+02    134.186 290.478717    4.78937    34.7317    34.7521    27.0420    1484.79    1492.35 0.0000e+00
       3243    130.000     8.1367     8.1362   3.614835   3.616698     1.8709      98.81     0.0280 5.1273e-02 3.8135e+02    135.076 290.478728    4.79333    34.7346    34.7550    27.0451    1484.79    1492.29 0.0000e+00
       3264    131.000     8.1197     8.1194   3.613835   3.615721     1.8728      98.82     0.0276 5.1273e-02 3.8292e+02    135.953 290.478738    4.79921    34.7402    34.7607    27.0521    1484.75    1492.23 0.0000e+00
       3285    132.000     8.0962     8.0954   3.612551   3.614378     1.8741      98.82     0.0279 5.1273e-02 3.8293e+02    136.830 290.478748    4.79725    34.7493    34.7697    27.0628    1484.69    1492.18 0.0000e+00
       3306    133.000     8.0615     8.0606   3.610615   3.612433     1.8742      98.82     0.0276 5.1273e-02 3.8385e+02    137.701 290.478758    4.79284    34.7625    34.7829    27.0784    1484.59    1492.12 0.0000e+00
       3327    134.000     8.0448     8.0440   3.609676   3.611510     1.8735      98.82     0.0260 5.1273e-02 3.8486e+02    138.576 290.478768    4.77998    34.7685    34.7890    27.0856    1484.55    1492.06 0.0000e+00
       3348    135.000     8.0400     8.0393   3.609439   3.611299     1.8708      69.69     0.0287 5.1246e-02 3.8487e+02    139.462 290.478778    4.76770    34.7703    34.7909    27.0877    1484.55    1492.01 0.0000e+00
       3369    136.000     8.0303     8.0297   3.608960   3.610832     1.8700      93.05     0.0307 5.1266e-02 3.8645e+02    140.339 290.478789    4.77940    34.7743    34.7949    27.0923    1484.54    1491.95 0.0000e+00
       3391    137.000     8.0235     8.0228   3.608654   3.610513     1.8693      98.82     0.0293 5.1273e-02 3.8681e+02    141.231 290.478799    4.78073    34.7772    34.7979    27.0957    1484.53    1491.90 0.0000e+00
       3412    138.000     8.0074     8.0066   3.607836   3.609666     1.8690      86.68     0.0303 5.1273e-02 3.8681e+02    142.114 290.478809    4.78102    34.7840    34.8044    27.1034    1484.50    1491.84 0.0000e+00
       3433    139.000     7.9813     7.9803   3.606529   3.608374     1.8686      74.01     0.0303 5.1273e-02 3.8204e+02    142.985 290.478819    4.78668    34.7954    34.8162    27.1163    1484.43    1491.79 0.0000e+00
       3454    140.000     7.9673     7.9666   3.605899   3.607744     1.8685      98.60     0.0295 5.1273e-02 3.8870e+02    143.868 290.478830    4.79389    34.8021    34.8226    27.1236    1484.40    1491.74 0.0000e+00
       3475    141.000     7.9621     7.9615   3.605712   3.607570     1.8696      98.80     0.0286 5.1259e-02 3.8876e+02    144.755 290.478840    4.80293    34.8047    34.8253    27.1265    1484.40    1491.68 0.0000e+00
       3496    142.000     7.9583     7.9578   3.605590   3.607457     1.8702      57.02     0.0288 5.1273e-02 3.8888e+02    145.637 290.478850    4.81993    34.8067    34.8273    27.1286    1484.40    1491.63 0.0000e+00
       3518    143.000     7.9382     7.9376   3.604861   3.606721     1.8742      99.03     0.0303 5.1266e-02 3.9051e+02    146.523 290.478860    4.84761    34.8184    34.8390    27.1408    1484.36    1491.58 0.0000e+00
       3539    144.000     7.9300     7.9292   3.604698   3.606564     1.8770      98.80     0.0279 5.1266e-02 3.9070e+02    147.406 290.478870    4.84977    34.8243    34.8452    27.1467    1484.35    1491.53 0.0000e+00
       3560    145.000     7.9262     7.9257   3.604517   3.606394     1.8787      70.94     0.0263 5.1273e-02 3.9070e+02    148.289 290.478881    4.84798    34.8257    34.8464    27.1483    1484.36    1491.48 0.0000e+00
