testdata/CTD/sta0428.cnv
* Sea-Bird SBE 9 Data File:
* FileName = C:\Seabird\CTDData\sta0428.hex
* Software Version Seasave V 7.21f
* Temperature SN = 4557
* Conductivity SN = 1337
* Number of Bytes Per Scan = 40
* Number of Voltage Words = 5
* Number of Scans Averaged by the Deck Unit = 1
* NMEA Latitude = 61 26.75 N
* NMEA Longitude = 004 56.51 E
* NMEA UTC (Time) = Oct 20 2018 04:25:36
* NMEA baud rate = 4800
** Ship: 10 F/F "G. O. Sars"
** Station: 0428
** Echodepth: 122
** Log: 5721.36
** Wind-Dir Force: 19 06
** Air-temp (dry): 9.6
** Weather Sky: 2 7
** Sea Ice: 3 0
# nquan = 20                                
# nvalues = 112                         
# units = specified
# name 0 = scan: Scan Count
# name 1 = prDM: Pressure, Digiquartz [db]
# name 2 = t068C: Temperature [ITS-68, deg C]
# name 3 = t168C: Temperature, 2 [ITS-68, deg C]
# name 4 = c0S/m: Conductivity [S/m]
# name 5 = c1S/m: Conductivity, 2 [S/m]
# name 6 = sbeox0V: Oxygen raw, SBE 43 [V]
# name 7 = altM: Altimeter [m]
# name 8 = flC: Fluorescence, Chelsea Aqua 3 Chl Con [ug/l]
# name 9 = par: PAR/Irradiance, Biospherical/Licor
# name 10 = spar: SPAR/Surface Irradiance
# name 11 = timeS: Time, Elapsed [seconds]
# name 12 = timeJ: Julian Days
# name 13 = sbeox0ML/L: Oxygen, SBE 43 [ml/l], WS = 2
# name 14 = sal00: Salinity, Practical [PSU]
# name 15 = sal11: Salinity, Practical, 2 [PSU]
# name 16 = sigma-t00: Density [sigma-t, Kg/m^3 ]
# name 17 = svCM: Sound Velocity [Chen-Millero, m/s]
# name 18 = avgsvCM: Average Sound Velocity [Chen-Millero, m/s], minP = 1, minS = 5
# name 19 = flag: flag
# span 0 =        285,       2739       
# span 1 =      5.000,    116.000       
# span 2 =     9.0831,    12.9719       
# span 3 =     9.0431,    12.9755       
# span 4 =   3.199547,   3.844269       
# span 5 =   3.202878,   3.846126       
# span 6 =     2.0324,     2.3029       
# span 7 =       7.61,      98.67       
# span 8 =     0.0334,     0.2323       
# span 9 = 5.1201e-02, 4.3937e-01       
# span 10 = 1.9438e+00, 1.9438e+00      
# span 11 =     11.823,    114.066      
# span 12 = 293.184604, 293.185788      
# span 13 =    5.14404,    5.98419      
# span 14 =    27.6474,    34.5209      
# span 15 =    27.6758,    34.5454      
# span 16 =    20.9654,    26.7300      
# span 17 =    1486.54,    1497.09      
# span 18 =    1486.54,    1494.61      
# span 19 = 0.0000e+00, 0.0000e+00      
# interval = decibars: 1                
# start_time = Oct 20 2018 04:25:38 [System UTC, header]
# bad_flag = -9.990e-29
*END*
[from data line 73]
       1875     78.000    11.9446    11.9460   3.838015   3.840070     2.1580      43.08     0.0480 5.1273e-02 1.9438e+00     78.079 293.185371    5.32070    33.4432    33.4619    25.3911    1496.05    1494.43 0.0000e+00
       1898     79.000    11.9382    11.9388   3.837857   3.839861     2.1592      42.62     0.0468 5.1273e-02 1.9438e+00     79.034 293.185382    5.32348    33.4470    33.4659    25.3952    1496.05    1494.45 0.0000e+00
       1919     80.000    11.9132    11.9152   3.836692   3.838761     2.1600      41.82     0.0476 5.1273e-02 -9.990e-29     79.931 293.185393    5.32237    33.4577    33.4760    25.4082    1495.99    1494.47 0.0000e+00
       1939     81.000    11.8801    11.8848   3.834952   3.837153     2.1594      40.79     0.0505 5.1273e-02 -9.990e-29     80.756 293.185402    5.31084    33.4701    33.4873    25.4240    1495.91    1494.49 0.0000e+00
       1958     82.000    11.8620    11.8642   3.834736   3.836715     2.1568      13.50     0.0558 5.1316e-02 -9.990e-29     81.557 293.185411    5.30335    33.4839    33.5011    25.4381    1495.88    1494.50 0.0000e+00
       1979     83.000    11.8829    11.8812   3.840274   3.841735     2.1557      26.90     0.0583 5.1280e-02 -9.990e-29     82.410 293.185421    5.31394    33.5185    33.5343    25.4611    1496.01    1494.52 0.0000e+00
       2001     84.000    11.8447    11.8496   3.842886   3.844811     2.1576      29.99     0.0511 5.1291e-02 1.9438e+00     83.349 293.185432    5.33672    33.5779    33.5923    25.5144    1495.97    1494.54 0.0000e+00
       2026     85.000    11.7576    11.7632   3.838534   3.840722     2.1599      26.43     0.0483 5.1290e-02 1.9438e+00     84.368 293.185444    5.33682    33.6138    33.6301    25.5585    1495.73    1494.55 0.0000e+00
       2049     86.000    11.7081    11.7150   3.836665   3.838815     2.1569      35.88     0.0472 5.1273e-02 1.9438e+00     85.342 293.185455    5.29144    33.6399    33.6547    25.5880    1495.60    1494.56 0.0000e+00
       2070     87.000    11.6820    11.6859   3.836541   3.838602     2.1491      20.33     0.0468 5.1308e-02 1.9438e+00     86.211 293.185465    5.25725    33.6619    33.6785    25.6099    1495.56    1494.58 0.0000e+00
       2090     88.000    11.6469    11.6531   3.836223   3.838302     2.1430      20.95     0.0488 5.1281e-02 1.9438e+00     87.052 293.185475    5.25599    33.6902    33.7049    25.6384    1495.49    1494.59 0.0000e+00
       2111     89.000    11.5836    11.5897   3.833940   3.836106     2.1386      26.89     0.0489 5.1273e-02 1.9438e+00     87.922 293.185485    5.25999    33.7250    33.7407    25.6771    1495.33    1494.59 0.0000e+00
       2134     90.000    11.5134    11.5251   3.831357   3.833718     2.1356      31.53     0.0467 5.1273e-02 1.9438e+00     88.855 293.185496    5.25747    33.7631    33.7757    25.7197    1495.15    1494.60 0.0000e+00
       2157     91.000    11.4754    11.4785   3.830144   3.832197     2.1301      31.06     0.0433 5.1267e-02 1.9438e+00     89.825 293.185507    5.23222    33.7855    33.8028    25.7441    1495.06    1494.61 0.0000e+00
       2179     92.000    11.3719    11.3845   3.823922   3.826490     2.1246      28.76     0.0419 5.1280e-02 1.9438e+00     90.766 293.185518    5.22979    33.8184    33.8322    25.7887    1494.75    1494.61 0.0000e+00
       2201     93.000    11.2743    11.2835   3.818509   3.820942     2.1202      14.39     0.0397 5.1280e-02 1.9438e+00     91.649 293.185528    5.22381    33.8540    33.8696    25.8341    1494.47    1494.61 0.0000e+00
       2221     94.000    11.2707    11.2715   3.818576   3.820537     2.1147      14.63     0.0399 5.1287e-02 -9.990e-29     92.502 293.185538    5.20527    33.8576    33.8762    25.8375    1494.48    1494.60 0.0000e+00
       2241     95.000    11.2688    11.2689   3.819373   3.821284     2.1104      14.73     0.0390 5.1295e-02 -9.990e-29     93.347 293.185548    5.20184    33.8668    33.8856    25.8450    1494.50    1494.60 0.0000e+00
       2263     96.000    11.2061    11.2168   3.816059   3.818403     2.1070      14.08     0.0387 5.1279e-02 -9.990e-29     94.249 293.185558    5.21103    33.8912    33.9045    25.8754    1494.33    1494.60 0.0000e+00
       2288     97.000    11.1146    11.1214   3.810650   3.812954     2.1054      13.01     0.0412 5.1296e-02 -9.990e-29     95.289 293.185570    5.21335    33.9214    33.9380    25.9155    1494.06    1494.60 0.0000e+00
       2312     98.000    11.1007    11.1014   3.809558   3.811553     2.1011      12.49     0.0389 5.1292e-02 1.9438e+00     96.310 293.185582    5.19059    33.9230    33.9421    25.9192    1494.03    1494.59 0.0000e+00
       2332     99.000    11.0898    11.0915   3.809195   3.811127     2.0977      11.99     0.0380 5.1307e-02 1.9438e+00     97.133 293.185592    5.18964    33.9290    33.9466    25.9258    1494.02    1494.58 0.0000e+00
       2349    100.000    10.9733    10.9800   3.803909   3.805975     2.0960      11.24     0.0414 5.1300e-02 1.9438e+00     97.820 293.185600    5.20023    33.9836    33.9980    25.9893    1493.69    1494.57 0.0000e+00
       2364    101.000    10.8340    10.8424   3.796736   3.798989     2.0944      10.36     0.0399 5.1309e-02 1.9438e+00     98.464 293.185607    5.20823    34.0409    34.0556    26.0587    1493.29    1494.56 0.0000e+00
       2381    102.000    10.7064    10.7252   3.788942   3.791898     2.0921       9.79     0.0370 5.1311e-02 1.9438e+00     99.183 293.185615    5.20677    34.0812    34.0933    26.1128    1492.90    1494.55 0.0000e+00
       2403    103.000    10.6098    10.6256   3.783121   3.785960     2.0876       9.05     0.0371 5.1315e-02 1.9438e+00    100.076 293.185626    5.18992    34.1125    34.1263    26.1542    1492.61    1494.53 0.0000e+00
       2430    104.000    10.5551    10.5646   3.779686   3.782233     2.0808       8.43     0.0379 5.1316e-02 -9.990e-29    101.218 293.185639    5.17994    34.1287    34.1454    26.1764    1492.46    1494.51 0.0000e+00
       2459    105.000    10.4902    10.4950   3.775631   3.777784     2.0766       8.39     0.0353 5.1311e-02 -9.990e-29    102.428 293.185653    5.18381    34.1482    34.1654    26.2029    1492.27    1494.49 0.0000e+00
       2484    106.000    10.3889    10.3961   3.769599   3.771810     2.0721       8.57     0.0359 5.1346e-02 -9.990e-29    103.439 293.185665    5.16563    34.1820    34.1976    26.2469    1491.96    1494.46 0.0000e+00
       2505    107.000    10.0727    10.1071   3.748747   3.752488     2.0668       8.70     0.0356 5.1308e-02 1.9438e+00    104.330 293.185675    5.18107    34.2683    34.2738    26.3686    1490.95    1494.43 0.0000e+00
       2525    108.000     9.6720     9.7159   3.722508   3.727048     2.0624       8.51     0.0350 5.1319e-02 1.9438e+00    105.173 293.185685    5.19664    34.3806    34.3853    26.5238    1489.66    1494.38 0.0000e+00
       2544    109.000     9.6073     9.6206   3.717781   3.720403     2.0545       9.79     0.0363 5.1303e-02 1.9438e+00    105.974 293.185694    5.14775    34.3934    34.4076    26.5446    1489.46    1494.34 0.0000e+00
       2563    110.000     9.5497     9.5623   3.713607   3.716168     2.0445      11.11     0.0375 5.1295e-02 1.9438e+00    106.766 293.185703    5.14404    34.4050    34.4194    26.5633    1489.28    1494.29 0.0000e+00
       2583    111.000     9.4209     9.4401   3.704562   3.707586     2.0414      10.65     0.0362 5.1266e-02 1.9438e+00    107.589 293.185713    5.19359    34.4348    34.4476    26.6077    1488.86    1494.24 0.0000e+00
       2605    112.000     9.3175     9.3259   3.697379   3.699714     2.0404      10.26     0.0337 5.1285e-02 1.9438e+00    108.483 293.185723    5.21218    34.4594    34.4755    26.6439    1488.53    1494.19 0.0000e+00
       2628    113.000     9.2589     9.2687   3.693222   3.695677     2.0387       9.99     0.0354 5.1297e-02 1.9438e+00    109.479 293.185735    5.19901    34.4722    34.4883    26.6635    1488.35    1494.14 0.0000e+00
       2652    114.000     9.1539     9.1630   3.686019   3.688393     2.0349       8.95     0.0350 5.1306e-02 1.9438e+00    110.441 293.185746    5.19722    34.4983    34.5142    26.7009    1488.02    1494.09 0.0000e+00
       2681    115.000     9.1615     9.1063   3.686511   3.684672     2.0324       8.22     0.0336 5.1325e-02 1.9438e+00    111.683 293.185760    5.20113    34.4956    34.5298    26.6975    1488.06    1494.03 0.0000e+00
       2739    116.000     9.0831     9.0431   3.681704   3.680338     2.0326       7.61     0.0334 5.1343e-02 -9.990e-29    114.066 293.185788    5.22701    34.5209    34.5454    26.7300    1487.82    1493.98 0.0000e+00
