testdata/CTD/sta0412.cnv
* Sea-Bird SBE 9 Data File:
* FileName = C:\Seabird\CTDData\sta0412.hex
* Software Version Seasave V 7.21f
* Temperature SN = 4557
* Conductivity SN = 1337
* Number of Bytes Per Scan = 40
* Number of Voltage Words = 5
* Number of Scans Averaged by the Deck Unit = 1
* NMEA Latitude = 60 52.30 N
* NMEA Longitude = 005 24.69 E
* NMEA UTC (Time) = Oct 15 2018 05:04:40
* NMEA baud rate = 4800
** Ship: 10 F/F "G. O. Sars"
** Station: 0412
** Echodepth: 479
** Log: 5378
** Wind-Dir Force: 89 03
** Air-temp (dry): 6.5
** Weather Sky: 2 5
** Sea Ice: 1 0
# nquan = 20                                
# nvalues = 472                         
# units = specified
# name 0 = scan: Scan Count
# name 1 = prDM: Pressure, Digiquartz [db]
# name 2 = t068C: Temperature [ITS-68, deg C]
# name 3 = t168C: Temperature, 2 [ITS-68, deg C]
# name 4 = c0S/m: Conductivity [S/m]
# name 5 = c1S/m: Conductivity, 2 [S/m]
# name 6 = sbeox0V: Oxygen raw, SBE 43 [V]
# name 7 = altM: Altimeter [m]
# name 8 = flC: Fluorescence, Chelsea Aqua 3 Chl Con [ug/l]
# name 9 = par: PAR/Irradiance, Biospherical/Licor
# name 10 = spar: SPAR/Surface Irradiance
# name 11 = timeS: Time, Elapsed [seconds]
# name 12 = timeJ: Julian Days
# name 13 = sbeox0ML/L: Oxygen, SBE 43 [ml/l], WS = 2
# name 14 = sal00: Salinity, Practical [PSU]
# name 15 = sal11: Salinity, Practical, 2 [PSU]
# name 16 = sigma-t00: Density [sigma-t, Kg/m^3 ]
# name 17 = svCM: Sound Velocity [Chen-Millero, m/s]
# name 18 = avgsvCM: Average Sound Velocity [Chen-Millero, m/s], minP = 1, minS = 5
# name 19 = flag: flag
# span 0 =        761,      10845       
# span 1 =      4.000,    475.000       
# span 2 =     8.0878,    15.8131       
# span 3 =     8.0876,    15.8225       
# span 4 =   3.500385,   3.988715       
# span 5 =   3.521573,   3.991258       
# span 6 =     0.8790,     2.1540       
# span 7 =      13.13,      99.49       
# span 8 =     0.0194,     0.1461       
# span 9 = 5.1232e-02, 2.7033e-01       
# span 10 = 1.2750e+01, 5.0452e+01      
# span 11 =     31.678,    451.826      
# span 12 = 288.211976, 288.216838      
# span 13 =    1.30790,    5.39544      
# span 14 =    28.1826,    35.0232      
# span 15 =    28.3504,    35.0473      
# span 16 =    20.8061,    27.2610      
# span 17 =    1485.08,    1505.31      
# span 18 =    1488.91,    1501.74      
# span 19 = 0.0000e+00, 0.0000e+00      
# interval = decibars: 1                
# start_time = Oct 15 2018 05:04:43 [System UTC, header]
# bad_flag = -9.990e-29
*END*
[from data line 145]
       3874    149.000     8.1418     8.1419   3.636783   3.639087     1.6251      98.80     0.0303 5.1273e-02 2.7213e+01    161.392 288.213477    3.87948    34.9552    34.9797    27.2176    1485.40    1491.55 0.0000e+00
       3896    150.000     8.1401     8.1394   3.636665   3.638886     1.6225      98.80     0.0278 5.1273e-02 2.7169e+01    162.271 288.213487    3.88012    34.9551    34.9796    27.2178    1485.41    1491.51 0.0000e+00
       3917    151.000     8.1394     8.1392   3.636652   3.638911     1.6208      98.80     0.0270 5.1260e-02 -9.990e-29    163.154 288.213497    3.87970    34.9552    34.9796    27.2180    1485.42    1491.47 0.0000e+00
       3938    152.000     8.1394     8.1390   3.636699   3.638930     1.6195      98.80     0.0284 5.1273e-02 -9.990e-29    164.032 288.213507    3.89038    34.9552    34.9795    27.2180    1485.44    1491.43 0.0000e+00
       3959    153.000     8.1372     8.1367   3.636513   3.638756     1.6206      98.79     0.0321 5.1273e-02 -9.990e-29    164.910 288.213517    3.91354    34.9549    34.9794    27.2181    1485.44    1491.39 0.0000e+00
       3980    154.000     8.1366     8.1362   3.636531   3.638769     1.6231      98.80     0.0315 5.1273e-02 -9.990e-29    165.795 288.213528    3.92478    34.9552    34.9796    27.2184    1485.46    1491.35 0.0000e+00
       4001    155.000     8.1357     8.1353   3.636519   3.638765     1.6246      98.79     0.0321 5.1273e-02 2.5333e+01    166.673 288.213538    3.92521    34.9555    34.9800    27.2188    1485.47    1491.32 0.0000e+00
       4022    156.000     8.1357     8.1353   3.636586   3.638827     1.6260      98.79     0.0279 5.1273e-02 2.2167e+01    167.551 288.213548    3.92794    34.9558    34.9802    27.2190    1485.49    1491.28 0.0000e+00
       4043    157.000     8.1359     8.1355   3.636699   3.638933     1.6271      98.79     0.0266 5.1273e-02 2.5328e+01    168.434 288.213558    3.93159    34.9563    34.9806    27.2193    1485.51    1491.24 0.0000e+00
       4064    158.000     8.1342     8.1337   3.636600   3.638828     1.6283      98.78     0.0283 5.1273e-02 2.5269e+01    169.309 288.213568    3.93458    34.9564    34.9808    27.2197    1485.52    1491.21 0.0000e+00
       4086    159.000     8.1331     8.1327   3.636541   3.638780     1.6288      98.78     0.0255 5.1273e-02 2.5269e+01    170.190 288.213579    3.93029    34.9564    34.9808    27.2199    1485.53    1491.17 0.0000e+00
       4107    160.000     8.1312     8.1308   3.636411   3.638641     1.6288      98.78     0.0262 5.1266e-02 2.5269e+01    171.071 288.213589    3.92152    34.9564    34.9807    27.2202    1485.54    1491.13 0.0000e+00
       4128    161.000     8.1296     8.1292   3.636310   3.638535     1.6273      98.78     0.0247 5.1253e-02 2.5269e+01    171.949 288.213599    3.90775    34.9565    34.9807    27.2204    1485.55    1491.10 0.0000e+00
       4149    162.000     8.1286     8.1283   3.636273   3.638511     1.6257      98.78     0.0257 5.1266e-02 2.5269e+01    172.835 288.213609    3.90748    34.9566    34.9808    27.2207    1485.56    1491.06 0.0000e+00
       4170    163.000     8.1277     8.1273   3.636248   3.638467     1.6250      98.78     0.0243 5.1273e-02 2.5269e+01    173.717 288.213619    3.91424    34.9567    34.9809    27.2209    1485.57    1491.03 0.0000e+00
       4191    164.000     8.1266     8.1266   3.636211   3.638473     1.6250      98.78     0.0214 5.1260e-02 2.5269e+01    174.601 288.213630    3.91882    34.9569    34.9812    27.2213    1485.59    1491.00 0.0000e+00
       4213    165.000     8.1274     8.1272   3.636361   3.638607     1.6253      98.76     0.0243 5.1273e-02 2.5269e+01    175.487 288.213640    3.92662    34.9573    34.9815    27.2214    1485.61    1490.97 0.0000e+00
       4234    166.000     8.1277     8.1271   3.636445   3.638650     1.6264      98.64     0.0267 5.1266e-02 2.5178e+01    176.365 288.213650    3.93368    34.9574    34.9816    27.2214    1485.62    1490.93 0.0000e+00
       4255    167.000     8.1277     8.1273   3.636488   3.638718     1.6275      98.05     0.0287 5.1259e-02 2.5176e+01    177.248 288.213660    3.93341    34.9574    34.9816    27.2214    1485.64    1490.90 0.0000e+00
       4276    168.000     8.1282     8.1277   3.636594   3.638794     1.6276      96.66     0.0268 5.1280e-02 2.4749e+01    178.127 288.213670    3.92389    34.9575    34.9816    27.2215    1485.66    1490.87 0.0000e+00
       4297    169.000     8.1268     8.1261   3.636503   3.638694     1.6265      91.61     0.0247 5.1232e-02 2.2580e+01    179.005 288.213681    3.91430    34.9574    34.9816    27.2216    1485.67    1490.84 0.0000e+00
       4318    170.000     8.1242     8.1238   3.636300   3.638515     1.6254      90.29     0.0240 5.1246e-02 2.5307e+01    179.888 288.213691    3.91300    34.9574    34.9815    27.2220    1485.68    1490.81 0.0000e+00
       4339    171.000     8.1235     8.1230   3.636274   3.638479     1.6246      89.90     0.0264 5.1260e-02 2.5269e+01    180.767 288.213701    3.91096    34.9573    34.9814    27.2220    1485.69    1490.78 0.0000e+00
       4360    172.000     8.1226     8.1224   3.636237   3.638477     1.6235      90.40     0.0278 5.1266e-02 2.5269e+01    181.645 288.213711    3.90741    34.9573    34.9815    27.2222    1485.70    1490.75 0.0000e+00
       4382    173.000     8.1229     8.1226   3.636304   3.638535     1.6228      89.99     0.0238 5.1253e-02 2.5269e+01    182.529 288.213721    3.91271    34.9573    34.9815    27.2221    1485.72    1490.72 0.0000e+00
       4403    174.000     8.1231     8.1228   3.636384   3.638592     1.6232      89.52     0.0221 5.1239e-02 2.5152e+01    183.407 288.213732    3.92698    34.9574    34.9814    27.2222    1485.74    1490.69 0.0000e+00
       4424    175.000     8.1227     8.1219   3.636386   3.638561     1.6248      90.28     0.0274 5.1246e-02 -9.990e-29    184.291 288.213742    3.93778    34.9574    34.9815    27.2222    1485.75    1490.66 0.0000e+00
       4445    176.000     8.1226     8.1224   3.636406   3.638647     1.6261      94.45     0.0298 5.1266e-02 -9.990e-29    185.178 288.213752    3.93403    34.9572    34.9814    27.2221    1485.77    1490.63 0.0000e+00
       4466    177.000     8.1197     8.1197   3.636158   3.638416     1.6262      98.77     0.0293 5.1273e-02 -9.990e-29    186.056 288.213762    3.93554    34.9570    34.9811    27.2223    1485.77    1490.61 0.0000e+00
       4488    178.000     8.1194     8.1192   3.636174   3.638398     1.6274      98.57     0.0296 5.1260e-02 -9.990e-29    186.940 288.213772    3.94058    34.9569    34.9810    27.2224    1485.79    1490.58 0.0000e+00
       4509    179.000     8.1177     8.1167   3.636051   3.638201     1.6277      98.45     0.0253 5.1266e-02 2.0165e+01    187.824 288.213783    3.94523    34.9568    34.9809    27.2225    1485.80    1490.55 0.0000e+00
       4530    180.000     8.1131     8.1128   3.635667   3.637882     1.6295      98.69     0.0258 5.1273e-02 2.3312e+01    188.705 288.213793    3.96521    34.9568    34.9808    27.2232    1485.80    1490.53 0.0000e+00
       4551    181.000     8.1124     8.1120   3.635621   3.637836     1.6320      98.78     0.0257 5.1273e-02 2.3325e+01    189.587 288.213803    3.97580    34.9565    34.9807    27.2231    1485.81    1490.50 0.0000e+00
       4572    182.000     8.1104     8.1101   3.635463   3.637689     1.6343      98.76     0.0265 5.1259e-02 2.3325e+01    190.468 288.213813    3.98711    34.9564    34.9805    27.2233    1485.82    1490.47 0.0000e+00
       4593    183.000     8.1086     8.1082   3.635311   3.637523     1.6373      91.16     0.0252 5.1273e-02 2.3325e+01    191.346 288.213823    3.99977    34.9560    34.9801    27.2233    1485.83    1490.45 0.0000e+00
       4614    184.000     8.1048     8.1044   3.634969   3.637172     1.6399      33.55     0.0260 5.1301e-02 2.3325e+01    192.227 288.213834    4.02409    34.9557    34.9797    27.2236    1485.83    1490.42 0.0000e+00
       4636    185.000     8.1036     8.1032   3.634888   3.637100     1.6455      98.98     0.0274 5.1266e-02 2.3325e+01    193.107 288.213844    4.05164    34.9555    34.9796    27.2236    1485.84    1490.40 0.0000e+00
       4657    186.000     8.1008     8.1004   3.634648   3.636844     1.6500      98.78     0.0266 5.1266e-02 2.3325e+01    193.987 288.213854    4.06724    34.9553    34.9792    27.2239    1485.85    1490.37 0.0000e+00
       4678    187.000     8.1000     8.0996   3.634610   3.636812     1.6552      98.77     0.0265 5.1273e-02 2.3325e+01    194.870 288.213864    4.09528    34.9552    34.9792    27.2239    1485.86    1490.35 0.0000e+00
       4699    188.000     8.0985     8.0980   3.634492   3.636689     1.6612      98.70     0.0285 5.1273e-02 2.3325e+01    195.747 288.213874    4.12115    34.9549    34.9790    27.2239    1485.87    1490.33 0.0000e+00
       4720    189.000     8.0970     8.0966   3.634389   3.636585     1.6674      98.64     0.0283 5.1273e-02 2.3325e+01    196.631 288.213885    4.14193    34.9548    34.9787    27.2241    1485.88    1490.30 0.0000e+00
       4741    190.000     8.0957     8.0954   3.634317   3.636512     1.6729      96.63     0.0271 5.1273e-02 2.0521e+01    197.513 288.213895    4.15774    34.9549    34.9787    27.2243    1485.90    1490.28 0.0000e+00
       4763    191.000     8.0950     8.0946   3.634297   3.636513     1.6784      93.61     0.0258 5.1273e-02 2.3325e+01    198.396 288.213905    4.17869    34.9549    34.9790    27.2244    1485.91    1490.26 0.0000e+00
       4784    192.000     8.0947     8.0944   3.634339   3.636551     1.6841      93.81     0.0280 5.1259e-02 2.3325e+01    199.278 288.213915    4.20539    34.9551    34.9791    27.2247    1485.93    1490.23 0.0000e+00
       4805    193.000     8.0957     8.0953   3.634499   3.636706     1.6905      93.91     0.0262 5.1259e-02 2.3325e+01    200.155 288.213925    4.22706    34.9554    34.9794    27.2247    1485.95    1490.21 0.0000e+00
       4826    194.000     8.0957     8.0953   3.634552   3.636754     1.6961      93.67     0.0258 5.1266e-02 -9.990e-29    201.047 288.213936    4.23848    34.9555    34.9794    27.2248    1485.96    1490.19 0.0000e+00
       4848    195.000     8.0951     8.0947   3.634565   3.636761     1.7006      93.65     0.0227 5.1280e-02 -9.990e-29    201.945 288.213946    4.24344    34.9557    34.9796    27.2251    1485.98    1490.17 0.0000e+00
       4869    196.000     8.0944     8.0940   3.634541   3.636733     1.7039      93.21     0.0246 5.1259e-02 -9.990e-29    202.829 288.213956    4.24341    34.9557    34.9795    27.2251    1485.99    1490.15 0.0000e+00
       4890    197.000     8.0921     8.0917   3.634366   3.636546     1.7057      52.51     0.0221 5.1273e-02 2.3325e+01    203.724 288.213967    4.24309    34.9556    34.9793    27.2254    1486.00    1490.13 0.0000e+00
       4912    198.000     8.0916     8.0915   3.634361   3.636575     1.7079      77.14     0.0215 5.1266e-02 2.3325e+01    204.613 288.213977    4.25376    34.9556    34.9794    27.2255    1486.01    1490.11 0.0000e+00
       4933    199.000     8.0915     8.0912   3.634391   3.636599     1.7096      98.63     0.0229 5.1273e-02 2.3325e+01    205.494 288.213987    4.25391    34.9555    34.9794    27.2254    1486.03    1490.08 0.0000e+00
       4954    200.000     8.0925     8.0922   3.634598   3.636799     1.7110      98.78     0.0245 5.1273e-02 2.3325e+01    206.387 288.213998    4.26207    34.9562    34.9801    27.2259    1486.05    1490.06 0.0000e+00
       4975    201.000     8.0928     8.0925   3.634678   3.636873     1.7130      98.78     0.0244 5.1273e-02 2.2534e+01    207.266 288.214008    4.27204    34.9563    34.9801    27.2259    1486.07    1490.04 0.0000e+00
       4997    202.000     8.0922     8.0920   3.634663   3.636869     1.7146      98.78     0.0271 5.1273e-02 2.0644e+01    208.169 288.214018    4.27335    34.9563    34.9801    27.2259    1486.08    1490.02 0.0000e+00
       5019    203.000     8.0910     8.0909   3.634585   3.636797     1.7160      98.78     0.0295 5.1273e-02 2.3315e+01    209.080 288.214029    4.26536    34.9561    34.9799    27.2260    1486.09    1490.01 0.0000e+00
       5040    204.000     8.0933     8.0937   3.634916   3.637201     1.7146      29.98     0.0271 5.1312e-02 2.3145e+01    209.971 288.214039    4.25722    34.9569    34.9810    27.2263    1486.12    1489.99 0.0000e+00
       5062    205.000     8.0961     8.0948   3.635269   3.637357     1.7155      97.42     0.0279 5.1274e-02 2.2715e+01    210.878 288.214050    4.27209    34.9574    34.9811    27.2263    1486.15    1489.97 0.0000e+00
       5084    206.000     8.0989     8.0986   3.635648   3.637853     1.7164      98.78     0.0278 5.1273e-02 2.2165e+01    211.785 288.214060    4.27214    34.9582    34.9821    27.2264    1486.17    1489.95 0.0000e+00
       5105    207.000     8.1032     8.1026   3.636160   3.638327     1.7162      98.78     0.0289 5.1273e-02 2.2760e+01    212.675 288.214070    4.24618    34.9589    34.9827    27.2264    1486.21    1489.93 0.0000e+00
       5127    208.000     8.1034     8.1031   3.636224   3.638429     1.7121      98.78     0.0266 5.1273e-02 2.2232e+01    213.586 288.214081    4.20493    34.9589    34.9828    27.2263    1486.23    1489.91 0.0000e+00
       5149    209.000     8.1034     8.1032   3.636279   3.638481     1.7065      98.78     0.0253 5.1253e-02 2.2301e+01    214.482 288.214091    4.16245    34.9590    34.9828    27.2264    1486.24    1489.90 0.0000e+00
       5170    210.000     8.1026     8.1023   3.636240   3.638431     1.6973      86.19     0.0237 5.1279e-02 2.1942e+01    215.386 288.214102    4.10183    34.9589    34.9827    27.2265    1486.26    1489.88 0.0000e+00
       5192    211.000     8.1021     8.1017   3.636229   3.638401     1.6863      50.08     0.0249 5.1280e-02 2.1721e+01    216.304 288.214112    4.07287    34.9588    34.9825    27.2264    1486.27    1489.86 0.0000e+00
       5214    212.000     8.1008     8.1004   3.636125   3.638308     1.6783      98.30     0.0223 5.1273e-02 1.6915e+01    217.200 288.214123    4.06500    34.9585    34.9823    27.2264    1486.28    1489.84 0.0000e+00
       5236    213.000     8.0980     8.0977   3.635860   3.638048     1.6726      98.76     0.0235 5.1273e-02 2.1387e+01    218.121 288.214133    4.07779    34.9580    34.9817    27.2264    1486.29    1489.83 0.0000e+00
       5258    214.000     8.0905     8.0901   3.635092   3.637277     1.6701      98.73     0.0274 5.1273e-02 2.1631e+01    219.034 288.214144    4.08670    34.9568    34.9806    27.2266    1486.27    1489.81 0.0000e+00
       5280    215.000     8.0885     8.0882   3.634931   3.637122     1.6683      98.44     0.0306 5.1273e-02 2.1469e+01    219.947 288.214155    4.09566    34.9565    34.9803    27.2267    1486.28    1489.79 0.0000e+00
       5302    216.000     8.0884     8.0881   3.634975   3.637162     1.6691      97.42     0.0303 5.1273e-02 2.1497e+01    220.873 288.214165    4.13576    34.9566    34.9804    27.2268    1486.30    1489.78 0.0000e+00
       5324    217.000     8.0885     8.0883   3.635032   3.637228     1.6745      46.27     0.0297 5.1286e-02 2.1799e+01    221.774 288.214176    4.19840    34.9567    34.9804    27.2268    1486.31    1489.76 0.0000e+00
       5346    218.000     8.0887     8.0885   3.635106   3.637295     1.6849      77.38     0.0268 5.1286e-02 2.2397e+01    222.710 288.214186    4.26265    34.9568    34.9804    27.2269    1486.33    1489.75 0.0000e+00
       5368    219.000     8.0889     8.0887   3.635175   3.637365     1.6953      93.40     0.0268 5.1260e-02 2.2642e+01    223.639 288.214197    4.28745    34.9568    34.9805    27.2269    1486.35    1489.73 0.0000e+00
       5390    220.000     8.0904     8.0902   3.635398   3.637599     1.7034      91.57     0.0267 5.1253e-02 2.2097e+01    224.549 288.214208    4.29847    34.9572    34.9810    27.2270    1486.37    1489.72 0.0000e+00
