testdata/CTD/sta0403.cnv
* Sea-Bird SBE 9 Data File:
* FileName = C:\Seabird\CTDData\sta0403.hex
* Software Version Seasave V 7.21f
* Temperature SN = 4557
* Conductivity SN = 1337
* Number of Bytes Per Scan = 40
* Number of Voltage Words = 5
* Number of Scans Averaged by the Deck Unit = 1
* NMEA Latitude = 60 48.35 N
* NMEA Longitude = 005 17.04 E
* NMEA UTC (Time) = Oct 14 2018 04:59:48
* NMEA baud rate = 4800
** Ship: 10 F/F "G. O. Sars"
** Station: 0403
** Echodepth: 196
** Log: 5336.42
** Wind-Dir Force: 17 15
** Air-temp (dry): 18.9
** Weather Sky: 8 8
** Sea Ice: 3 0
# nquan = 20                                
# nvalues = 187                         
# units = specified
# name 0 = scan: Scan Count
# name 1 = prDM: Pressure, Digiquartz [db]
# name 2 = t068C: Temperature [ITS-68, deg C]
# name 3 = t168C: Temperature, 2 [ITS-68, deg C]
# name 4 = c0S/m: Conductivity [S/m]
# name 5 = c1S/m: Conductivity, 2 [S/m]
# name 6 = sbeox0V: Oxygen raw, SBE 43 [V]
# name 7 = altM: Altimeter [m]
# name 8 = flC: Fluorescence, Chelsea Aqua 3 Chl Con [ug/l]
# name 9 = par: PAR/Irradiance, Biospherical/Licor
# name 10 = spar: SPAR/Surface Irradiance
# name 11 = timeS: Time, Elapsed [seconds]
# name 12 = timeJ: Julian Days
# name 13 = sbeox0ML/L: Oxygen, SBE 43 [ml/l], WS = 2
# name 14 = sal00: Salinity, Practical [PSU]
# name 15 = sal11: Salinity, Practical, 2 [PSU]
# name 16 = sigma-t00: Density [sigma-t, Kg/m^3 ]
# name 17 = svCM: Sound Velocity [Chen-Millero, m/s]
# name 18 = avgsvCM: Average Sound Velocity [Chen-Millero, m/s], minP = 1, minS = 5
# name 19 = flag: flag
# span 0 =        845,       4830       
# span 1 =      4.000,    190.000       
# span 2 =     7.9952,    14.5232       
# span 3 =     7.9944,    14.5326       
# span 4 =   3.460833,   3.870438       
# span 5 =   3.462651,   3.872657       
# span 6 =     1.8090,     2.1894       
# span 7 =       5.66,      99.03       
# span 8 =     0.0240,     0.1759       
# span 9 = 5.1241e-02, 4.5883e-01       
# span 10 = 1.9438e+00, 1.9438e+00      
# span 11 =     35.156,    201.204      
# span 12 = 287.208624, 287.210546      
# span 13 =    4.56794,    5.37299      
# span 14 =    28.3650,    35.0009      
# span 15 =    28.3825,    35.0249      
# span 16 =    21.0939,    27.2756      
# span 17 =    1485.10,    1500.57      
# span 18 =    1491.18,    1498.44      
# span 19 = 0.0000e+00, 0.0000e+00      
# interval = decibars: 1                
# start_time = Oct 14 2018 04:59:50 [System UTC, header]
# bad_flag = -9.990e-29
*END*
        845      4.000    13.8629    13.8616   3.460833   3.462651     2.1894      98.68     0.1759 4.5883e-01 1.9438e+00     35.156 287.208624    5.30680    28.3650    28.3825    21.0939    1495.30    1495.30 0.0000e+00
        884      5.000    13.9866    13.9912   3.570120   3.574960     2.1859      98.68     0.1685 3.2661e-01 1.9438e+00     36.785 287.208643    5.24854    29.2656    29.3061    21.7637    1496.78    1495.59 0.0000e+00
        908      6.000    14.0123    14.0148   3.623092   3.626729     2.1849      98.68     0.1585 2.3257e-01 1.9438e+00     37.807 287.208655    5.24018    29.7278    29.7590    22.1150    1497.42    1495.90 0.0000e+00
        929      7.000    14.0731    14.0700   3.661187   3.664082     2.1857      98.71     0.1517 1.4573e-01 -9.990e-29     38.667 287.208665    5.22652    30.0274    30.0562    22.3338    1497.99    1496.19 0.0000e+00
        950      8.000    14.1666    14.1589   3.693501   3.694957     2.1853      82.10     0.1513 1.0232e-01 -9.990e-29     39.552 287.208675    5.20107    30.2483    30.2675    22.4852    1498.57    1496.49 0.0000e+00
        972      9.000    14.5232    14.5326   3.802107   3.807275     2.1839      70.14     0.1373 7.8868e-02 -9.990e-29     40.439 287.208686    5.13623    30.9521    30.9914    22.9544    1500.57    1496.94 0.0000e+00
        993     10.000    14.3812    14.3720   3.818884   3.821332     2.1832      98.94     0.1092 5.7037e-02 -9.990e-29     41.338 287.208696    5.14568    31.2178    31.2475    23.1887    1500.43    1497.29 0.0000e+00
       1014     11.000    14.0196    14.0183   3.817565   3.819960     2.1821      98.80     0.0984 5.1345e-02 -9.990e-29     42.228 287.208706    5.11354    31.4990    31.5221    23.4798    1499.60    1497.50 0.0000e+00
       1036     12.000    14.0314    14.0256   3.835381   3.837048     2.1625      53.50     0.0915 5.1274e-02 -9.990e-29     43.132 287.208717    4.98557    31.6526    31.6727    23.5960    1499.84    1497.69 0.0000e+00
       1058     13.000    13.8927    13.8898   3.830464   3.833251     2.1444      98.28     0.0834 5.1266e-02 -9.990e-29     44.032 287.208727    4.98885    31.7212    31.7493    23.6772    1499.48    1497.83 0.0000e+00
       1079     14.000    13.8114    13.8152   3.839426   3.842031     2.1374      14.87     0.0815 5.1280e-02 -9.990e-29     44.920 287.208737    5.01997    31.8709    31.8918    23.8092    1499.40    1497.94 0.0000e+00
       1101     15.000    13.9004    13.8983   3.862788   3.864978     2.1351      57.52     0.0767 5.1280e-02 1.9438e+00     45.824 287.208748    5.02206    32.0122    32.0342    23.9003    1499.88    1498.07 0.0000e+00
       1122     16.000    13.9049    13.9074   3.870438   3.872657     2.1359      63.56     0.0697 5.1280e-02 1.9438e+00     46.719 287.208758    5.04388    32.0787    32.0971    23.9507    1499.99    1498.19 0.0000e+00
       1144     17.000    13.7601    13.7568   3.861882   3.863609     2.1394      99.03     0.0647 5.1280e-02 1.9438e+00     47.611 287.208769    5.06371    32.1203    32.1391    24.0122    1499.58    1498.27 0.0000e+00
       1165     18.000    13.5609    13.5233   3.840461   3.838469     2.1387      98.66     0.0665 5.1273e-02 1.9438e+00     48.505 287.208779    5.05545    32.0881    32.1011    24.0275    1498.90    1498.31 0.0000e+00
       1187     19.000    13.4538    13.4544   3.830724   3.832870     2.1341      98.51     0.0687 5.1273e-02 1.9438e+00     49.401 287.208789    5.04270    32.0870    32.1065    24.0481    1498.56    1498.32 0.0000e+00
       1208     20.000    13.4540    13.4528   3.831768   3.833888     2.1296      98.73     0.0704 5.1273e-02 1.9438e+00     50.300 287.208800    5.05128    32.0961    32.1169    24.0552    1498.59    1498.34 0.0000e+00
       1230     21.000    13.4489    13.4493   3.831636   3.833860     2.1327      98.78     0.0727 5.1273e-02 -9.990e-29     51.191 287.208810    5.11187    32.0988    32.1192    24.0582    1498.59    1498.35 0.0000e+00
       1251     22.000    13.4538    13.4558   3.839348   3.842075     2.1423      98.78     0.0711 5.1267e-02 -9.990e-29     52.090 287.208820    5.15928    32.1662    32.1900    24.1094    1498.70    1498.36 0.0000e+00
       1273     23.000    13.4779    13.4785   3.853376   3.855548     2.1518      98.77     0.0650 5.1273e-02 -9.990e-29     52.991 287.208831    5.16924    32.2764    32.2961    24.1897    1498.93    1498.39 0.0000e+00
       1294     24.000    13.4152    13.4138   3.857780   3.859996     2.1572      98.72     0.0600 5.1252e-02 -9.990e-29     53.885 287.208841    5.15982    32.3702    32.3921    24.2748    1498.85    1498.41 0.0000e+00
       1316     25.000    13.3878    13.3874   3.856126   3.858237     2.1568      98.48     0.0650 5.1273e-02 -9.990e-29     54.783 287.208852    5.13338    32.3776    32.3977    24.2860    1498.78    1498.42 0.0000e+00
       1338     26.000    13.3674    13.3687   3.855920   3.858501     2.1542      98.38     0.0590 5.1273e-02 -9.990e-29     55.695 287.208862    5.13350    32.3926    32.4157    24.3017    1498.75    1498.43 0.0000e+00
       1359     27.000    13.3372    13.3402   3.856190   3.858476     2.1549      97.56     0.0573 5.1273e-02 -9.990e-29     56.591 287.208873    5.14746    32.4204    32.4393    24.3292    1498.70    1498.44 0.0000e+00
       1381     28.000    13.2372    13.2373   3.852606   3.854795     2.1547      98.76     0.0575 5.1273e-02 -9.990e-29     57.493 287.208883    5.14643    32.4717    32.4921    24.3887    1498.44    1498.44 0.0000e+00
       1403     29.000    13.1886    13.1882   3.850380   3.852571     2.1527      98.80     0.0573 5.1273e-02 -9.990e-29     58.404 287.208894    5.13573    32.4919    32.5128    24.4140    1498.32    1498.44 0.0000e+00
       1424     30.000    13.1643    13.1651   3.850392   3.852699     2.1497      98.80     0.0577 5.1273e-02 -9.990e-29     59.311 287.208904    5.13624    32.5124    32.5334    24.4346    1498.28    1498.43 0.0000e+00
       1446     31.000    13.0794    13.0776   3.846936   3.848989     2.1500      98.80     0.0596 5.1267e-02 -9.990e-29     60.218 287.208915    5.16302    32.5522    32.5731    24.4822    1498.06    1498.42 0.0000e+00
       1468     32.000    12.9690    12.9672   3.840893   3.842900     2.1515      98.80     0.0619 5.1259e-02 -9.990e-29     61.113 287.208925    5.18105    32.5896    32.6101    24.5328    1497.75    1498.40 0.0000e+00
       1489     33.000    12.9342    12.9338   3.840711   3.842869     2.1530      98.80     0.0663 5.1273e-02 -9.990e-29     62.005 287.208935    5.19072    32.6175    32.6382    24.5612    1497.68    1498.38 0.0000e+00
       1511     34.000    12.9109    12.9101   3.839325   3.841420     2.1546      98.79     0.0693 5.1273e-02 1.9438e+00     62.901 287.208946    5.20699    32.6240    32.6446    24.5708    1497.63    1498.36 0.0000e+00
       1532     35.000    12.8513    12.8450   3.835268   3.836685     2.1587      98.80     0.0701 5.1280e-02 1.9438e+00     63.787 287.208956    5.23299    32.6366    32.6555    24.5922    1497.46    1498.33 0.0000e+00
       1553     36.000    12.6634    12.6599   3.819772   3.821519     2.1616      98.80     0.0683 5.1273e-02 1.9438e+00     64.672 287.208966    5.25184    32.6515    32.6712    24.6402    1496.86    1498.29 0.0000e+00
       1574     37.000    12.5993    12.5958   3.820135   3.822165     2.1624      98.80     0.0724 5.1273e-02 1.9438e+00     65.562 287.208976    5.24487    32.7102    32.7326    24.6980    1496.73    1498.25 0.0000e+00
       1596     38.000    12.5693    12.5694   3.819578   3.821800     2.1610      98.80     0.0733 5.1273e-02 1.9438e+00     66.452 287.208987    5.24164    32.7305    32.7516    24.7196    1496.67    1498.21 0.0000e+00
       1617     39.000    12.5557    12.5540   3.819369   3.821409     2.1614      98.80     0.0712 5.1273e-02 -9.990e-29     67.350 287.208997    5.26538    32.7399    32.7609    24.7295    1496.65    1498.17 0.0000e+00
       1639     40.000    12.5224    12.5190   3.817170   3.819058     2.1658      98.80     0.0688 5.1273e-02 -9.990e-29     68.252 287.209008    5.30764    32.7475    32.7685    24.7417    1496.57    1498.13 0.0000e+00
       1661     41.000    12.4206    12.4180   3.810087   3.811979     2.1726      98.80     0.0709 5.1273e-02 -9.990e-29     69.149 287.209018    5.33281    32.7681    32.7885    24.7772    1496.26    1498.08 0.0000e+00
       1682     42.000    12.3821    12.3812   3.808547   3.810683     2.1748      98.80     0.0758 5.1260e-02 -9.990e-29     70.054 287.209028    5.32458    32.7865    32.8078    24.7988    1496.17    1498.04 0.0000e+00
       1704     43.000    12.3761    12.3764   3.808714   3.811080     2.1765      98.80     0.0760 5.1266e-02 1.9438e+00     70.966 287.209039    5.33460    32.7930    32.8154    24.8049    1496.17    1497.99 0.0000e+00
       1726     44.000    12.3921    12.3915   3.812108   3.814254     2.1792      98.80     0.0790 5.1260e-02 1.9438e+00     71.868 287.209049    5.34593    32.8111    32.8322    24.8160    1496.27    1497.95 0.0000e+00
       1747     45.000    12.3681    12.3683   3.811620   3.813989     2.1824      98.80     0.0778 5.1273e-02 1.9438e+00     72.770 287.209060    5.36634    32.8270    32.8496    24.8329    1496.22    1497.92 0.0000e+00
       1769     46.000    12.3838    12.3850   3.815197   3.817701     2.1868      98.77     0.0761 5.1273e-02 1.9438e+00     73.665 287.209070    5.37299    32.8472    32.8701    24.8455    1496.31    1497.88 0.0000e+00
       1791     47.000    12.3801    12.3798   3.817006   3.819235     2.1885      98.75     0.0719 5.1273e-02 1.9438e+00     74.566 287.209081    5.36491    32.8673    32.8890    24.8618    1496.34    1497.85 0.0000e+00
       1812     48.000    12.3623    12.3620   3.817132   3.819319     2.1888      98.74     0.0722 5.1273e-02 -9.990e-29     75.463 287.209091    5.35687    32.8837    32.9050    24.8780    1496.32    1497.82 0.0000e+00
       1833     49.000    12.3132    12.3128   3.814232   3.816347     2.1878      98.73     0.0731 5.1260e-02 -9.990e-29     76.352 287.209101    5.34967    32.8985    32.9192    24.8988    1496.18    1497.78 0.0000e+00
       1855     50.000    12.2770    12.2760   3.813417   3.815654     2.1847      98.09     0.0739 5.1273e-02 -9.990e-29     77.253 287.209112    5.33514    32.9221    32.9445    24.9239    1496.10    1497.75 0.0000e+00
       1877     51.000    12.2745    12.2744   3.813586   3.815801     2.1816      98.63     0.0758 5.1273e-02 -9.990e-29     78.153 287.209122    5.32752    32.9255    32.9469    24.9270    1496.12    1497.72 0.0000e+00
       1898     52.000    12.2765    12.2769   3.815051   3.817535     2.1789      98.69     0.0790 5.1266e-02 -9.990e-29     79.045 287.209132    5.32581    32.9374    32.9609    24.9359    1496.15    1497.69 0.0000e+00
       1920     53.000    12.2935    12.2934   3.820384   3.822685     2.1775      98.64     0.0819 5.1266e-02 -9.990e-29     79.947 287.209143    5.32587    32.9733    32.9955    24.9605    1496.27    1497.66 0.0000e+00
       1941     54.000    12.2932    12.2934   3.821803   3.824247     2.1771      98.58     0.0784 5.1260e-02 -9.990e-29     80.847 287.209153    5.33487    32.9868    33.0101    24.9710    1496.30    1497.63 0.0000e+00
       1963     55.000    12.3210    12.3204   3.827597   3.829895     2.1785      98.70     0.0728 5.1266e-02 -9.990e-29     81.739 287.209164    5.33628    33.0176    33.0402    24.9896    1496.45    1497.61 0.0000e+00
       1984     56.000    12.3201    12.3195   3.829769   3.832027     2.1780      98.74     0.0681 5.1266e-02 -9.990e-29     82.631 287.209174    5.32168    33.0389    33.0611    25.0063    1496.49    1497.59 0.0000e+00
       2006     57.000    12.3116    12.3112   3.829746   3.832019     2.1759      98.65     0.0676 5.1266e-02 1.9438e+00     83.527 287.209184    5.30561    33.0457    33.0679    25.0132    1496.49    1497.57 0.0000e+00
       2027     58.000    12.3086    12.3084   3.829985   3.832249     2.1720      98.64     0.0685 5.1260e-02 1.9438e+00     84.432 287.209195    5.28021    33.0503    33.0722    25.0173    1496.50    1497.56 0.0000e+00
       2049     59.000    12.2904    12.2899   3.832275   3.834568     2.1665      98.50     0.0674 5.1273e-02 1.9438e+00     85.339 287.209205    5.26744    33.0879    33.1104    25.0500    1496.50    1497.54 0.0000e+00
       2071     60.000    12.2554    12.2547   3.833725   3.836027     2.1635      98.51     0.0712 5.1266e-02 1.9438e+00     86.242 287.209216    5.26924    33.1324    33.1552    25.0911    1496.45    1497.52 0.0000e+00
       2093     61.000    12.2059    12.2053   3.833518   3.835800     2.1596      98.69     0.0709 5.1273e-02 1.9438e+00     87.151 287.209226    5.25019    33.1738    33.1964    25.1327    1496.34    1497.50 0.0000e+00
       2114     62.000    12.1729    12.1727   3.833103   3.835406     2.1542      98.75     0.0655 5.1273e-02 -9.990e-29     88.053 287.209237    5.23599    33.1987    33.2211    25.1582    1496.28    1497.48 0.0000e+00
       2136     63.000    12.1453    12.1447   3.832631   3.834859     2.1499      98.73     0.0684 5.1273e-02 -9.990e-29     88.954 287.209247    5.23600    33.2182    33.2402    25.1786    1496.22    1497.46 0.0000e+00
       2158     64.000    12.1307    12.1297   3.832117   3.834335     2.1476      98.70     0.0672 5.1273e-02 -9.990e-29     89.855 287.209258    5.23584    33.2258    33.2481    25.1872    1496.20    1497.44 0.0000e+00
       2179     65.000    12.1025    12.1027   3.832286   3.834566     2.1446      98.72     0.0665 5.1273e-02 -9.990e-29     90.740 287.209268    5.22506    33.2521    33.2740    25.2130    1496.15    1497.42 0.0000e+00
       2200     66.000    12.0873    12.0863   3.833685   3.835813     2.1419      98.73     0.0672 5.1259e-02 1.9438e+00     91.630 287.209278    5.22325    33.2787    33.3002    25.2365    1496.15    1497.40 0.0000e+00
       2222     67.000    11.9876    11.9799   3.832127   3.834118     2.1395      98.75     0.0700 5.1266e-02 1.9438e+00     92.521 287.209288    5.22204    33.3522    33.3784    25.3123    1495.91    1497.38 0.0000e+00
       2243     68.000    11.9084    11.9068   3.829892   3.832091     2.1366      98.77     0.0681 5.1252e-02 1.9438e+00     93.415 287.209299    5.22325    33.4010    33.4238    25.3651    1495.71    1497.35 0.0000e+00
       2265     69.000    11.8626    11.8655   3.828052   3.830390     2.1345      98.78     0.0655 5.1273e-02 1.9438e+00     94.318 287.209309    5.21430    33.4238    33.4439    25.3913    1495.60    1497.33 0.0000e+00
       2286     70.000    11.7906    11.7889   3.824830   3.826997     2.1294      98.78     0.0627 5.1267e-02 1.9438e+00     95.222 287.209320    5.19098    33.4567    33.4794    25.4303    1495.41    1497.30 0.0000e+00
       2308     71.000    11.7867    11.7864   3.825616   3.827925     2.1239      98.78     0.0599 5.1273e-02 1.9438e+00     96.121 287.209330    5.17191    33.4675    33.4902    25.4394    1495.42    1497.27 0.0000e+00
       2330     72.000    11.7958    11.7992   3.828526   3.831161     2.1181      98.78     0.0600 5.1273e-02 1.9438e+00     97.021 287.209341    5.15711    33.4872    33.5098    25.4530    1495.49    1497.25 0.0000e+00
       2351     73.000    11.7105    11.7132   3.821981   3.824286     2.1139      98.78     0.0608 5.1259e-02 1.9438e+00     97.921 287.209351    5.16592    33.4998    33.5199    25.4787    1495.23    1497.22 0.0000e+00
       2373     74.000    11.6143    11.6154   3.817234   3.819454     2.1114      98.78     0.0608 5.1260e-02 1.9438e+00     98.820 287.209361    5.17041    33.5399    33.5606    25.5276    1494.96    1497.19 0.0000e+00
       2394     75.000    11.4302    11.4330   3.807370   3.809583     2.1080      98.79     0.0617 5.1266e-02 1.9438e+00     99.721 287.209372    5.17133    33.6096    33.6288    25.6156    1494.42    1497.15 0.0000e+00
