testdata/CTD/sta0400.cnv
* Sea-Bird SBE 9 Data File:
* FileName = C:\Seabird\CTDData\sta0400.hex
* Software Version Seasave V 7.21f
* Temperature SN = 4557
* Conductivity SN = 1337
* Number of Bytes Per Scan = 40
* Number of Voltage Words = 5
* Number of Scans Averaged by the Deck Unit = 1
* NMEA Latitude = 61 24.88 N
* NMEA Longitude = 002 03.11 W
* NMEA UTC (Time) = Oct 10 2018 04:47:22
* NMEA baud rate = 4800
** Ship: 10 F/F "G. O. Sars"
** Station: 0400
** Echodepth: 916
** Log: 4949.23
** Wind-Dir Force: 15 06
** Air-temp (dry): 9.8
** Weather Sky: 0 6
** Sea Ice: 3 0
# nquan = 20                                
# nvalues = 920                         
# units = specified
# name 0 = scan: Scan Count
# name 1 = prDM: Pressure, Digiquartz [db]
# name 2 = t068C: Temperature [ITS-68, deg C]
# name 3 = t168C: Temperature, 2 [ITS-68, deg C]
# name 4 = c0S/m: Conductivity [S/m]
# name 5 = c1S/m: Conductivity, 2 [S/m]
# name 6 = sbeox0V: Oxygen raw, SBE 43 [V]
# name 7 = altM: Altimeter [m]
# name 8 = flC: Fluorescence, Chelsea Aqua 3 Chl Con [ug/l]
# name 9 = par: PAR/Irradiance, Biospherical/Licor
# name 10 = spar: SPAR/Surface Irradiance
# name 11 = timeS: Time, Elapsed [seconds]
# name 12 = timeJ: Julian Days
# name 13 = sbeox0ML/L: Oxygen, SBE 43 [ml/l], WS = 2
# name 14 = sal00: Salinity, Practical [PSU]
# name 15 = sal11: Salinity, Practical, 2 [PSU]
# name 16 = sigma-t00: Density [sigma-t, Kg/m^3 ]
# name 17 = svCM: Sound Velocity [Chen-Millero, m/s]
# name 18 = avgsvCM: Average Sound Velocity [Chen-Millero, m/s], minP = 1, minS = 5
# name 19 = flag: flag
# span 0 =        -95,      24552       
# span 1 =      5.000,    924.000       
# span 2 =    -0.7071,    10.1253       
# span 3 =    -0.7070,    10.1257       
# span 4 =   2.875320,   3.841004       
# span 5 =   2.876902,   3.842937       
# span 6 =     1.8006,     2.3013       
# span 7 =       7.88,     100.43       
# span 8 =     0.0044,     0.2119       
# span 9 = 5.1225e-02, 6.9651e-01       
# span 10 = 1.9438e+00, 1.9438e+00      
# span 11 =     -4.016,   1022.973      
# span 12 = 283.199537, 283.211423      
# span 13 =    5.60984,    6.50471      
# span 14 =    34.9187,    35.2831      
# span 15 =    34.9368,    35.3028      
# span 16 =    27.0632,    28.0770      
# span 17 =    1458.97,    1491.84      
# span 18 =    1478.10,    1491.19      
# span 19 = 0.0000e+00, 0.0000e+00      
# interval = decibars: 1                
# start_time = Oct 10 2018 04:47:24 [System UTC, header]
# bad_flag = -9.990e-29
*END*
[from data line 652]
      15745    657.000     1.0628     1.0633   3.019992   3.021756     1.9431      98.77     0.0156 5.1273e-02 -9.990e-29    655.982 283.207176    6.49188    34.9283    34.9504    27.9837    1464.61    1485.34 0.0000e+00
      15769    658.000     1.0213     1.0209   3.016340   3.018033     1.9422      98.76     0.0133 5.1273e-02 -9.990e-29    656.996 283.207187    6.49750    34.9271    34.9493    27.9856    1464.44    1485.31 0.0000e+00
      15793    659.000     0.9785     0.9796   3.012744   3.014544     1.9412      98.77     0.0167 5.1273e-02 1.9438e+00    658.016 283.207199    6.49533    34.9281    34.9500    27.9892    1464.26    1485.28 0.0000e+00
      15817    660.000     0.9772     0.9767   3.012692   3.014341     1.9395      98.77     0.0170 5.1267e-02 1.9438e+00    658.994 283.207211    6.48462    34.9283    34.9500    27.9894    1464.27    1485.24 0.0000e+00
      15839    661.000     0.9783     0.9777   3.012830   3.014478     1.9384      98.76     0.0138 5.1273e-02 1.9438e+00    659.921 283.207221    6.48849    34.9283    34.9501    27.9894    1464.30    1485.21 0.0000e+00
      15860    662.000     0.9784     0.9777   3.012901   3.014537     1.9374      98.77     0.0132 5.1280e-02 1.9438e+00    660.790 283.207231    6.49315    34.9285    34.9503    27.9895    1464.31    1485.18 0.0000e+00
      15881    663.000     0.9787     0.9782   3.012983   3.014641     1.9374      98.77     0.0144 5.1273e-02 1.9438e+00    661.658 283.207241    6.50064    34.9286    34.9505    27.9896    1464.33    1485.15 0.0000e+00
      15902    664.000     0.9786     0.9774   3.013019   3.014631     1.9372      98.77     0.0147 5.1273e-02 1.9438e+00    662.538 283.207252    6.49965    34.9286    34.9507    27.9896    1464.35    1485.12 0.0000e+00
      15923    665.000     0.9785     0.9777   3.013071   3.014707     1.9369      98.77     0.0128 5.1273e-02 -9.990e-29    663.434 283.207262    6.49068    34.9288    34.9507    27.9898    1464.36    1485.09 0.0000e+00
      15944    666.000     0.9775     0.9771   3.013009   3.014707     1.9359      98.77     0.0107 5.1273e-02 -9.990e-29    664.304 283.207272    6.48566    34.9286    34.9508    27.9897    1464.37    1485.05 0.0000e+00
      15964    667.000     0.9646     0.9672   3.011948   3.013894     1.9354      98.77     0.0111 5.1273e-02 -9.990e-29    665.127 283.207282    6.48648    34.9288    34.9509    27.9907    1464.33    1485.02 0.0000e+00
      15983    668.000     0.9489     0.9490   3.010602   3.012316     1.9348      98.77     0.0128 5.1273e-02 -9.990e-29    665.920 283.207291    6.49462    34.9284    34.9503    27.9914    1464.28    1484.99 0.0000e+00
      16003    669.000     0.9269     0.9260   3.008736   3.010382     1.9347      98.77     0.0142 5.1266e-02 1.9438e+00    666.737 283.207300    6.49935    34.9284    34.9505    27.9929    1464.20    1484.96 0.0000e+00
      16024    670.000     0.9052     0.9051   3.006877   3.008582     1.9339      98.77     0.0173 5.1255e-02 1.9438e+00    667.638 283.207311    6.49134    34.9281    34.9501    27.9941    1464.11    1484.93 0.0000e+00
      16049    671.000     0.8844     0.8845   3.005098   3.006813     1.9328      98.76     0.0159 5.1278e-02 1.9438e+00    668.683 283.207323    6.48936    34.9278    34.9498    27.9952    1464.04    1484.90 0.0000e+00
      16079    672.000     0.8494     0.8509   3.002118   3.003910     1.9316      98.76     0.0175 5.1273e-02 1.9438e+00    669.937 283.207337    6.48992    34.9279    34.9494    27.9976    1463.90    1484.86 0.0000e+00
      16113    673.000     0.8192     0.8204   2.999505   3.001284     1.9299      98.76     0.0165 5.1259e-02 1.9438e+00    671.330 283.207353    6.48892    34.9274    34.9490    27.9991    1463.78    1484.83 0.0000e+00
      16140    674.000     0.7888     0.7886   2.996852   2.998525     1.9285      98.76     0.0162 5.1267e-02 1.9438e+00    672.462 283.207366    6.49051    34.9266    34.9484    28.0004    1463.65    1484.80 0.0000e+00
      16159    675.000     0.7496     0.7492   2.993533   2.995174     1.9277      98.77     0.0153 5.1273e-02 1.9438e+00    673.270 283.207376    6.49246    34.9270    34.9486    28.0033    1463.49    1484.77 0.0000e+00
      16177    676.000     0.7298     0.7292   2.991810   2.993423     1.9267      98.77     0.0148 5.1273e-02 1.9438e+00    674.004 283.207384    6.49104    34.9263    34.9478    28.0040    1463.42    1484.74 0.0000e+00
      16196    677.000     0.7138     0.7133   2.990479   2.992115     1.9257      98.76     0.0152 5.1273e-02 1.9438e+00    674.795 283.207393    6.49313    34.9264    34.9481    28.0051    1463.36    1484.71 0.0000e+00
      16217    678.000     0.7094     0.7092   2.990118   2.991775     1.9246      98.76     0.0134 5.1266e-02 -9.990e-29    675.686 283.207404    6.49142    34.9261    34.9477    28.0051    1463.36    1484.67 0.0000e+00
      16240    679.000     0.7000     0.6994   2.989345   2.990983     1.9238      98.76     0.0138 5.1273e-02 -9.990e-29    676.620 283.207415    6.49783    34.9260    34.9479    28.0056    1463.33    1484.64 0.0000e+00
      16262    680.000     0.6953     0.6948   2.988987   2.990629     1.9233      98.77     0.0147 5.1267e-02 -9.990e-29    677.548 283.207425    6.49546    34.9261    34.9479    28.0060    1463.33    1484.61 0.0000e+00
      16284    681.000     0.6878     0.6872   2.988378   2.990020     1.9225      98.76     0.0161 5.1273e-02 -9.990e-29    678.476 283.207436    6.49887    34.9260    34.9479    28.0064    1463.31    1484.58 0.0000e+00
      16307    682.000     0.6764     0.6759   2.987407   2.989056     1.9223      98.76     0.0149 5.1273e-02 1.9438e+00    679.428 283.207447    6.49901    34.9256    34.9475    28.0068    1463.28    1484.55 0.0000e+00
      16331    683.000     0.6618     0.6614   2.986209   2.987867     1.9213      98.75     0.0139 5.1273e-02 1.9438e+00    680.411 283.207458    6.49540    34.9259    34.9478    28.0079    1463.23    1484.51 0.0000e+00
      16354    684.000     0.6565     0.6559   2.985803   2.987442     1.9208      98.76     0.0140 5.1273e-02 1.9438e+00    681.380 283.207470    6.49705    34.9260    34.9479    28.0083    1463.22    1484.48 0.0000e+00
      16376    685.000     0.6513     0.6508   2.985403   2.987055     1.9202      98.24     0.0122 5.1259e-02 1.9438e+00    682.276 283.207480    6.49716    34.9260    34.9480    28.0087    1463.21    1484.45 0.0000e+00
      16396    686.000     0.6429     0.6426   2.984712   2.986366     1.9198      98.77     0.0160 5.1259e-02 1.9438e+00    683.119 283.207490    6.49302    34.9259    34.9477    28.0092    1463.19    1484.42 0.0000e+00
      16416    687.000     0.6225     0.6217   2.982955   2.984589     1.9188      98.76     0.0163 5.1266e-02 -9.990e-29    683.940 283.207499    6.49108    34.9254    34.9475    28.0100    1463.11    1484.39 0.0000e+00
      16437    688.000     0.6028     0.6020   2.981307   2.982937     1.9180      98.76     0.0141 5.1273e-02 -9.990e-29    684.813 283.207509    6.49212    34.9256    34.9476    28.0114    1463.04    1484.36 0.0000e+00
      16460    689.000     0.5877     0.5873   2.980026   2.981702     1.9171      98.75     0.0140 5.1273e-02 -9.990e-29    685.797 283.207521    6.49527    34.9253    34.9475    28.0121    1462.99    1484.33 0.0000e+00
      16485    690.000     0.5757     0.5744   2.978992   2.980605     1.9165      98.75     0.0128 5.1261e-02 -9.990e-29    686.827 283.207533    6.49552    34.9248    34.9472    28.0124    1462.95    1484.29 0.0000e+00
      16508    691.000     0.5493     0.5493   2.976801   2.978493     1.9154      98.75     0.0135 5.1273e-02 1.9438e+00    687.802 283.207544    6.49419    34.9253    34.9473    28.0145    1462.85    1484.26 0.0000e+00
      16530    692.000     0.5374     0.5371   2.975795   2.977458     1.9150      98.75     0.0127 5.1273e-02 1.9438e+00    688.721 283.207555    6.49915    34.9250    34.9470    28.0149    1462.81    1484.23 0.0000e+00
      16552    693.000     0.5131     0.5129   2.973697   2.975368     1.9140      98.76     0.0097 5.1287e-02 1.9438e+00    689.608 283.207565    6.49487    34.9245    34.9464    28.0160    1462.72    1484.20 0.0000e+00
      16572    694.000     0.4856     0.4853   2.971405   2.973056     1.9132      98.25     0.0103 5.1266e-02 1.9438e+00    690.470 283.207575    6.48789    34.9249    34.9468    28.0180    1462.61    1484.17 0.0000e+00
      16592    695.000     0.4646     0.4637   2.969562   2.971152     1.9115      88.10     0.0113 5.1244e-02 1.9438e+00    691.311 283.207585    6.48675    34.9240    34.9457    28.0185    1462.53    1484.14 0.0000e+00
      16612    696.000     0.4350     0.4337   2.967090   2.968643     1.9107      98.61     0.0150 5.1280e-02 -9.990e-29    692.134 283.207594    6.49479    34.9244    34.9462    28.0206    1462.41    1484.11 0.0000e+00
      16632    697.000     0.4218     0.4208   2.965958   2.967550     1.9098      98.75     0.0177 5.1273e-02 -9.990e-29    692.950 283.207604    6.49031    34.9240    34.9458    28.0210    1462.37    1484.07 0.0000e+00
      16652    698.000     0.4075     0.4070   2.964754   2.966395     1.9085      98.76     0.0152 5.1273e-02 -9.990e-29    693.788 283.207613    6.48689    34.9238    34.9457    28.0217    1462.32    1484.04 0.0000e+00
      16674    699.000     0.3939     0.3934   2.963633   2.965269     1.9072      98.75     0.0120 5.1267e-02 -9.990e-29    694.707 283.207624    6.48127    34.9238    34.9458    28.0226    1462.27    1484.01 0.0000e+00
      16700    700.000     0.3844     0.3843   2.962842   2.964516     1.9054      98.75     0.0121 5.1273e-02 1.9438e+00    695.775 283.207636    6.47466    34.9236    34.9456    28.0230    1462.24    1483.98 0.0000e+00
      16727    701.000     0.3613     0.3618   2.960861   2.962577     1.9037      98.75     0.0141 5.1268e-02 1.9438e+00    696.931 283.207650    6.47788    34.9232    34.9450    28.0240    1462.15    1483.95 0.0000e+00
      16753    702.000     0.3241     0.3253   2.957680   2.959458     1.9023      98.75     0.0137 5.1273e-02 1.9438e+00    698.003 283.207662    6.47892    34.9229    34.9448    28.0260    1462.00    1483.92 0.0000e+00
      16775    703.000     0.2901     0.2891   2.954823   2.956430     1.9012      98.75     0.0147 5.1273e-02 1.9438e+00    698.926 283.207673    6.47716    34.9233    34.9454    28.0282    1461.86    1483.88 0.0000e+00
      16796    704.000     0.2758     0.2758   2.953621   2.955274     1.8995      98.75     0.0165 5.1273e-02 1.9438e+00    699.800 283.207683    6.46639    34.9231    34.9447    28.0289    1461.81    1483.85 0.0000e+00
      16816    705.000     0.2672     0.2665   2.952934   2.954529     1.8981      98.75     0.0160 5.1266e-02 1.9438e+00    700.644 283.207693    6.47026    34.9232    34.9449    28.0295    1461.79    1483.82 0.0000e+00
      16836    706.000     0.2604     0.2590   2.952395   2.953945     1.8969      98.76     0.0129 5.1273e-02 1.9438e+00    701.470 283.207702    6.47229    34.9232    34.9451    28.0299    1461.78    1483.79 0.0000e+00
      16856    707.000     0.2551     0.2539   2.951978   2.953540     1.8961      98.75     0.0126 5.1251e-02 1.9438e+00    702.272 283.207712    6.47604    34.9232    34.9450    28.0301    1461.77    1483.76 0.0000e+00
      16874    708.000     0.2481     0.2472   2.951431   2.953011     1.8956      98.75     0.0152 5.1272e-02 1.9438e+00    703.060 283.207721    6.48415    34.9233    34.9450    28.0306    1461.75    1483.73 0.0000e+00
      16894    709.000     0.2378     0.2382   2.950578   2.952274     1.8954      98.75     0.0127 5.1266e-02 1.9438e+00    703.873 283.207730    6.47896    34.9232    34.9449    28.0311    1461.72    1483.69 0.0000e+00
      16916    710.000     0.2290     0.2288   2.949872   2.951520     1.8944      98.75     0.0111 5.1273e-02 -9.990e-29    704.786 283.207741    6.48006    34.9233    34.9451    28.0317    1461.70    1483.66 0.0000e+00
      16942    711.000     0.2188     0.2190   2.949018   2.950709     1.8939      98.75     0.0127 5.1273e-02 -9.990e-29    705.878 283.207753    6.47798    34.9230    34.9449    28.0320    1461.67    1483.63 0.0000e+00
      16970    712.000     0.2109     0.2106   2.948395   2.950043     1.8931      98.75     0.0123 5.1273e-02 -9.990e-29    707.062 283.207767    6.48595    34.9231    34.9451    28.0326    1461.65    1483.60 0.0000e+00
      16994    713.000     0.2034     0.2029   2.947806   2.949430     1.8930      98.75     0.0129 5.1273e-02 1.9438e+00    708.057 283.207778    6.48627    34.9233    34.9452    28.0332    1461.63    1483.57 0.0000e+00
      17015    714.000     0.1990     0.1981   2.947479   2.949079     1.8924      98.75     0.0170 5.1273e-02 1.9438e+00    708.923 283.207788    6.47783    34.9234    34.9454    28.0335    1461.63    1483.54 0.0000e+00
      17036    715.000     0.1923     0.1922   2.946941   2.948604     1.8920      98.75     0.0173 5.1260e-02 1.9438e+00    709.773 283.207798    6.48587    34.9233    34.9452    28.0338    1461.61    1483.51 0.0000e+00
      17057    716.000     0.1866     0.1860   2.946485   2.948118     1.8917      98.75     0.0133 5.1266e-02 1.9438e+00    710.667 283.207809    6.48402    34.9232    34.9453    28.0340    1461.60    1483.48 0.0000e+00
      17079    717.000     0.1821     0.1810   2.946154   2.947731     1.8911      98.75     0.0145 5.1266e-02 1.9438e+00    711.581 283.207819    6.47526    34.9233    34.9453    28.0344    1461.60    1483.45 0.0000e+00
      17100    718.000     0.1720     0.1707   2.945286   2.946860     1.8903      98.75     0.0183 5.1273e-02 1.9438e+00    712.445 283.207829    6.47459    34.9228    34.9449    28.0345    1461.57    1483.41 0.0000e+00
      17119    719.000     0.1572     0.1561   2.944118   2.945686     1.8898      98.75     0.0187 5.1273e-02 -9.990e-29    713.246 283.207839    6.48046    34.9236    34.9454    28.0360    1461.52    1483.38 0.0000e+00
      17138    720.000     0.1570     0.1565   2.944141   2.945774     1.8894      98.75     0.0187 5.1265e-02 -9.990e-29    714.026 283.207848    6.47439    34.9235    34.9455    28.0359    1461.53    1483.35 0.0000e+00
      17157    721.000     0.1486     0.1478   2.943427   2.945027     1.8884      98.75     0.0148 5.1273e-02 -9.990e-29    714.819 283.207857    6.47227    34.9230    34.9449    28.0360    1461.51    1483.32 0.0000e+00
      17177    722.000     0.1159     0.1166   2.940582   2.942343     1.8879      98.75     0.0125 5.1273e-02 -9.990e-29    715.684 283.207867    6.47977    34.9220    34.9444    28.0370    1461.38    1483.29 0.0000e+00
      17204    723.000     0.0785     0.0798   2.937461   2.939220     1.8870      98.74     0.0126 5.1273e-02 1.9438e+00    716.787 283.207879    6.47986    34.9226    34.9443    28.0396    1461.22    1483.26 0.0000e+00
      17250    724.000     0.0330     0.0360   2.933538   2.935510     1.8848      98.73     0.0139 5.1268e-02 1.9438e+00    718.729 283.207902    6.47661    34.9219    34.9444    28.0414    1461.03    1483.23 0.0000e+00
      17297    725.000     0.0123     0.0123   2.931800   2.933464     1.8830      98.73     0.0129 5.1268e-02 1.9438e+00    720.659 283.207924    6.48148    34.9218    34.9437    28.0425    1460.95    1483.20 0.0000e+00
      17318    726.000    -0.0002    -0.0013   2.930798   2.932378     1.8825      98.74     0.0113 5.1273e-02 1.9438e+00    721.533 283.207934    6.48738    34.9221    34.9442    28.0435    1460.91    1483.17 0.0000e+00
      17335    727.000    -0.0029    -0.0030   2.930615   2.932269     1.8826      98.74     0.0136 5.1273e-02 1.9438e+00    722.238 283.207943    6.49314    34.9222    34.9441    28.0437    1460.91    1483.14 0.0000e+00
