testdata/CTD/sta0404.cnv
* Sea-Bird SBE 9 Data File:
* FileName = C:\Seabird\CTDData\sta0404.hex
* Software Version Seasave V 7.21f
* Temperature SN = 4557
* Conductivity SN = 1337
* Number of Bytes Per Scan = 40
* Number of Voltage Words = 5
* Number of Scans Averaged by the Deck Unit = 1
* NMEA Latitude = 60 48.21 N
* NMEA Longitude = 005 18.97 E
* NMEA UTC (Time) = Oct 14 2018 05:34:48
* NMEA baud rate = 4800
** Ship: 10 F/F "G. O. Sars"
** Station: 0404
** Echodepth: 146
** Log: 5337.38
** Wind-Dir Force: 26 04
** Air-temp (dry): 18.9
** Weather Sky: 8 8
** Sea Ice: 3 0
# nquan = 20                                
# nvalues = 137                         
# units = specified
# name 0 = scan: Scan Count
# name 1 = prDM: Pressure, Digiquartz [db]
# name 2 = t068C: Temperature [ITS-68, deg C]
# name 3 = t168C: Temperature, 2 [ITS-68, deg C]
# name 4 = c0S/m: Conductivity [S/m]
# name 5 = c1S/m: Conductivity, 2 [S/m]
# name 6 = sbeox0V: Oxygen raw, SBE 43 [V]
# name 7 = altM: Altimeter [m]
# name 8 = flC: Fluorescence, Chelsea Aqua 3 Chl Con [ug/l]
# name 9 = par: PAR/Irradiance, Biospherical/Licor
# name 10 = spar: SPAR/Surface Irradiance
# name 11 = timeS: Time, Elapsed [seconds]
# name 12 = timeJ: Julian Days
# name 13 = sbeox0ML/L: Oxygen, SBE 43 [ml/l], WS = 2
# name 14 = sal00: Salinity, Practical [PSU]
# name 15 = sal11: Salinity, Practical, 2 [PSU]
# name 16 = sigma-t00: Density [sigma-t, Kg/m^3 ]
# name 17 = svCM: Sound Velocity [Chen-Millero, m/s]
# name 18 = avgsvCM: Average Sound Velocity [Chen-Millero, m/s], minP = 1, minS = 5
# name 19 = flag: flag
# span 0 =        763,       3679       
# span 1 =      5.000,    141.000       
# span 2 =     8.1187,    14.4295       
# span 3 =     8.1181,    14.4251       
# span 4 =   3.510750,   3.885545       
# span 5 =   3.511745,   3.887144       
# span 6 =     1.6970,     2.1790       
# span 7 =       2.53,      99.41       
# span 8 =     0.0259,     0.1634       
# span 9 = 5.1208e-02, 2.4591e-01       
# span 10 = 1.9438e+00, 1.9438e+00      
# span 11 =     31.751,    153.258      
# span 12 = 287.232879, 287.234285      
# span 13 =    4.14539,    5.28661      
# span 14 =    28.7904,    34.9489      
# span 15 =    28.8014,    34.9732      
# span 16 =    21.4144,    27.2161      
# span 17 =    1484.90,    1501.33      
# span 18 =    1491.05,    1498.90      
# span 19 = 0.0000e+00, 0.0000e+00      
# interval = decibars: 1                
# start_time = Oct 14 2018 05:34:49 [System UTC, header]
# bad_flag = -9.990e-29
*END*
[from data line 73]
       2344     78.000     8.8363     8.8349   3.663274   3.665266     1.9253      69.40     0.0313 5.1214e-02 -9.990e-29     97.646 287.233642    4.74189    34.5856    34.6079    26.8200    1486.36    1495.82 0.0000e+00
       2366     79.000     8.7874     8.7881   3.660872   3.662990     1.9130      68.41     0.0308 5.1239e-02 -9.990e-29     98.538 287.233652    4.70774    34.6076    34.6292    26.8450    1486.22    1495.69 0.0000e+00
       2387     80.000     8.7665     8.7666   3.659992   3.662110     1.9001      67.42     0.0327 5.1240e-02 -9.990e-29     99.436 287.233662    4.65948    34.6183    34.6405    26.8566    1486.18    1495.57 0.0000e+00
       2409     81.000     8.7433     8.7438   3.659035   3.661200     1.8868      66.43     0.0344 5.1252e-02 -9.990e-29    100.331 287.233673    4.61929    34.6304    34.6527    26.8698    1486.12    1495.46 0.0000e+00
       2430     82.000     8.7272     8.7255   3.658377   3.660466     1.8746      65.50     0.0313 5.1247e-02 -9.990e-29    101.222 287.233683    4.58431    34.6387    34.6624    26.8789    1486.09    1495.34 0.0000e+00
       2452     83.000     8.7100     8.7091   3.657611   3.659740     1.8625      64.57     0.0305 5.1252e-02 -9.990e-29    102.117 287.233694    4.55136    34.6470    34.6704    26.8881    1486.05    1495.23 0.0000e+00
       2473     84.000     8.6917     8.6913   3.656786   3.658953     1.8516      63.51     0.0291 5.1259e-02 -9.990e-29    103.013 287.233704    4.52940    34.6558    34.6790    26.8978    1486.01    1495.12 0.0000e+00
       2495     85.000     8.6558     8.6543   3.655218   3.657331     1.8427      62.55     0.0329 5.1247e-02 -9.990e-29    103.903 287.233714    4.51576    34.6739    34.6977    26.9177    1485.92    1495.01 0.0000e+00
       2516     86.000     8.6239     8.6234   3.653847   3.656006     1.8349      61.74     0.0338 5.1232e-02 -9.990e-29    104.787 287.233724    4.50159    34.6903    34.7136    26.9354    1485.83    1494.90 0.0000e+00
       2537     87.000     8.5624     8.5612   3.651038   3.653165     1.8281      60.62     0.0369 5.1252e-02 -9.990e-29    105.664 287.233735    4.48695    34.7205    34.7442    26.9687    1485.66    1494.80 0.0000e+00
       2558     88.000     8.5160     8.5151   3.649011   3.651150     1.8211      59.55     0.0379 5.1252e-02 -9.990e-29    106.548 287.233745    4.47028    34.7442    34.7678    26.9945    1485.53    1494.69 0.0000e+00
       2579     89.000     8.4724     8.4709   3.647210   3.649349     1.8148      58.67     0.0359 5.1259e-02 -9.990e-29    107.429 287.233755    4.45577    34.7676    34.7918    27.0197    1485.41    1494.58 0.0000e+00
       2600     90.000     8.4560     8.4551   3.646515   3.648709     1.8082      57.66     0.0348 5.1266e-02 -9.990e-29    108.305 287.233765    4.42396    34.7759    34.8001    27.0287    1485.38    1494.48 0.0000e+00
       2622     91.000     8.4358     8.4350   3.645673   3.647860     1.7998      56.57     0.0339 5.1266e-02 -9.990e-29    109.197 287.233775    4.38468    34.7864    34.8104    27.0401    1485.33    1494.38 0.0000e+00
       2643     92.000     8.4241     8.4231   3.645225   3.647410     1.7907      55.56     0.0346 5.1273e-02 -9.990e-29    110.080 287.233786    4.35632    34.7927    34.8169    27.0468    1485.31    1494.28 0.0000e+00
       2664     93.000     8.4039     8.4028   3.644393   3.646591     1.7828      54.71     0.0377 5.1266e-02 -9.990e-29    110.961 287.233796    4.34394    34.8033    34.8278    27.0583    1485.27    1494.18 0.0000e+00
       2685     94.000     8.3752     8.3736   3.643250   3.645426     1.7762      53.62     0.0394 5.1273e-02 -9.990e-29    111.844 287.233806    4.33412    34.8191    34.8438    27.0751    1485.20    1494.09 0.0000e+00
       2706     95.000     8.3652     8.3645   3.642870   3.645092     1.7704      52.61     0.0361 5.1273e-02 1.9438e+00    112.723 287.233816    4.31532    34.8244    34.8488    27.0808    1485.18    1493.99 0.0000e+00
       2727     96.000     8.3322     8.3315   3.641545   3.643736     1.7639      51.73     0.0355 5.1273e-02 1.9438e+00    113.601 287.233826    4.29205    34.8425    34.8666    27.1001    1485.10    1493.90 0.0000e+00
       2749     97.000     8.3130     8.3120   3.640780   3.642982     1.7575      50.70     0.0339 5.1266e-02 1.9438e+00    114.483 287.233837    4.27643    34.8529    34.8774    27.1112    1485.06    1493.81 0.0000e+00
       2770     98.000     8.3053     8.3044   3.640495   3.642713     1.7518      49.68     0.0332 5.1273e-02 1.9438e+00    115.357 287.233847    4.26452    34.8570    34.8816    27.1156    1485.05    1493.72 0.0000e+00
       2791     99.000     8.2986     8.2978   3.640262   3.642491     1.7469      48.76     0.0319 5.1273e-02 1.9438e+00    116.237 287.233857    4.25026    34.8607    34.8853    27.1195    1485.04    1493.63 0.0000e+00
       2812    100.000     8.2926     8.2919   3.640075   3.642308     1.7417      47.81     0.0348 5.1273e-02 -9.990e-29    117.115 287.233867    4.23444    34.8642    34.8887    27.1231    1485.04    1493.54 0.0000e+00
       2833    101.000     8.2759     8.2749   3.639448   3.641670     1.7369      46.74     0.0344 5.1280e-02 -9.990e-29    117.995 287.233877    4.22199    34.8736    34.8983    27.1331    1485.01    1493.46 0.0000e+00
       2854    102.000     8.2676     8.2668   3.639146   3.641378     1.7325      45.72     0.0353 5.1280e-02 -9.990e-29    118.879 287.233887    4.21269    34.8781    34.9027    27.1379    1485.00    1493.38 0.0000e+00
       2875    103.000     8.2632     8.2623   3.638992   3.641224     1.7284      44.85     0.0337 5.1273e-02 -9.990e-29    119.760 287.233898    4.20403    34.8803    34.9051    27.1403    1485.00    1493.29 0.0000e+00
       2896    104.000     8.2583     8.2573   3.638820   3.641056     1.7251      43.80     0.0321 5.1273e-02 -9.990e-29    120.643 287.233908    4.19879    34.8829    34.9077    27.1431    1485.00    1493.21 0.0000e+00
       2918    105.000     8.2548     8.2541   3.638736   3.640973     1.7220      42.76     0.0295 5.1273e-02 -9.990e-29    121.533 287.233918    4.18910    34.8850    34.9096    27.1452    1485.01    1493.14 0.0000e+00
       2939    106.000     8.2519     8.2511   3.638659   3.640896     1.7189      41.85     0.0302 5.1280e-02 -9.990e-29    122.414 287.233928    4.18327    34.8866    34.9112    27.1469    1485.02    1493.06 0.0000e+00
       2960    107.000     8.2483     8.2474   3.638556   3.640797     1.7169      40.84     0.0318 5.1280e-02 -9.990e-29    123.296 287.233939    4.18214    34.8885    34.9134    27.1490    1485.02    1492.98 0.0000e+00
       2981    108.000     8.2465     8.2456   3.638525   3.640763     1.7147      39.80     0.0322 5.1273e-02 -9.990e-29    124.179 287.233949    4.17893    34.8895    34.9143    27.1501    1485.03    1492.91 0.0000e+00
       3002    109.000     8.2402     8.2401   3.638303   3.640575     1.7135      38.81     0.0326 5.1266e-02 1.9438e+00    125.055 287.233959    4.17893    34.8929    34.9173    27.1537    1485.03    1492.84 0.0000e+00
       3023    110.000     8.2307     8.2285   3.637917   3.640096     1.7120      37.96     0.0327 5.1273e-02 1.9438e+00    125.937 287.233969    4.17491    34.8978    34.9232    27.1590    1485.02    1492.77 0.0000e+00
       3045    111.000     8.1995     8.1991   3.636577   3.638808     1.7107      36.90     0.0321 5.1273e-02 1.9438e+00    126.813 287.233979    4.17292    34.9140    34.9382    27.1764    1484.94    1492.69 0.0000e+00
       3066    112.000     8.1913     8.1907   3.636210   3.638461     1.7090      35.88     0.0302 5.1273e-02 1.9438e+00    127.691 287.233990    4.16322    34.9177    34.9424    27.1806    1484.93    1492.62 0.0000e+00
       3087    113.000     8.1861     8.1855   3.636011   3.638248     1.7070      34.87     0.0284 5.1280e-02 1.9438e+00    128.573 287.234000    4.15677    34.9203    34.9448    27.1834    1484.93    1492.56 0.0000e+00
       3108    114.000     8.1820     8.1816   3.635858   3.638115     1.7049      33.89     0.0279 5.1266e-02 1.9438e+00    129.446 287.234010    4.15131    34.9222    34.9468    27.1856    1484.93    1492.49 0.0000e+00
       3129    115.000     8.1736     8.1731   3.635483   3.637726     1.7032      32.91     0.0259 5.1273e-02 -9.990e-29    130.328 287.234020    4.15068    34.9261    34.9506    27.1899    1484.92    1492.42 0.0000e+00
       3150    116.000     8.1650     8.1642   3.635094   3.637310     1.7021      31.93     0.0285 5.1266e-02 -9.990e-29    131.212 287.234030    4.15142    34.9300    34.9545    27.1943    1484.91    1492.36 0.0000e+00
       3171    117.000     8.1569     8.1563   3.634715   3.636951     1.7009      30.97     0.0259 5.1273e-02 -9.990e-29    132.095 287.234040    4.15130    34.9335    34.9581    27.1983    1484.90    1492.29 0.0000e+00
       3193    118.000     8.1535     8.1528   3.634579   3.636816     1.7005      29.95     0.0288 5.1273e-02 -9.990e-29    132.984 287.234051    4.15804    34.9350    34.9596    27.1999    1484.90    1492.23 0.0000e+00
       3214    119.000     8.1505     8.1498   3.634480   3.636705     1.7008      28.95     0.0305 5.1273e-02 -9.990e-29    133.873 287.234061    4.16353    34.9364    34.9609    27.2015    1484.91    1492.17 0.0000e+00
       3235    120.000     8.1459     8.1452   3.634292   3.636522     1.7012      27.98     0.0290 5.1273e-02 -9.990e-29    134.752 287.234071    4.16417    34.9385    34.9631    27.2038    1484.91    1492.11 0.0000e+00
       3256    121.000     8.1437     8.1431   3.634230   3.636467     1.7010      27.00     0.0277 5.1273e-02 -9.990e-29    135.634 287.234081    4.16220    34.9395    34.9641    27.2050    1484.92    1492.05 0.0000e+00
       3277    122.000     8.1411     8.1403   3.634159   3.636381     1.7012      26.00     0.0260 5.1266e-02 -9.990e-29    136.518 287.234092    4.16250    34.9409    34.9655    27.2065    1484.93    1491.99 0.0000e+00
       3299    123.000     8.1405     8.1398   3.634166   3.636393     1.7005      25.02     0.0265 5.1273e-02 -9.990e-29    137.400 287.234102    4.15368    34.9411    34.9656    27.2067    1484.95    1491.93 0.0000e+00
       3320    124.000     8.1396     8.1389   3.634174   3.636384     1.6994      24.02     0.0289 5.1294e-02 -9.990e-29    138.286 287.234112    4.14932    34.9416    34.9659    27.2072    1484.96    1491.88 0.0000e+00
       3341    125.000     8.1381     8.1373   3.634134   3.636353     1.6985      23.04     0.0298 5.1294e-02 -9.990e-29    139.167 287.234122    4.14595    34.9422    34.9667    27.2079    1484.97    1491.82 0.0000e+00
       3362    126.000     8.1370     8.1361   3.634119   3.636325     1.6972      22.05     0.0269 5.1280e-02 -9.990e-29    140.049 287.234132    4.14539    34.9426    34.9671    27.2084    1484.98    1491.77 0.0000e+00
       3383    127.000     8.1349     8.1344   3.634044   3.636269     1.6970      21.06     0.0271 5.1280e-02 -9.990e-29    140.927 287.234143    4.15420    34.9434    34.9677    27.2094    1484.99    1491.71 0.0000e+00
       3404    128.000     8.1331     8.1324   3.633985   3.636196     1.6976      20.08     0.0270 5.1280e-02 -9.990e-29    141.799 287.234153    4.16153    34.9441    34.9685    27.2102    1485.00    1491.66 0.0000e+00
       3425    129.000     8.1312     8.1307   3.633921   3.636143     1.6982      19.08     0.0278 5.1273e-02 -9.990e-29    142.684 287.234163    4.16536    34.9448    34.9691    27.2110    1485.01    1491.61 0.0000e+00
       3446    130.000     8.1307     8.1300   3.633931   3.636155     1.6991      17.98     0.0309 5.1293e-02 -9.990e-29    143.561 287.234173    4.16902    34.9449    34.9694    27.2112    1485.03    1491.56 0.0000e+00
       3468    131.000     8.1297     8.1291   3.633915   3.636146     1.6995      15.83     0.0315 5.1287e-02 -9.990e-29    144.441 287.234183    4.16915    34.9453    34.9698    27.2116    1485.04    1491.51 0.0000e+00
       3489    132.000     8.1283     8.1276   3.633871   3.636048     1.7003       5.52     0.0340 5.1375e-02 -9.990e-29    145.322 287.234194    4.17332    34.9457    34.9697    27.2122    1485.05    1491.46 0.0000e+00
       3510    133.000     8.1266     8.1257   3.633821   3.636012     1.7005      14.72     0.0325 5.1288e-02 -9.990e-29    146.201 287.234204    4.17142    34.9464    34.9707    27.2130    1485.06    1491.41 0.0000e+00
       3531    134.000     8.1243     8.1237   3.633722   3.635937     1.7009      14.15     0.0290 5.1287e-02 -9.990e-29    147.081 287.234214    4.17383    34.9471    34.9714    27.2139    1485.07    1491.36 0.0000e+00
       3552    135.000     8.1225     8.1216   3.633648   3.635848     1.7009      13.16     0.0283 5.1294e-02 -9.990e-29    147.965 287.234224    4.16852    34.9476    34.9721    27.2146    1485.08    1491.32 0.0000e+00
       3573    136.000     8.1209     8.1203   3.633606   3.635804     1.7003      12.18     0.0327 5.1293e-02 -9.990e-29    148.848 287.234234    4.16429    34.9483    34.9724    27.2153    1485.09    1491.27 0.0000e+00
       3595    137.000     8.1200     8.1197   3.633592   3.635818     1.6997      11.20     0.0334 5.1280e-02 -9.990e-29    149.732 287.234245    4.16854    34.9486    34.9727    27.2157    1485.11    1491.22 0.0000e+00
       3616    138.000     8.1190     8.1182   3.633571   3.635770     1.7002      10.22     0.0318 5.1287e-02 -9.990e-29    150.612 287.234255    4.17682    34.9488    34.9732    27.2161    1485.12    1491.18 0.0000e+00
       3637    139.000     8.1191     8.1185   3.633622   3.635828     1.7006       9.22     0.0309 5.1314e-02 -9.990e-29    151.491 287.234265    4.17329    34.9488    34.9730    27.2160    1485.14    1491.14 0.0000e+00
       3658    140.000     8.1188     8.1182   3.633650   3.635848     1.7003       4.80     0.0317 5.1370e-02 -9.990e-29    152.380 287.234275    4.16650    34.9489    34.9731    27.2161    1485.15    1491.09 0.0000e+00
       3679    141.000     8.1187     8.1181   3.633676   3.635880     1.6994       2.53     0.0305 5.1427e-02 -9.990e-29    153.258 287.234285    4.16606    34.9488    34.9730    27.2161    1485.17    1491.05 0.0000e+00
