testdata/CTD/sta0414.cnv
* Sea-Bird SBE 9 Data File:
* FileName = C:\Seabird\CTDData\sta0414.hex
* Software Version Seasave V 7.21f
* Temperature SN = 4557
* Conductivity SN = 1337
* Number of Bytes Per Scan = 40
* Number of Voltage Words = 5
* Number of Scans Averaged by the Deck Unit = 1
* NMEA Latitude = 60 52.29 N
* NMEA Longitude = 005 24.70 E
* NMEA UTC (Time) = Oct 15 2018 15:10:24
* NMEA baud rate = 4800
** Ship: 10 F/F "G. O. Sars"
** Station: 0414
** Echodepth: 479
** Log: 5397.04
** Wind-Dir Force: 68 08
** Air-temp (dry): 8.8
** Weather Sky: 0 0
** Sea Ice: 0 0
# nquan = 20                                
# nvalues = 482                         
# units = specified
# name 0 = scan: Scan Count
# name 1 = prDM: Pressure, Digiquartz [db]
# name 2 = t068C: Temperature [ITS-68, deg C]
# name 3 = t168C: Temperature, 2 [ITS-68, deg C]
# name 4 = c0S/m: Conductivity [S/m]
# name 5 = c1S/m: Conductivity, 2 [S/m]
# name 6 = sbeox0V: Oxygen raw, SBE 43 [V]
# name 7 = altM: Altimeter [m]
# name 8 = flC: Fluorescence, Chelsea Aqua 3 Chl Con [ug/l]
# name 9 = par: PAR/Irradiance, Biospherical/Licor
# name 10 = spar: SPAR/Surface Irradiance
# name 11 = timeS: Time, Elapsed [seconds]
# name 12 = timeJ: Julian Days
# name 13 = sbeox0ML/L: Oxygen, SBE 43 [ml/l], WS = 2
# name 14 = sal00: Salinity, Practical [PSU]
# name 15 = sal11: Salinity, Practical, 2 [PSU]
# name 16 = sigma-t00: Density [sigma-t, Kg/m^3 ]
# name 17 = svCM: Sound Velocity [Chen-Millero, m/s]
# name 18 = avgsvCM: Average Sound Velocity [Chen-Millero, m/s], minP = 1, minS = 5
# name 19 = flag: flag
# span 0 =        538,      11103       
# span 1 =      2.000,    483.000       
# span 2 =     8.0885,    15.7425       
# span 3 =     8.0881,    15.7426       
# span 4 =   1.629337,   3.990930       
# span 5 =   1.662673,   3.993881       
# span 6 =     0.8686,     2.3753       
# span 7 =       7.69,      99.27       
# span 8 =     0.0227,     0.2212       
# span 9 = 5.1225e-02, 2.6785e+01       
# span 10 = 1.1758e+02, 1.2850e+02      
# span 11 =     22.374,    462.572      
# span 12 = 288.632516, 288.637611      
# span 13 =    1.27256,    6.57691      
# span 14 =    13.0998,    35.0224      
# span 15 =    13.3830,    35.0442      
# span 16 =     9.6647,    27.2601      
# span 17 =    1470.24,    1505.10      
# span 18 =    1470.24,    1498.95      
# span 19 = 0.0000e+00, 0.0000e+00      
# interval = decibars: 1                
# start_time = Oct 15 2018 15:10:27 [System UTC, header]
# bad_flag = -9.990e-29
*END*
[from data line 145]
       3645    147.000     8.1464     8.1460   3.636986   3.639033     1.6216      91.38     0.0283 5.1266e-02 1.2440e+02    151.841 288.634014    3.89304    34.9537    34.9761    27.2157    1485.38    1491.33 0.0000e+00
       3666    148.000     8.1457     8.1453   3.636997   3.639023     1.6214      98.73     0.0262 5.1273e-02 1.2440e+02    152.726 288.634025    3.89275    34.9541    34.9762    27.2161    1485.39    1491.29 0.0000e+00
       3688    149.000     8.1454     8.1451   3.637022   3.639061     1.6213      98.76     0.0248 5.1273e-02 1.2434e+02    153.608 288.634035    3.88969    34.9542    34.9763    27.2162    1485.41    1491.25 0.0000e+00
       3709    150.000     8.1449     8.1444   3.637032   3.639046     1.6202      98.76     0.0265 5.1273e-02 1.2117e+02    154.486 288.634045    3.87933    34.9543    34.9763    27.2164    1485.42    1491.21 0.0000e+00
       3730    151.000     8.1451     8.1446   3.637077   3.639118     1.6188      98.76     0.0269 5.1273e-02 1.2438e+02    155.371 288.634055    3.88011    34.9541    34.9764    27.2162    1485.44    1491.17 0.0000e+00
       3751    152.000     8.1430     8.1430   3.636964   3.639021     1.6185      98.75     0.0259 5.1273e-02 1.2440e+02    156.254 288.634065    3.87827    34.9545    34.9765    27.2168    1485.45    1491.13 0.0000e+00
       3772    153.000     8.1420     8.1414   3.636932   3.638942     1.6170      89.14     0.0296 5.1252e-02 1.2440e+02    157.132 288.634076    3.86696    34.9546    34.9768    27.2171    1485.46    1491.09 0.0000e+00
       3793    154.000     8.1416     8.1412   3.636939   3.638969     1.6155      94.31     0.0304 5.1253e-02 1.2440e+02    158.017 288.634086    3.86793    34.9546    34.9768    27.2172    1485.48    1491.06 0.0000e+00
       3815    155.000     8.1404     8.1402   3.636876   3.638918     1.6149      98.65     0.0287 5.1273e-02 1.2440e+02    158.896 288.634096    3.86808    34.9547    34.9767    27.2174    1485.49    1491.02 0.0000e+00
       3836    156.000     8.1385     8.1382   3.636774   3.638804     1.6140      98.75     0.0288 5.1273e-02 1.2440e+02    159.780 288.634106    3.86505    34.9550    34.9770    27.2179    1485.50    1490.99 0.0000e+00
       3857    157.000     8.1383     8.1379   3.636800   3.638830     1.6130      98.52     0.0293 5.1259e-02 1.2440e+02    160.661 288.634116    3.85565    34.9550    34.9771    27.2179    1485.51    1490.95 0.0000e+00
       3878    158.000     8.1358     8.1355   3.636616   3.638645     1.6111      98.56     0.0301 5.1273e-02 1.2440e+02    161.535 288.634127    3.85067    34.9550    34.9770    27.2184    1485.52    1490.92 0.0000e+00
       3899    159.000     8.1346     8.1345   3.636549   3.638589     1.6102      98.51     0.0310 5.1273e-02 1.2440e+02    162.420 288.634137    3.85800    34.9550    34.9769    27.2185    1485.53    1490.88 0.0000e+00
       3920    160.000     8.1317     8.1313   3.636312   3.638335     1.6102      91.03     0.0283 5.1252e-02 1.2077e+02    163.304 288.634147    3.86665    34.9549    34.9769    27.2189    1485.54    1490.85 0.0000e+00
       3941    161.000     8.1283     8.1280   3.636048   3.638079     1.6111      98.20     0.0291 5.1273e-02 1.2427e+02    164.181 288.634157    3.87754    34.9550    34.9770    27.2194    1485.54    1490.82 0.0000e+00
       3963    162.000     8.1281     8.1277   3.636086   3.638089     1.6124      98.64     0.0280 5.1273e-02 1.2440e+02    165.065 288.634167    3.88839    34.9551    34.9769    27.2196    1485.56    1490.78 0.0000e+00
       3984    163.000     8.1280     8.1275   3.636118   3.638128     1.6143      98.70     0.0271 5.1273e-02 1.2440e+02    165.942 288.634178    3.90351    34.9550    34.9771    27.2195    1485.57    1490.75 0.0000e+00
       4005    164.000     8.1281     8.1277   3.636196   3.638198     1.6176      98.62     0.0310 5.1266e-02 1.2440e+02    166.826 288.634188    3.92096    34.9553    34.9771    27.2197    1485.59    1490.72 0.0000e+00
       4026    165.000     8.1283     8.1278   3.636255   3.638250     1.6203      98.72     0.0275 5.1273e-02 1.2440e+02    167.710 288.634198    3.92788    34.9552    34.9771    27.2197    1485.61    1490.69 0.0000e+00
       4047    166.000     8.1287     8.1282   3.636333   3.638319     1.6231      98.75     0.0279 5.1273e-02 1.2440e+02    168.591 288.634208    3.93661    34.9552    34.9769    27.2196    1485.63    1490.66 0.0000e+00
       4068    167.000     8.1285     8.1280   3.636352   3.638351     1.6253      90.26     0.0292 5.1266e-02 1.2440e+02    169.473 288.634218    3.93621    34.9551    34.9770    27.2195    1485.64    1490.63 0.0000e+00
       4090    168.000     8.1288     8.1283   3.636425   3.638419     1.6267      98.77     0.0279 5.1273e-02 1.2440e+02    170.355 288.634229    3.93715    34.9551    34.9769    27.2195    1485.66    1490.60 0.0000e+00
       4111    169.000     8.1277     8.1274   3.636363   3.638395     1.6275      98.77     0.0266 5.1273e-02 1.2440e+02    171.234 288.634239    3.93755    34.9551    34.9771    27.2196    1485.67    1490.57 0.0000e+00
       4132    170.000     8.1279     8.1275   3.636349   3.638453     1.6285      98.77     0.0232 5.1273e-02 1.2440e+02    172.117 288.634249    3.93953    34.9542    34.9771    27.2189    1485.69    1490.54 0.0000e+00
       4153    171.000     8.1270     8.1269   3.636412   3.638458     1.6289      98.77     0.0261 5.1273e-02 1.2440e+02    172.995 288.634259    3.94206    34.9553    34.9773    27.2199    1485.70    1490.51 0.0000e+00
       4174    172.000     8.1274     8.1269   3.636492   3.638493     1.6298      98.77     0.0290 5.1273e-02 1.2257e+02    173.875 288.634269    3.94737    34.9553    34.9772    27.2198    1485.72    1490.48 0.0000e+00
       4195    173.000     8.1276     8.1273   3.636572   3.638590     1.6306      98.60     0.0291 5.1266e-02 1.2245e+02    174.756 288.634280    3.94352    34.9555    34.9774    27.2199    1485.74    1490.46 0.0000e+00
       4216    174.000     8.1249     8.1244   3.636365   3.638356     1.6302      94.42     0.0294 5.1266e-02 1.2442e+02    175.634 288.634290    3.93674    34.9554    34.9773    27.2203    1485.74    1490.43 0.0000e+00
       4237    175.000     8.1209     8.1200   3.635993   3.637938     1.6297      98.70     0.0307 5.1273e-02 1.2440e+02    176.514 288.634300    3.93251    34.9550    34.9767    27.2206    1485.74    1490.40 0.0000e+00
       4259    176.000     8.1191     8.1186   3.635873   3.637853     1.6286      98.73     0.0296 5.1266e-02 1.2440e+02    177.398 288.634310    3.93101    34.9550    34.9767    27.2209    1485.75    1490.38 0.0000e+00
       4280    177.000     8.1186     8.1182   3.635867   3.637872     1.6284      98.74     0.0290 5.1273e-02 1.2440e+02    178.278 288.634320    3.93911    34.9549    34.9768    27.2209    1485.77    1490.35 0.0000e+00
       4301    178.000     8.1185     8.1181   3.635911   3.637908     1.6291      98.75     0.0252 5.1266e-02 1.2440e+02    179.160 288.634331    3.95641    34.9550    34.9768    27.2210    1485.78    1490.32 0.0000e+00
       4322    179.000     8.1184     8.1182   3.635975   3.637979     1.6318      98.77     0.0231 5.1273e-02 1.2440e+02    180.040 288.634341    3.98313    34.9553    34.9770    27.2212    1485.80    1490.30 0.0000e+00
       4343    180.000     8.1184     8.1179   3.636017   3.638016     1.6357      98.61     0.0254 5.1273e-02 1.2440e+02    180.917 288.634351    4.00024    34.9553    34.9772    27.2212    1485.82    1490.27 0.0000e+00
       4364    181.000     8.1186     8.1181   3.636097   3.638082     1.6391      98.41     0.0280 5.1273e-02 1.2440e+02    181.804 288.634361    4.00062    34.9555    34.9772    27.2213    1485.83    1490.25 0.0000e+00
       4385    182.000     8.1181     8.1178   3.636106   3.638100     1.6405      98.76     0.0273 5.1252e-02 1.2440e+02    182.682 288.634371    3.99088    34.9556    34.9772    27.2215    1485.85    1490.22 0.0000e+00
       4407    183.000     8.1176     8.1171   3.636089   3.638065     1.6408      98.18     0.0289 5.1273e-02 1.2325e+02    183.563 288.634382    3.98640    34.9554    34.9771    27.2214    1485.86    1490.20 0.0000e+00
       4428    184.000     8.1165     8.1160   3.636025   3.638013     1.6409      98.74     0.0295 5.1273e-02 1.2068e+02    184.447 288.634392    3.98746    34.9553    34.9771    27.2215    1485.88    1490.18 0.0000e+00
       4449    185.000     8.1124     8.1123   3.635637   3.637649     1.6415      98.38     0.0308 5.1273e-02 1.2434e+02    185.319 288.634402    3.99621    34.9548    34.9764    27.2217    1485.88    1490.15 0.0000e+00
       4470    186.000     8.1061     8.1058   3.635015   3.637007     1.6424      98.74     0.0324 5.1273e-02 1.2404e+02    186.201 288.634412    4.00266    34.9539    34.9755    27.2220    1485.87    1490.13 0.0000e+00
       4491    187.000     8.1076     8.1074   3.635246   3.637254     1.6435      98.75     0.0293 5.1273e-02 1.2439e+02    187.082 288.634422    4.00935    34.9544    34.9761    27.2221    1485.89    1490.11 0.0000e+00
       4512    188.000     8.1092     8.1084   3.635469   3.637425     1.6451      98.75     0.0280 5.1266e-02 1.2440e+02    187.957 288.634432    4.03117    34.9547    34.9765    27.2222    1485.91    1490.09 0.0000e+00
       4533    189.000     8.1069     8.1068   3.635271   3.637287     1.6494      98.67     0.0284 5.1273e-02 1.2440e+02    188.839 288.634443    4.07086    34.9544    34.9761    27.2223    1485.92    1490.06 0.0000e+00
       4554    190.000     8.1044     8.1039   3.635050   3.637036     1.6554      98.34     0.0303 5.1273e-02 1.2440e+02    189.722 288.634453    4.09127    34.9541    34.9758    27.2224    1485.93    1490.04 0.0000e+00
       4575    191.000     8.1036     8.1032   3.635023   3.636997     1.6595      98.75     0.0279 5.1280e-02 1.2440e+02    190.601 288.634463    4.09309    34.9541    34.9756    27.2225    1485.94    1490.02 0.0000e+00
       4597    192.000     8.1011     8.1006   3.634789   3.636780     1.6629      98.75     0.0266 5.1253e-02 1.2440e+02    191.481 288.634473    4.10382    34.9536    34.9754    27.2225    1485.95    1490.00 0.0000e+00
       4618    193.000     8.1001     8.0999   3.634730   3.636741     1.6666      98.75     0.0264 5.1259e-02 1.2412e+02    192.357 288.634483    4.12102    34.9535    34.9752    27.2225    1485.96    1489.98 0.0000e+00
       4639    194.000     8.0985     8.0981   3.634626   3.636620     1.6707      98.75     0.0295 5.1266e-02 1.2375e+02    193.252 288.634494    4.13794    34.9535    34.9752    27.2228    1485.97    1489.96 0.0000e+00
       4661    195.000     8.0985     8.0980   3.634679   3.636667     1.6748      98.76     0.0266 5.1273e-02 1.2368e+02    194.149 288.634504    4.15554    34.9535    34.9753    27.2228    1485.99    1489.94 0.0000e+00
       4682    196.000     8.0981     8.0977   3.634717   3.636706     1.6794      96.71     0.0295 5.1273e-02 1.1892e+02    195.033 288.634514    4.18090    34.9539    34.9756    27.2232    1486.00    1489.92 0.0000e+00
       4703    197.000     8.0976     8.0972   3.634718   3.636706     1.6851      96.77     0.0295 5.1259e-02 1.2372e+02    195.926 288.634525    4.20562    34.9539    34.9756    27.2233    1486.02    1489.90 0.0000e+00
       4724    198.000     8.0967     8.0963   3.634695   3.636680     1.6905      98.80     0.0291 5.1273e-02 1.2375e+02    196.812 288.634535    4.21955    34.9541    34.9757    27.2235    1486.03    1489.88 0.0000e+00
       4746    199.000     8.0960     8.0956   3.634695   3.636685     1.6950      98.71     0.0290 5.1273e-02 1.2350e+02    197.693 288.634545    4.23113    34.9543    34.9760    27.2238    1486.04    1489.86 0.0000e+00
       4767    200.000     8.0953     8.0949   3.634679   3.636675     1.6994      98.75     0.0305 5.1259e-02 1.2334e+02    198.585 288.634555    4.24716    34.9543    34.9761    27.2239    1486.06    1489.84 0.0000e+00
       4788    201.000     8.0947     8.0944   3.634674   3.636669     1.7038      98.75     0.0311 5.1266e-02 1.2382e+02    199.463 288.634566    4.25859    34.9544    34.9760    27.2241    1486.07    1489.82 0.0000e+00
       4810    202.000     8.0925     8.0923   3.634484   3.636496     1.7071      98.74     0.0297 5.1273e-02 1.2378e+02    200.366 288.634576    4.26384    34.9540    34.9758    27.2241    1486.08    1489.80 0.0000e+00
       4832    203.000     8.0915     8.0911   3.634446   3.636424     1.7104      98.42     0.0301 5.1260e-02 1.2291e+02    201.273 288.634587    4.26915    34.9542    34.9757    27.2244    1486.09    1489.78 0.0000e+00
       4853    204.000     8.0921     8.0918   3.634568   3.636555     1.7121      97.96     0.0315 5.1246e-02 1.2301e+02    202.160 288.634597    4.27187    34.9544    34.9760    27.2245    1486.11    1489.77 0.0000e+00
       4875    205.000     8.0923     8.0918   3.634644   3.636610     1.7146      97.68     0.0285 5.1273e-02 1.2323e+02    203.068 288.634607    4.28849    34.9545    34.9761    27.2245    1486.13    1489.75 0.0000e+00
       4896    206.000     8.0904     8.0901   3.634482   3.636458     1.7178      96.87     0.0249 5.1273e-02 1.1794e+02    203.970 288.634618    4.29713    34.9542    34.9756    27.2246    1486.14    1489.73 0.0000e+00
       4918    207.000     8.0904     8.0899   3.634523   3.636499     1.7194      96.67     0.0241 5.1266e-02 1.2324e+02    204.862 288.634628    4.29241    34.9541    34.9758    27.2245    1486.15    1489.71 0.0000e+00
       4940    208.000     8.0898     8.0895   3.634536   3.636516     1.7203      98.77     0.0247 5.1273e-02 1.2270e+02    205.775 288.634639    4.28669    34.9544    34.9759    27.2248    1486.17    1489.70 0.0000e+00
       4961    209.000     8.0897     8.0894   3.634572   3.636560     1.7202      98.76     0.0270 5.1266e-02 1.2283e+02    206.669 288.634649    4.28260    34.9544    34.9760    27.2248    1486.18    1489.68 0.0000e+00
       4983    210.000     8.0896     8.0893   3.634624   3.636607     1.7203      98.76     0.0274 5.1273e-02 1.2274e+02    207.580 288.634659    4.28804    34.9546    34.9761    27.2250    1486.20    1489.66 0.0000e+00
       5005    211.000     8.0894     8.0890   3.634658   3.636626     1.7210      98.76     0.0263 5.1273e-02 1.2252e+02    208.505 288.634670    4.29732    34.9547    34.9761    27.2251    1486.22    1489.65 0.0000e+00
       5027    212.000     8.0894     8.0891   3.634696   3.636694     1.7222      98.72     0.0266 5.1266e-02 1.2246e+02    209.402 288.634681    4.30183    34.9546    34.9763    27.2250    1486.23    1489.63 0.0000e+00
       5049    213.000     8.0892     8.0888   3.634726   3.636719     1.7228      98.76     0.0310 5.1273e-02 1.2246e+02    210.325 288.634691    4.30078    34.9546    34.9764    27.2251    1486.25    1489.61 0.0000e+00
       5071    214.000     8.0891     8.0887   3.634776   3.636751     1.7237      98.76     0.0312 5.1273e-02 1.2246e+02    211.234 288.634702    4.31389    34.9548    34.9763    27.2252    1486.27    1489.60 0.0000e+00
       5093    215.000     8.0890     8.0887   3.634809   3.636793     1.7258      98.75     0.0294 5.1253e-02 1.2246e+02    212.150 288.634712    4.32043    34.9547    34.9763    27.2252    1486.28    1489.58 0.0000e+00
       5115    216.000     8.0891     8.0887   3.634865   3.636848     1.7265      98.68     0.0275 5.1267e-02 1.2255e+02    213.074 288.634723    4.31502    34.9548    34.9764    27.2252    1486.30    1489.57 0.0000e+00
       5136    217.000     8.0891     8.0888   3.634923   3.636902     1.7271      98.71     0.0291 5.1266e-02 1.2006e+02    213.975 288.634733    4.32216    34.9549    34.9764    27.2253    1486.31    1489.55 0.0000e+00
       5159    218.000     8.0890     8.0887   3.634963   3.636940     1.7284      98.61     0.0295 5.1273e-02 1.2235e+02    214.910 288.634744    4.33064    34.9549    34.9764    27.2254    1486.33    1489.54 0.0000e+00
