testdata/CTD/sta0427.cnv
* Sea-Bird SBE 9 Data File:
* FileName = C:\Seabird\CTDData\sta0427.hex
* Software Version Seasave V 7.21f
* Temperature SN = 4557
* Conductivity SN = 1337
* Number of Bytes Per Scan = 40
* Number of Voltage Words = 5
* Number of Scans Averaged by the Deck Unit = 1
* NMEA Latitude = 61 31.36 N
* NMEA Longitude = 005 02.87 E
* NMEA UTC (Time) = Oct 20 2018 03:22:46
* NMEA baud rate = 4800
** Ship: 10 F/F "G. O. Sars"
** Station: 0427
** Echodepth: 279
** Log: 5715.357
** Wind-Dir Force: 12 08
** Air-temp (dry): 8.2
** Weather Sky: 0 0
** Sea Ice: 0 0
# nquan = 20                                
# nvalues = 270                         
# units = specified
# name 0 = scan: Scan Count
# name 1 = prDM: Pressure, Digiquartz [db]
# name 2 = t068C: Temperature [ITS-68, deg C]
# name 3 = t168C: Temperature, 2 [ITS-68, deg C]
# name 4 = c0S/m: Conductivity [S/m]
# name 5 = c1S/m: Conductivity, 2 [S/m]
# name 6 = sbeox0V: Oxygen raw, SBE 43 [V]
# name 7 = altM: Altimeter [m]
# name 8 = flC: Fluorescence, Chelsea Aqua 3 Chl Con [ug/l]
# name 9 = par: PAR/Irradiance, Biospherical/Licor
# name 10 = spar: SPAR/Surface Irradiance
# name 11 = timeS: Time, Elapsed [seconds]
# name 12 = timeJ: Julian Days
# name 13 = sbeox0ML/L: Oxygen, SBE 43 [ml/l], WS = 2
# name 14 = sal00: Salinity, Practical [PSU]
# name 15 = sal11: Salinity, Practical, 2 [PSU]
# name 16 = sigma-t00: Density [sigma-t, Kg/m^3 ]
# name 17 = svCM: Sound Velocity [Chen-Millero, m/s]
# name 18 = avgsvCM: Average Sound Velocity [Chen-Millero, m/s], minP = 1, minS = 5
# name 19 = flag: flag
# span 0 =       2331,       8108       
# span 1 =      2.000,    271.000       
# span 2 =     7.6639,    13.3541       
# span 3 =     7.6639,    13.3558       
# span 4 =   3.168202,   3.844513       
# span 5 =   3.165500,   3.846425       
# span 6 =     1.9074,     2.3116       
# span 7 =      -3.94,     102.51       
# span 8 =     0.0196,     0.2712       
# span 9 = 5.1234e-02, 1.2503e+00       
# span 10 = 1.9438e+00, 1.9438e+00      
# span 11 =     97.069,    337.773      
# span 12 = 293.141957, 293.144743      
# span 13 =    4.87818,    6.03632      
# span 14 =    27.5199,    35.0286      
# span 15 =    27.4985,    35.0488      
# span 16 =    20.9057,    27.3466      
# span 17 =    1484.62,    1498.02      
# span 18 =    1485.52,    1494.54      
# span 19 = 0.0000e+00, 0.0000e+00      
# interval = decibars: 1                
# start_time = Oct 20 2018 03:22:48 [System UTC, header]
# bad_flag = -9.990e-29
*END*
[from data line 73]
       3921     75.000    11.9127    11.9131   3.843890   3.845838     2.1976      95.06     0.1050 5.1267e-02 -9.990e-29    163.344 293.142724    5.44434    33.5302    33.5488    25.4646    1496.00    1494.33 0.0000e+00
       3943     76.000    11.8889    11.8899   3.842518   3.844483     2.1968      98.74     0.0978 5.1266e-02 -9.990e-29    164.238 293.142734    5.42578    33.5379    33.5561    25.4750    1495.94    1494.35 0.0000e+00
       3964     77.000    11.8769    11.8773   3.841922   3.843812     2.1941      98.78     0.0894 5.1273e-02 -9.990e-29    165.140 293.142745    5.40935    33.5425    33.5605    25.4808    1495.92    1494.37 0.0000e+00
       3986     78.000    11.8590    11.8596   3.841471   3.843391     2.1904      98.78     0.0822 5.1273e-02 -9.990e-29    166.049 293.142755    5.39283    33.5538    33.5720    25.4930    1495.89    1494.39 0.0000e+00
       4008     79.000    11.8506    11.8503   3.841290   3.843190     2.1857      93.16     0.0800 5.1266e-02 1.9438e+00    166.951 293.142766    5.37406    33.5592    33.5780    25.4987    1495.88    1494.41 0.0000e+00
       4030     80.000    11.8318    11.8319   3.840675   3.842567     2.1811      98.78     0.0796 5.1273e-02 1.9438e+00    167.854 293.142776    5.37035    33.5697    33.5881    25.5104    1495.85    1494.42 0.0000e+00
       4051     81.000    11.8124    11.8123   3.839272   3.841130     2.1785      98.78     0.0765 5.1266e-02 1.9438e+00    168.756 293.142786    5.37397    33.5732    33.5914    25.5167    1495.80    1494.44 0.0000e+00
       4073     82.000    11.7868    11.7865   3.837930   3.839815     2.1760      92.23     0.0742 5.1266e-02 1.9438e+00    169.649 293.142797    5.36556    33.5828    33.6014    25.5289    1495.74    1494.46 0.0000e+00
       4094     83.000    11.7033    11.7030   3.833560   3.835412     2.1731      98.27     0.0675 5.1266e-02 1.9438e+00    170.540 293.142807    5.36662    33.6152    33.6335    25.5696    1495.51    1494.47 0.0000e+00
       4115     84.000    11.6542    11.6547   3.831585   3.833455     2.1705      98.78     0.0614 5.1259e-02 -9.990e-29    171.428 293.142817    5.35363    33.6399    33.6578    25.5980    1495.39    1494.48 0.0000e+00
       4137     85.000    11.6446    11.6454   3.831227   3.833184     2.1649      96.86     0.0574 5.1267e-02 -9.990e-29    172.323 293.142828    5.32211    33.6447    33.6631    25.6035    1495.37    1494.49 0.0000e+00
       4158     86.000    11.6432    11.6435   3.831477   3.833417     2.1587      95.75     0.0566 5.1260e-02 -9.990e-29    173.224 293.142838    5.30801    33.6480    33.6667    25.6063    1495.39    1494.50 0.0000e+00
       4180     87.000    11.6061    11.6049   3.829941   3.831761     2.1542      98.77     0.0568 5.1273e-02 -9.990e-29    174.123 293.142849    5.30542    33.6662    33.6851    25.6273    1495.30    1494.51 0.0000e+00
       4202     88.000    11.5409    11.5399   3.827134   3.828990     2.1499      98.78     0.0577 5.1273e-02 1.9438e+00    175.031 293.142859    5.29209    33.6975    33.7166    25.6636    1495.13    1494.52 0.0000e+00
       4223     89.000    11.5010    11.5012   3.825782   3.827680     2.1436      98.78     0.0549 5.1273e-02 1.9438e+00    175.932 293.142870    5.26566    33.7201    33.7386    25.6886    1495.03    1494.52 0.0000e+00
       4245     90.000    11.4935    11.4941   3.825897   3.827799     2.1374      98.11     0.0584 5.1266e-02 1.9438e+00    176.820 293.142880    5.25018    33.7277    33.7458    25.6958    1495.03    1494.53 0.0000e+00
       4266     91.000    11.4504    11.4500   3.824169   3.826035     2.1317      52.47     0.0572 5.1273e-02 1.9438e+00    177.713 293.142890    5.25075    33.7495    33.7683    25.7207    1494.93    1494.53 0.0000e+00
       4288     92.000    11.4120    11.4092   3.823871   3.825522     2.1286      91.95     0.0522 5.1253e-02 1.9438e+00    178.605 293.142901    5.24573    33.7812    33.8001    25.7524    1494.85    1494.54 0.0000e+00
       4309     93.000    11.3302    11.3296   3.817594   3.819401     2.1242      97.56     0.0470 5.1273e-02 1.9438e+00    179.492 293.142911    5.23351    33.7938    33.8121    25.7771    1494.60    1494.54 0.0000e+00
       4330     94.000    11.3117    11.3121   3.816842   3.818729     2.1185      61.70     0.0464 5.1273e-02 -9.990e-29    180.375 293.142921    5.20267    33.8029    33.8211    25.7875    1494.56    1494.54 0.0000e+00
       4351     95.000    11.2559    11.2557   3.813812   3.815644     2.1110      85.39     0.0452 5.1259e-02 -9.990e-29    181.242 293.142931    5.17445    33.8236    33.8419    25.8138    1494.40    1494.54 0.0000e+00
       4372     96.000    11.1456    11.1439   3.808593   3.810355     2.1027      87.73     0.0440 5.1239e-02 -9.990e-29    182.114 293.142941    5.16070    33.8729    33.8919    25.8721    1494.10    1494.53 0.0000e+00
       4393     97.000    11.0183    11.0159   3.801786   3.803430     2.0952      88.79     0.0377 5.1252e-02 1.9438e+00    182.996 293.142951    5.14579    33.9222    33.9408    25.9334    1493.73    1494.52 0.0000e+00
       4414     98.000    10.8807    10.8790   3.793117   3.794750     2.0865      67.23     0.0355 5.1266e-02 1.9438e+00    183.880 293.142962    5.11800    33.9627    33.9806    25.9895    1493.31    1494.51 0.0000e+00
       4435     99.000    10.7075    10.7063   3.781652   3.783343     2.0748      86.23     0.0354 5.1234e-02 1.9438e+00    184.770 293.142972    5.08074    34.0085    34.0265    26.0559    1492.77    1494.49 0.0000e+00
       4457    100.000    10.6514    10.6512   3.778525   3.780268     2.0625      98.82     0.0327 5.1280e-02 1.9438e+00    185.649 293.142982    5.04045    34.0289    34.0466    26.0817    1492.61    1494.47 0.0000e+00
       4477    101.000    10.5811    10.5830   3.774081   3.775914     2.0496      54.59     0.0325 5.1273e-02 1.9438e+00    186.518 293.142992    5.01489    34.0494    34.0660    26.1100    1492.40    1494.45 0.0000e+00
       4499    102.000    10.4383    10.4368   3.764151   3.765794     2.0398      89.60     0.0337 5.1260e-02 1.9438e+00    187.399 293.143002    5.01121    34.0824    34.1004    26.1607    1491.95    1494.43 0.0000e+00
       4520    103.000    10.3212    10.3203   3.756259   3.757866     2.0300      90.87     0.0349 5.1259e-02 1.9438e+00    188.281 293.143013    4.99298    34.1120    34.1292    26.2040    1491.59    1494.40 0.0000e+00
       4541    104.000    10.1071    10.1060   3.741959   3.743561     2.0202      80.34     0.0345 5.1259e-02 1.9438e+00    189.167 293.143023    4.98241    34.1681    34.1854    26.2845    1490.91    1494.37 0.0000e+00
       4562    105.000    10.0010    10.0004   3.734926   3.736571     2.0113      78.99     0.0362 5.1273e-02 1.9438e+00    190.054 293.143033    4.96827    34.1962    34.2136    26.3245    1490.58    1494.33 0.0000e+00
       4583    106.000     9.7757     9.7710   3.719015   3.720363     2.0016      76.55     0.0374 5.1245e-02 1.9438e+00    190.934 293.143043    4.96788    34.2467    34.2650    26.4019    1489.84    1494.29 0.0000e+00
       4605    107.000     9.6512     9.6489   3.711237   3.712797     1.9950      98.78     0.0331 5.1266e-02 1.9438e+00    191.814 293.143053    4.95046    34.2849    34.3032    26.4525    1489.45    1494.24 0.0000e+00
       4626    108.000     9.6133     9.6130   3.709265   3.710956     1.9839      61.68     0.0323 5.1266e-02 -9.990e-29    192.688 293.143064    4.91487    34.3003    34.3180    26.4709    1489.35    1494.20 0.0000e+00
       4646    109.000     9.5970     9.5974   3.708417   3.710148     1.9764      81.30     0.0329 5.1260e-02 -9.990e-29    193.558 293.143074    4.91031    34.3067    34.3242    26.4786    1489.32    1494.15 0.0000e+00
       4668    110.000     9.4866     9.4830   3.701335   3.702829     1.9704      94.12     0.0325 5.1259e-02 -9.990e-29    194.451 293.143084    4.91363    34.3388    34.3577    26.5219    1488.97    1494.11 0.0000e+00
       4689    111.000     9.3581     9.3566   3.693043   3.694636     1.9643      68.35     0.0355 5.1273e-02 -9.990e-29    195.339 293.143094    4.90973    34.3758    34.3937    26.5719    1488.56    1494.06 0.0000e+00
       4710    112.000     9.2635     9.2625   3.686748   3.688422     1.9598      83.93     0.0365 5.1280e-02 1.9438e+00    196.208 293.143104    4.91331    34.4010    34.4193    26.6070    1488.26    1494.00 0.0000e+00
       4731    113.000     9.2297     9.2297   3.684615   3.686345     1.9555      83.91     0.0334 5.1253e-02 1.9438e+00    197.078 293.143114    4.91200    34.4109    34.4289    26.6202    1488.17    1493.95 0.0000e+00
       4752    114.000     9.1108     9.1094   3.678301   3.679994     1.9528      91.70     0.0314 5.1273e-02 1.9438e+00    197.949 293.143124    4.90835    34.4595    34.4785    26.6774    1487.81    1493.90 0.0000e+00
       4773    115.000     9.0909     9.0907   3.677611   3.679378     1.9476      64.83     0.0311 5.1259e-02 1.9438e+00    198.840 293.143135    4.88340    34.4710    34.4897    26.6897    1487.77    1493.84 0.0000e+00
       4795    116.000     9.0735     9.0739   3.676618   3.678430     1.9420      73.89     0.0312 5.1253e-02 1.9438e+00    199.732 293.143145    4.87818    34.4771    34.4956    26.6972    1487.73    1493.79 0.0000e+00
       4816    117.000     9.0343     9.0348   3.674284   3.676095     1.9404      98.38     0.0315 5.1273e-02 -9.990e-29    200.608 293.143155    4.90678    34.4902    34.5086    26.7137    1487.61    1493.74 0.0000e+00
       4837    118.000     9.0112     9.0109   3.672925   3.674729     1.9402      60.87     0.0306 5.1273e-02 -9.990e-29    201.491 293.143165    4.91785    34.4979    34.5170    26.7235    1487.56    1493.69 0.0000e+00
       4858    119.000     8.9931     8.9930   3.671885   3.673700     1.9410      87.64     0.0347 5.1266e-02 -9.990e-29    202.365 293.143176    4.92795    34.5041    34.5232    26.7312    1487.51    1493.63 0.0000e+00
       4879    120.000     8.9409     8.9420   3.668688   3.670630     1.9421      87.52     0.0356 5.1253e-02 -9.990e-29    203.236 293.143186    4.93890    34.5208    34.5401    26.7527    1487.36    1493.58 0.0000e+00
       4900    121.000     8.8938     8.8968   3.665865   3.667862     1.9424      82.70     0.0345 5.1273e-02 1.9438e+00    204.120 293.143196    4.93297    34.5365    34.5546    26.7725    1487.22    1493.53 0.0000e+00
       4921    122.000     8.8783     8.8781   3.664893   3.666757     1.9418      76.15     0.0359 5.1273e-02 1.9438e+00    205.003 293.143206    4.93173    34.5409    34.5607    26.7784    1487.18    1493.48 0.0000e+00
       4942    123.000     8.8766     8.8758   3.664915   3.666739     1.9409      69.37     0.0363 5.1252e-02 1.9438e+00    205.884 293.143216    4.94283    34.5423    34.5623    26.7797    1487.20    1493.43 0.0000e+00
       4963    124.000     8.8433     8.8430   3.662306   3.664165     1.9435      99.36     0.0355 5.1273e-02 1.9438e+00    206.767 293.143226    4.95584    34.5469    34.5667    26.7886    1487.10    1493.37 0.0000e+00
       4984    125.000     8.7700     8.7694   3.657294   3.659095     1.9426      67.27     0.0348 5.1273e-02 1.9438e+00    207.646 293.143237    4.94926    34.5651    34.5847    26.8145    1486.86    1493.32 0.0000e+00
       5006    126.000     8.6947     8.6944   3.652506   3.654330     1.9421      77.08     0.0368 5.1266e-02 1.9438e+00    208.526 293.143247    4.94880    34.5877    34.6073    26.8440    1486.63    1493.27 0.0000e+00
       5027    127.000     8.6519     8.6514   3.649897   3.651727     1.9406      90.83     0.0365 5.1259e-02 1.9438e+00    209.410 293.143257    4.94192    34.6016    34.6214    26.8616    1486.50    1493.21 0.0000e+00
       5048    128.000     8.5813     8.5801   3.645504   3.647245     1.9375      79.23     0.0335 5.1266e-02 1.9438e+00    210.291 293.143267    4.93045    34.6238    34.6434    26.8900    1486.28    1493.16 0.0000e+00
       5069    129.000     8.5010     8.5003   3.639350   3.641108     1.9351      79.74     0.0316 5.1273e-02 1.9438e+00    211.172 293.143277    4.93962    34.6369    34.6563    26.9128    1486.02    1493.10 0.0000e+00
       5090    130.000     8.4411     8.4410   3.635624   3.637470     1.9327      88.48     0.0329 5.1273e-02 1.9438e+00    212.046 293.143288    4.92409    34.6558    34.6755    26.9368    1485.83    1493.05 0.0000e+00
       5111    131.000     8.3936     8.3932   3.633181   3.634965     1.9283      62.40     0.0300 5.1273e-02 -9.990e-29    212.930 293.143298    4.92470    34.6761    34.6954    26.9600    1485.70    1492.99 0.0000e+00
       5132    132.000     8.3317     8.3313   3.629197   3.631024     1.9273      99.60     0.0286 5.1266e-02 -9.990e-29    213.812 293.143308    4.93136    34.6942    34.7141    26.9838    1485.50    1492.94 0.0000e+00
       5153    133.000     8.2968     8.2964   3.627382   3.629193     1.9237      54.57     0.0301 5.1259e-02 -9.990e-29    214.681 293.143318    4.92791    34.7088    34.7285    27.0006    1485.41    1492.88 0.0000e+00
       5174    134.000     8.2652     8.2654   3.625145   3.627027     1.9241      96.08     0.0311 5.1266e-02 -9.990e-29    215.560 293.143328    4.94594    34.7157    34.7356    27.0108    1485.31    1492.82 0.0000e+00
       5196    135.000     8.2462     8.2461   3.623688   3.625573     1.9226      72.16     0.0323 5.1266e-02 1.9438e+00    216.445 293.143339    4.93994    34.7185    34.7387    27.0158    1485.26    1492.77 0.0000e+00
       5217    136.000     8.2249     8.2252   3.622841   3.624739     1.9231      86.91     0.0314 5.1259e-02 1.9438e+00    217.330 293.143349    4.95922    34.7300    34.7499    27.0281    1485.21    1492.71 0.0000e+00
       5238    137.000     8.1509     8.1512   3.616852   3.618724     1.9235      80.32     0.0343 5.1259e-02 1.9438e+00    218.219 293.143359    4.95695    34.7387    34.7585    27.0462    1484.96    1492.65 0.0000e+00
       5259    138.000     8.1326     8.1330   3.615759   3.617652     1.9225      71.80     0.0328 5.1266e-02 1.9438e+00    219.102 293.143369    4.96285    34.7447    34.7645    27.0537    1484.92    1492.60 0.0000e+00
       5280    139.000     8.1130     8.1129   3.614592   3.616458     1.9231      91.20     0.0309 5.1273e-02 1.9438e+00    219.976 293.143379    4.95587    34.7511    34.7712    27.0617    1484.87    1492.54 0.0000e+00
       5302    140.000     8.0977     8.0983   3.613742   3.615680     1.9206      71.03     0.0317 5.1260e-02 1.9438e+00    220.862 293.143390    4.93264    34.7567    34.7769    27.0684    1484.83    1492.49 0.0000e+00
       5323    141.000     8.0808     8.0800   3.612950   3.614807     1.9171      63.89     0.0339 5.1273e-02 -9.990e-29    221.745 293.143400    4.91941    34.7645    34.7852    27.0771    1484.80    1492.43 0.0000e+00
       5344    142.000     8.0733     8.0732   3.612637   3.614541     1.9145      98.95     0.0335 5.1273e-02 -9.990e-29    222.627 293.143410    4.90837    34.7681    34.7886    27.0810    1484.79    1492.38 0.0000e+00
       5365    143.000     8.0730     8.0730   3.613307   3.615268     1.9100      66.33     0.0321 5.1273e-02 -9.990e-29    223.508 293.143420    4.89423    34.7751    34.7961    27.0865    1484.81    1492.32 0.0000e+00
       5386    144.000     8.0804     8.0804   3.614865   3.616806     1.9079      81.60     0.0317 5.1266e-02 -9.990e-29    224.379 293.143430    4.90425    34.7840    34.8048    27.0924    1484.87    1492.27 0.0000e+00
       5407    145.000     8.0642     8.0639   3.614308   3.616219     1.9074      80.98     0.0325 5.1273e-02 1.9438e+00    225.258 293.143440    4.92604    34.7936    34.8144    27.1024    1484.84    1492.22 0.0000e+00
