testdata/CTD/sta0414.cnv
* Sea-Bird SBE 9 Data File:
* FileName = C:\Seabird\CTDData\sta0414.hex
* Software Version Seasave V 7.21f
* Temperature SN = 4557
* Conductivity SN = 1337
* Number of Bytes Per Scan = 40
* Number of Voltage Words = 5
* Number of Scans Averaged by the Deck Unit = 1
* NMEA Latitude = 60 52.29 N
* NMEA Longitude = 005 24.70 E
* NMEA UTC (Time) = Oct 15 2018 15:10:24
* NMEA baud rate = 4800
** Ship: 10 F/F "G. O. Sars"
** Station: 0414
** Echodepth: 479
** Log: 5397.04
** Wind-Dir Force: 68 08
** Air-temp (dry): 8.8
** Weather Sky: 0 0
** Sea Ice: 0 0
# nquan = 20                                
# nvalues = 482                         
# units = specified
# name 0 = scan: Scan Count
# name 1 = prDM: Pressure, Digiquartz [db]
# name 2 = t068C: Temperature [ITS-68, deg C]
# name 3 = t168C: Temperature, 2 [ITS-68, deg C]
# name 4 = c0S/m: Conductivity [S/m]
# name 5 = c1S/m: Conductivity, 2 [S/m]
# name 6 = sbeox0V: Oxygen raw, SBE 43 [V]
# name 7 = altM: Altimeter [m]
# name 8 = flC: Fluorescence, Chelsea Aqua 3 Chl Con [ug/l]
# name 9 = par: PAR/Irradiance, Biospherical/Licor
# name 10 = spar: SPAR/Surface Irradiance
# name 11 = timeS: Time, Elapsed [seconds]
# name 12 = timeJ: Julian Days
# name 13 = sbeox0ML/L: Oxygen, SBE 43 [ml/l], WS = 2
# name 14 = sal00: Salinity, Practical [PSU]
# name 15 = sal11: Salinity, Practical, 2 [PSU]
# name 16 = sigma-t00: Density [sigma-t, Kg/m^3 ]
# name 17 = svCM: Sound Velocity [Chen-Millero, m/s]
# name 18 = avgsvCM: Average Sound Velocity [Chen-Millero, m/s], minP = 1, minS = 5
# name 19 = flag: flag
# span 0 =        538,      11103       
# span 1 =      2.000,    483.000       
# span 2 =     8.0885,    15.7425       
# span 3 =     8.0881,    15.7426       
# span 4 =   1.629337,   3.990930       
# span 5 =   1.662673,   3.993881       
# span 6 =     0.8686,     2.3753       
# span 7 =       7.69,      99.27       
# span 8 =     0.0227,     0.2212       
# span 9 = 5.1225e-02, 2.6785e+01       
# span 10 = 1.1758e+02, 1.2850e+02      
# span 11 =     22.374,    462.572      
# span 12 = 288.632516, 288.637611      
# span 13 =    1.27256,    6.57691      
# span 14 =    13.0998,    35.0224      
# span 15 =    13.3830,    35.0442      
# span 16 =     9.6647,    27.2601      
# span 17 =    1470.24,    1505.10      
# span 18 =    1470.24,    1498.95      
# span 19 = 0.0000e+00, 0.0000e+00      
# interval = decibars: 1                
# start_time = Oct 15 2018 15:10:27 [System UTC, header]
# bad_flag = -9.990e-29
*END*
[from data line 435]
       9825    437.000     8.1985     8.1982   3.660988   3.663001     0.9362      98.75     0.0406 5.1273e-02 -9.990e-29    409.321 288.636994    1.50447    35.0193    35.0411    27.2593    1490.43    1488.96 0.0000e+00
       9846    438.000     8.1985     8.1982   3.661024   3.663044     0.9344      98.75     0.0426 5.1273e-02 -9.990e-29    410.220 288.637005    1.49494    35.0193    35.0411    27.2593    1490.45    1488.96 0.0000e+00
       9868    439.000     8.1987     8.1985   3.661096   3.663111     0.9316      79.35     0.0424 5.1273e-02 -9.990e-29    411.112 288.637015    1.47886    35.0193    35.0410    27.2593    1490.46    1488.97 0.0000e+00
       9889    440.000     8.1989     8.1987   3.661170   3.663186     0.9288      61.41     0.0403 5.1273e-02 -9.990e-29    412.010 288.637026    1.47357    35.0195    35.0412    27.2594    1490.48    1488.97 0.0000e+00
       9911    441.000     8.1993     8.1990   3.661248   3.663263     0.9267      98.10     0.0375 5.1273e-02 1.2635e+02    412.901 288.637036    1.46825    35.0194    35.0412    27.2593    1490.50    1488.97 0.0000e+00
       9932    442.000     8.1996     8.1994   3.661339   3.663352     0.9246      98.75     0.0354 5.1273e-02 1.2544e+02    413.792 288.637046    1.46495    35.0196    35.0413    27.2594    1490.52    1488.98 0.0000e+00
       9954    443.000     8.1998     8.1995   3.661392   3.663421     0.9232      98.75     0.0347 5.1273e-02 1.2350e+02    414.691 288.637057    1.46474    35.0195    35.0414    27.2593    1490.53    1488.98 0.0000e+00
       9975    444.000     8.1999     8.1997   3.661460   3.663494     0.9219      98.74     0.0360 5.1273e-02 1.2625e+02    415.583 288.637067    1.45950    35.0197    35.0415    27.2594    1490.55    1488.98 0.0000e+00
       9996    445.000     8.2004     8.2002   3.661567   3.663595     0.9204      98.73     0.0424 5.1266e-02 1.2635e+02    416.478 288.637077    1.45264    35.0198    35.0417    27.2594    1490.57    1488.99 0.0000e+00
      10018    446.000     8.2008     8.2006   3.661671   3.663692     0.9189      60.02     0.0404 5.1280e-02 -9.990e-29    417.373 288.637088    1.45048    35.0201    35.0418    27.2595    1490.59    1488.99 0.0000e+00
      10039    447.000     8.2009     8.2008   3.661723   3.663751     0.9179      82.08     0.0396 5.1267e-02 -9.990e-29    418.264 288.637098    1.44721    35.0201    35.0418    27.2595    1490.61    1488.99 0.0000e+00
      10061    448.000     8.2012     8.2011   3.661808   3.663832     0.9165      98.67     0.0421 5.1266e-02 -9.990e-29    419.166 288.637108    1.43818    35.0202    35.0419    27.2596    1490.62    1489.00 0.0000e+00
      10082    449.000     8.2016     8.2013   3.661886   3.663909     0.9147      98.65     0.0449 5.1273e-02 -9.990e-29    420.058 288.637119    1.43274    35.0201    35.0420    27.2595    1490.64    1489.00 0.0000e+00
      10104    450.000     8.2017     8.2015   3.661932   3.663963     0.9135      98.61     0.0451 5.1273e-02 1.2635e+02    420.953 288.637129    1.43025    35.0201    35.0419    27.2594    1490.66    1489.01 0.0000e+00
      10126    451.000     8.2019     8.2018   3.662013   3.664043     0.9121      98.53     0.0427 5.1273e-02 1.2635e+02    421.856 288.637140    1.42421    35.0203    35.0420    27.2595    1490.68    1489.01 0.0000e+00
      10147    452.000     8.2021     8.2019   3.662072   3.664092     0.9106      98.21     0.0409 5.1273e-02 1.2529e+02    422.744 288.637150    1.41775    35.0202    35.0419    27.2595    1490.69    1489.01 0.0000e+00
      10168    453.000     8.2022     8.2020   3.662131   3.664154     0.9090      40.77     0.0404 5.1280e-02 1.2255e+02    423.643 288.637160    1.41326    35.0203    35.0420    27.2595    1490.71    1489.02 0.0000e+00
      10190    454.000     8.2025     8.2022   3.662204   3.664223     0.9078      66.12     0.0395 5.1273e-02 1.2633e+02    424.537 288.637171    1.41291    35.0203    35.0421    27.2595    1490.73    1489.02 0.0000e+00
      10211    455.000     8.2026     8.2023   3.662248   3.664290     0.9069      33.47     0.0371 5.1273e-02 1.2635e+02    425.432 288.637181    1.41135    35.0202    35.0422    27.2594    1490.74    1489.02 0.0000e+00
      10233    456.000     8.2030     8.2026   3.662340   3.664372     0.9059      32.68     0.0384 5.1273e-02 1.2635e+02    426.331 288.637191    1.40608    35.0203    35.0423    27.2594    1490.76    1489.03 0.0000e+00
      10254    457.000     8.2034     8.2031   3.662448   3.664476     0.9048      32.12     0.0380 5.1266e-02 1.2635e+02    427.224 288.637202    1.40390    35.0206    35.0425    27.2595    1490.78    1489.03 0.0000e+00
      10276    458.000     8.2039     8.2037   3.662569   3.664585     0.9042      31.30     0.0400 5.1280e-02 1.2635e+02    428.123 288.637212    1.40343    35.0209    35.0426    27.2597    1490.80    1489.04 0.0000e+00
      10297    459.000     8.2043     8.2041   3.662654   3.664682     0.9033      62.09     0.0445 5.1259e-02 1.2635e+02    429.015 288.637222    1.39871    35.0209    35.0427    27.2597    1490.82    1489.04 0.0000e+00
      10319    460.000     8.2046     8.2043   3.662734   3.664770     0.9022      34.10     0.0432 5.1286e-02 1.2635e+02    429.905 288.637233    1.39014    35.0210    35.0430    27.2597    1490.83    1489.04 0.0000e+00
      10340    461.000     8.2049     8.2047   3.662835   3.664847     0.9007      26.15     0.0398 5.1273e-02 1.2635e+02    430.801 288.637243    1.38177    35.0213    35.0429    27.2599    1490.85    1489.05 0.0000e+00
      10362    462.000     8.2051     8.2049   3.662889   3.664920     0.8989      24.98     0.0389 5.1266e-02 1.2635e+02    431.691 288.637253    1.37410    35.0212    35.0431    27.2598    1490.87    1489.05 0.0000e+00
      10383    463.000     8.2053     8.2050   3.662958   3.664986     0.8972      23.98     0.0383 5.1273e-02 1.2635e+02    432.583 288.637264    1.36862    35.0213    35.0432    27.2598    1490.89    1489.06 0.0000e+00
      10405    464.000     8.2056     8.2054   3.663032   3.665072     0.8954      23.28     0.0406 5.1280e-02 1.2334e+02    433.479 288.637274    1.36062    35.0213    35.0432    27.2598    1490.90    1489.06 0.0000e+00
      10426    465.000     8.2058     8.2056   3.663108   3.665142     0.8936      22.04     0.0404 5.1280e-02 1.2614e+02    434.370 288.637284    1.35440    35.0214    35.0433    27.2599    1490.92    1489.06 0.0000e+00
      10447    466.000     8.2060     8.2058   3.663176   3.665202     0.8918      21.40     0.0407 5.1280e-02 1.2635e+02    435.266 288.637295    1.34934    35.0215    35.0433    27.2599    1490.94    1489.07 0.0000e+00
      10469    467.000     8.2062     8.2060   3.663253   3.665284     0.8902      20.60     0.0401 5.1280e-02 1.2635e+02    436.161 288.637305    1.34127    35.0216    35.0435    27.2600    1490.96    1489.07 0.0000e+00
      10490    468.000     8.2065     8.2063   3.663323   3.665344     0.8879      18.86     0.0414 5.1301e-02 1.2635e+02    437.052 288.637315    1.33466    35.0216    35.0433    27.2599    1490.97    1489.08 0.0000e+00
      10512    469.000     8.2067     8.2066   3.663398   3.665428     0.8868      18.01     0.0408 5.1299e-02 1.2635e+02    437.944 288.637326    1.33566    35.0217    35.0435    27.2600    1490.99    1489.08 0.0000e+00
      10650    470.000     8.2068     8.2065   3.663407   3.665444     0.8838      17.46     0.0405 5.1293e-02 1.2635e+02    443.692 288.637392    1.33378    35.0213    35.0433    27.2596    1491.01    1489.08 0.0000e+00
      10832    471.000     8.2067     8.2065   3.663433   3.665475     0.8833      16.77     0.0396 5.1282e-02 1.2635e+02    451.274 288.637480    1.34299    35.0212    35.0431    27.2595    1491.02    1489.09 0.0000e+00
      10851    472.000     8.2072     8.2072   3.663574   3.665621     0.8837      13.66     0.0409 5.1287e-02 1.2635e+02    452.068 288.637489    1.33925    35.0217    35.0435    27.2598    1491.04    1489.09 0.0000e+00
      10871    473.000     8.2078     8.2076   3.663689   3.665733     0.8837      13.94     0.0398 5.1287e-02 1.2623e+02    452.916 288.637499    1.33834    35.0219    35.0438    27.2599    1491.06    1489.10 0.0000e+00
      10892    474.000     8.2080     8.2078   3.663764   3.665804     0.8836      13.24     0.0412 5.1280e-02 1.2321e+02    453.791 288.637509    1.33450    35.0220    35.0439    27.2600    1491.08    1489.10 0.0000e+00
      10913    475.000     8.2082     8.2080   3.663835   3.665873     0.8829      12.39     0.0434 5.1280e-02 1.2637e+02    454.671 288.637519    1.32443    35.0221    35.0440    27.2600    1491.10    1489.10 0.0000e+00
      10934    476.000     8.2085     8.2082   3.663902   3.665939     0.8815      11.59     0.0473 5.1315e-02 1.2635e+02    455.545 288.637529    1.31421    35.0220    35.0440    27.2599    1491.11    1489.11 0.0000e+00
      10955    477.000     8.2087     8.2085   3.663989   3.666007     0.8799      10.95     0.0474 5.1279e-02 1.2635e+02    456.433 288.637540    1.30761    35.0223    35.0440    27.2601    1491.13    1489.11 0.0000e+00
      10977    478.000     8.2090     8.2087   3.664055   3.666085     0.8782      10.28     0.0436 5.1339e-02 1.2635e+02    457.317 288.637550    1.30141    35.0222    35.0441    27.2600    1491.15    1489.12 0.0000e+00
      10998    479.000     8.2092     8.2089   3.664118   3.666149     0.8765       9.56     0.0404 5.1301e-02 1.2635e+02    458.209 288.637560    1.29356    35.0222    35.0441    27.2599    1491.17    1489.12 0.0000e+00
      11019    480.000     8.2093     8.2091   3.664177   3.666216     0.8746       8.57     0.0417 5.1294e-02 1.2635e+02    459.098 288.637571    1.28701    35.0223    35.0442    27.2600    1491.18    1489.13 0.0000e+00
      11041    481.000     8.2094     8.2092   3.664235   3.666267     0.8730       7.93     0.0430 5.1346e-02 1.2635e+02    459.987 288.637581    1.28232    35.0223    35.0442    27.2600    1491.20    1489.13 0.0000e+00
      11062    482.000     8.2097     8.2095   3.664317   3.666340     0.8711       7.69     0.0441 5.1328e-02 1.2635e+02    460.879 288.637591    1.27416    35.0224    35.0442    27.2600    1491.22    1489.13 0.0000e+00
      11103    483.000     8.2100     8.2097   3.664366   3.666403     0.8686      48.96     0.0428 5.1277e-02 1.2635e+02    462.572 288.637611    1.27256    35.0222    35.0442    27.2598    1491.24    1489.14 0.0000e+00
