testdata/CTD/sta0414.cnv
* Sea-Bird SBE 9 Data File:
* FileName = C:\Seabird\CTDData\sta0414.hex
* Software Version Seasave V 7.21f
* Temperature SN = 4557
* Conductivity SN = 1337
* Number of Bytes Per Scan = 40
* Number of Voltage Words = 5
* Number of Scans Averaged by the Deck Unit = 1
* NMEA Latitude = 60 52.29 N
* NMEA Longitude = 005 24.70 E
* NMEA UTC (Time) = Oct 15 2018 15:10:24
* NMEA baud rate = 4800
** Ship: 10 F/F "G. O. Sars"
** Station: 0414
** Echodepth: 479
** Log: 5397.04
** Wind-Dir Force: 68 08
** Air-temp (dry): 8.8
** Weather Sky: 0 0
** Sea Ice: 0 0
# nquan = 20                                
# nvalues = 482                         
# units = specified
# name 0 = scan: Scan Count
# name 1 = prDM: Pressure, Digiquartz [db]
# name 2 = t068C: Temperature [ITS-68, deg C]
# name 3 = t168C: Temperature, 2 [ITS-68, deg C]
# name 4 = c0S/m: Conductivity [S/m]
# name 5 = c1S/m: Conductivity, 2 [S/m]
# name 6 = sbeox0V: Oxygen raw, SBE 43 [V]
# name 7 = altM: Altimeter [m]
# name 8 = flC: Fluorescence, Chelsea Aqua 3 Chl Con [ug/l]
# name 9 = par: PAR/Irradiance, Biospherical/Licor
# name 10 = spar: SPAR/Surface Irradiance
# name 11 = timeS: Time, Elapsed [seconds]
# name 12 = timeJ: Julian Days
# name 13 = sbeox0ML/L: Oxygen, SBE 43 [ml/l], WS = 2
# name 14 = sal00: Salinity, Practical [PSU]
# name 15 = sal11: Salinity, Practical, 2 [PSU]
# name 16 = sigma-t00: Density [sigma-t, Kg/m^3 ]
# name 17 = svCM: Sound Velocity [Chen-Millero, m/s]
# name 18 = avgsvCM: Average Sound Velocity [Chen-Millero, m/s], minP = 1, minS = 5
# name 19 = flag: flag
# span 0 =        538,      11103       
# span 1 =      2.000,    483.000       
# span 2 =     8.0885,    15.7425       
# span 3 =     8.0881,    15.7426       
# span 4 =   1.629337,   3.990930       
# span 5 =   1.662673,   3.993881       
# span 6 =     0.8686,     2.3753       
# span 7 =       7.69,      99.27       
# span 8 =     0.0227,     0.2212       
# span 9 = 5.1225e-02, 2.6785e+01       
# span 10 = 1.1758e+02, 1.2850e+02      
# span 11 =     22.374,    462.572      
# span 12 = 288.632516, 288.637611      
# span 13 =    1.27256,    6.57691      
# span 14 =    13.0998,    35.0224      
# span 15 =    13.3830,    35.0442      
# span 16 =     9.6647,    27.2601      
# span 17 =    1470.24,    1505.10      
# span 18 =    1470.24,    1498.95      
# span 19 = 0.0000e+00, 0.0000e+00      
# interval = decibars: 1                
# start_time = Oct 15 2018 15:10:27 [System UTC, header]
# bad_flag = -9.990e-29
*END*
[from data line 362]
       8281    364.000     8.1801     8.1798   3.655362   3.657356     1.0409      97.20     0.0390 5.1259e-02 1.2431e+02    344.982 288.636250    1.86745    35.0123    35.0339    27.2566    1489.15    1488.79 0.0000e+00
       8302    365.000     8.1804     8.1802   3.655454   3.657450     1.0387      97.17     0.0359 5.1266e-02 1.2440e+02    345.866 288.636260    1.85989    35.0125    35.0340    27.2567    1489.17    1488.79 0.0000e+00
       8323    366.000     8.1806     8.1804   3.655533   3.657533     1.0362      97.15     0.0365 5.1266e-02 1.2440e+02    346.749 288.636270    1.84988    35.0127    35.0342    27.2568    1489.18    1488.80 0.0000e+00
       8344    367.000     8.1813     8.1810   3.655654   3.657651     1.0339      97.18     0.0378 5.1273e-02 1.2440e+02    347.625 288.636280    1.84203    35.0128    35.0344    27.2568    1489.20    1488.80 0.0000e+00
       8365    368.000     8.1815     8.1814   3.655725   3.657743     1.0315      97.15     0.0363 5.1273e-02 1.2440e+02    348.505 288.636291    1.83222    35.0129    35.0345    27.2569    1489.22    1488.80 0.0000e+00
       8386    369.000     8.1818     8.1816   3.655823   3.657806     1.0289      97.13     0.0382 5.1259e-02 1.2440e+02    349.382 288.636301    1.82267    35.0132    35.0345    27.2570    1489.24    1488.80 0.0000e+00
       8407    370.000     8.1818     8.1817   3.655857   3.657876     1.0265      97.03     0.0373 5.1266e-02 1.2440e+02    350.259 288.636311    1.81669    35.0130    35.0347    27.2569    1489.26    1488.80 0.0000e+00
       8428    371.000     8.1813     8.1813   3.655853   3.657876     1.0241      96.97     0.0372 5.1273e-02 1.2440e+02    351.142 288.636321    1.80879    35.0130    35.0346    27.2570    1489.27    1488.80 0.0000e+00
       8449    372.000     8.1811     8.1808   3.655877   3.657885     1.0220      96.80     0.0398 5.1273e-02 1.2440e+02    352.018 288.636331    1.80268    35.0130    35.0347    27.2570    1489.29    1488.80 0.0000e+00
       8471    373.000     8.1813     8.1812   3.655954   3.657953     1.0198      96.62     0.0384 5.1273e-02 1.2440e+02    352.900 288.636341    1.79548    35.0132    35.0346    27.2571    1489.30    1488.80 0.0000e+00
       8492    374.000     8.1814     8.1813   3.656012   3.658012     1.0179      96.56     0.0375 5.1266e-02 1.2351e+02    353.779 288.636352    1.79384    35.0132    35.0346    27.2571    1489.32    1488.81 0.0000e+00
       8513    375.000     8.1816     8.1814   3.656070   3.658080     1.0166      96.62     0.0357 5.1266e-02 1.2221e+02    354.655 288.636362    1.79453    35.0131    35.0348    27.2570    1489.34    1488.81 0.0000e+00
       8534    376.000     8.1818     8.1815   3.656144   3.658149     1.0158      96.68     0.0360 5.1273e-02 1.2438e+02    355.534 288.636372    1.79685    35.0133    35.0349    27.2571    1489.35    1488.81 0.0000e+00
       8555    377.000     8.1820     8.1818   3.656240   3.658248     1.0153      96.69     0.0370 5.1273e-02 1.2440e+02    356.411 288.636382    1.79512    35.0136    35.0352    27.2573    1489.37    1488.81 0.0000e+00
       8576    378.000     8.1820     8.1818   3.656286   3.658289     1.0146      96.69     0.0380 5.1259e-02 1.2440e+02    357.293 288.636392    1.79013    35.0136    35.0352    27.2573    1489.39    1488.81 0.0000e+00
       8597    379.000     8.1820     8.1817   3.656330   3.658344     1.0135      96.76     0.0376 5.1273e-02 1.2440e+02    358.176 288.636402    1.78155    35.0136    35.0354    27.2573    1489.41    1488.81 0.0000e+00
       8618    380.000     8.1820     8.1818   3.656384   3.658383     1.0119      96.79     0.0375 5.1273e-02 1.2440e+02    359.053 288.636413    1.77287    35.0137    35.0352    27.2574    1489.42    1488.81 0.0000e+00
       8639    381.000     8.1821     8.1820   3.656444   3.658445     1.0102      96.80     0.0376 5.1273e-02 1.2440e+02    359.934 288.636423    1.76504    35.0138    35.0352    27.2575    1489.44    1488.82 0.0000e+00
       8660    382.000     8.1821     8.1819   3.656493   3.658503     1.0082      96.78     0.0385 5.1251e-02 1.2440e+02    360.812 288.636433    1.75610    35.0138    35.0355    27.2575    1489.46    1488.82 0.0000e+00
       8681    383.000     8.1823     8.1821   3.656557   3.658565     1.0063      96.97     0.0406 5.1273e-02 1.2440e+02    361.686 288.636443    1.75222    35.0138    35.0355    27.2575    1489.47    1488.82 0.0000e+00
       8703    384.000     8.1826     8.1825   3.656637   3.658664     1.0047      97.12     0.0393 5.1273e-02 1.2440e+02    362.571 288.636453    1.75147    35.0139    35.0356    27.2575    1489.49    1488.82 0.0000e+00
       8724    385.000     8.1830     8.1827   3.656734   3.658733     1.0037      38.90     0.0390 5.1300e-02 1.2434e+02    363.446 288.636464    1.75067    35.0141    35.0357    27.2575    1489.51    1488.82 0.0000e+00
       8745    386.000     8.1833     8.1831   3.656811   3.658822     1.0030      85.28     0.0366 5.1280e-02 1.2133e+02    364.322 288.636474    1.75227    35.0141    35.0358    27.2575    1489.53    1488.83 0.0000e+00
       8766    387.000     8.1836     8.1833   3.656889   3.658903     1.0023      97.48     0.0382 5.1260e-02 1.2437e+02    365.199 288.636484    1.74564    35.0142    35.0360    27.2575    1489.54    1488.83 0.0000e+00
       8787    388.000     8.1837     8.1834   3.656939   3.658955     1.0009      97.96     0.0401 5.1273e-02 1.2440e+02    366.074 288.636494    1.73678    35.0141    35.0359    27.2575    1489.56    1488.83 0.0000e+00
       8808    389.000     8.1838     8.1835   3.656999   3.659002     0.9994      98.35     0.0400 5.1273e-02 1.2440e+02    366.953 288.636504    1.73166    35.0142    35.0359    27.2575    1489.58    1488.83 0.0000e+00
       8829    390.000     8.1838     8.1836   3.657047   3.659047     0.9981      98.62     0.0397 5.1273e-02 1.2440e+02    367.835 288.636514    1.72791    35.0142    35.0358    27.2576    1489.59    1488.83 0.0000e+00
       8850    391.000     8.1839     8.1836   3.657081   3.659097     0.9967      98.67     0.0386 5.1259e-02 1.2440e+02    368.714 288.636524    1.72212    35.0140    35.0358    27.2574    1489.61    1488.83 0.0000e+00
       8871    392.000     8.1843     8.1841   3.657189   3.659202     0.9953      24.50     0.0380 5.1329e-02 1.2440e+02    369.592 288.636535    1.72172    35.0143    35.0360    27.2575    1489.63    1488.84 0.0000e+00
       8892    393.000     8.1846     8.1843   3.657261   3.659272     0.9948      99.17     0.0373 5.1272e-02 1.2440e+02    370.469 288.636545    1.72227    35.0143    35.0361    27.2575    1489.65    1488.84 0.0000e+00
       8913    394.000     8.1848     8.1845   3.657343   3.659343     0.9938      98.76     0.0372 5.1252e-02 1.2440e+02    371.348 288.636555    1.71937    35.0145    35.0361    27.2576    1489.66    1488.84 0.0000e+00
       8935    395.000     8.1852     8.1849   3.657437   3.659439     0.9931      98.75     0.0394 5.1273e-02 1.2440e+02    372.232 288.636565    1.71674    35.0146    35.0363    27.2577    1489.68    1488.84 0.0000e+00
       8956    396.000     8.1857     8.1855   3.657544   3.659560     0.9925      98.75     0.0412 5.1253e-02 1.2409e+02    373.105 288.636575    1.71528    35.0148    35.0365    27.2577    1489.70    1488.85 0.0000e+00
       8977    397.000     8.1859     8.1857   3.657620   3.659636     0.9916      98.75     0.0388 5.1273e-02 1.2172e+02    373.985 288.636586    1.71191    35.0149    35.0366    27.2578    1489.72    1488.85 0.0000e+00
       8998    398.000     8.1861     8.1859   3.657690   3.659694     0.9910      97.18     0.0398 5.1266e-02 1.2436e+02    374.862 288.636596    1.70874    35.0150    35.0366    27.2578    1489.74    1488.85 0.0000e+00
       9019    399.000     8.1866     8.1864   3.657792   3.659794     0.9899      28.92     0.0392 5.1300e-02 1.2440e+02    375.740 288.636606    1.70282    35.0151    35.0367    27.2578    1489.75    1488.85 0.0000e+00
       9040    400.000     8.1870     8.1867   3.657883   3.659902     0.9889      98.87     0.0407 5.1273e-02 1.2440e+02    376.627 288.636616    1.70004    35.0152    35.0371    27.2578    1489.77    1488.85 0.0000e+00
       9061    401.000     8.1873     8.1871   3.657980   3.659992     0.9879      98.75     0.0423 5.1273e-02 1.2440e+02    377.502 288.636626    1.69780    35.0155    35.0371    27.2580    1489.79    1488.86 0.0000e+00
       9082    402.000     8.1876     8.1874   3.658058   3.660078     0.9871      98.75     0.0409 5.1273e-02 1.2440e+02    378.380 288.636636    1.69381    35.0155    35.0373    27.2580    1489.81    1488.86 0.0000e+00
       9103    403.000     8.1880     8.1878   3.658157   3.660171     0.9859      98.75     0.0386 5.1273e-02 1.2440e+02    379.266 288.636647    1.68575    35.0157    35.0374    27.2581    1489.83    1488.86 0.0000e+00
       9124    404.000     8.1881     8.1880   3.658211   3.660225     0.9844      98.75     0.0391 5.1266e-02 1.2440e+02    380.140 288.636657    1.67799    35.0157    35.0373    27.2581    1489.84    1488.86 0.0000e+00
       9146    405.000     8.1883     8.1881   3.658270   3.660285     0.9827      80.94     0.0387 5.1286e-02 1.2440e+02    381.025 288.636667    1.66769    35.0157    35.0374    27.2580    1489.86    1488.87 0.0000e+00
       9167    406.000     8.1887     8.1885   3.658361   3.660384     0.9803      44.08     0.0376 5.1294e-02 1.2440e+02    381.909 288.636677    1.65894    35.0158    35.0376    27.2580    1489.88    1488.87 0.0000e+00
       9188    407.000     8.1890     8.1888   3.658456   3.660477     0.9785      98.22     0.0368 5.1273e-02 1.2440e+02    382.783 288.636687    1.65544    35.0160    35.0378    27.2582    1489.90    1488.87 0.0000e+00
       9209    408.000     8.1892     8.1889   3.658511   3.660515     0.9769      98.75     0.0381 5.1266e-02 1.2233e+02    383.673 288.636698    1.65387    35.0159    35.0376    27.2581    1489.91    1488.87 0.0000e+00
       9230    409.000     8.1894     8.1891   3.658580   3.660589     0.9757      98.75     0.0384 5.1273e-02 1.2442e+02    384.551 288.636708    1.65157    35.0160    35.0377    27.2581    1489.93    1488.88 0.0000e+00
       9251    410.000     8.1895     8.1892   3.658634   3.660657     0.9745      98.74     0.0399 5.1273e-02 1.2440e+02    385.430 288.636718    1.64426    35.0160    35.0379    27.2581    1489.95    1488.88 0.0000e+00
       9273    411.000     8.1897     8.1895   3.658701   3.660720     0.9729      98.74     0.0428 5.1273e-02 1.2440e+02    386.316 288.636728    1.64095    35.0160    35.0378    27.2581    1489.96    1488.88 0.0000e+00
       9294    412.000     8.1899     8.1896   3.658777   3.660787     0.9717      64.76     0.0414 5.1300e-02 1.2440e+02    387.190 288.636738    1.63591    35.0162    35.0379    27.2581    1489.98    1488.88 0.0000e+00
       9315    413.000     8.1902     8.1900   3.658855   3.660874     0.9705      61.27     0.0423 5.1280e-02 1.2440e+02    388.073 288.636749    1.63571    35.0162    35.0380    27.2581    1490.00    1488.89 0.0000e+00
       9336    414.000     8.1911     8.1909   3.659023   3.661041     0.9696      98.52     0.0406 5.1273e-02 1.2440e+02    388.954 288.636759    1.63207    35.0167    35.0384    27.2583    1490.02    1488.89 0.0000e+00
       9357    415.000     8.1913     8.1910   3.659085   3.661100     0.9685      98.72     0.0404 5.1273e-02 1.2440e+02    389.826 288.636769    1.62999    35.0166    35.0384    27.2583    1490.04    1488.89 0.0000e+00
       9378    416.000     8.1913     8.1911   3.659129   3.661150     0.9679      98.71     0.0379 5.1273e-02 1.2440e+02    390.711 288.636779    1.62545    35.0166    35.0384    27.2583    1490.05    1488.90 0.0000e+00
       9399    417.000     8.1914     8.1912   3.659187   3.661208     0.9663      98.70     0.0379 5.1273e-02 1.2440e+02    391.591 288.636789    1.61038    35.0167    35.0384    27.2583    1490.07    1488.90 0.0000e+00
       9420    418.000     8.1917     8.1914   3.659266   3.661290     0.9640      98.68     0.0371 5.1273e-02 1.2440e+02    392.471 288.636799    1.59936    35.0167    35.0386    27.2583    1490.09    1488.90 0.0000e+00
       9442    419.000     8.1919     8.1917   3.659326   3.661358     0.9617      50.90     0.0391 5.1293e-02 1.2276e+02    393.356 288.636810    1.59290    35.0167    35.0386    27.2583    1490.11    1488.90 0.0000e+00
       9463    420.000     8.1920     8.1918   3.659388   3.661414     0.9599      77.54     0.0423 5.1287e-02 1.2436e+02    394.231 288.636820    1.59395    35.0168    35.0386    27.2583    1490.12    1488.91 0.0000e+00
       9484    421.000     8.1922     8.1920   3.659452   3.661469     0.9588      98.32     0.0396 5.1280e-02 1.2440e+02    395.115 288.636830    1.59218    35.0168    35.0385    27.2583    1490.14    1488.91 0.0000e+00
       9505    422.000     8.1923     8.1921   3.659526   3.661538     0.9575      98.57     0.0385 5.1273e-02 1.2440e+02    396.001 288.636840    1.58764    35.0170    35.0387    27.2585    1490.16    1488.91 0.0000e+00
       9526    423.000     8.1929     8.1927   3.659642   3.661667     0.9565      98.62     0.0373 5.1273e-02 1.2440e+02    396.876 288.636850    1.58752    35.0172    35.0390    27.2585    1490.18    1488.92 0.0000e+00
       9547    424.000     8.1933     8.1931   3.659732   3.661751     0.9558      98.70     0.0387 5.1273e-02 1.2440e+02    397.761 288.636861    1.58915    35.0173    35.0390    27.2585    1490.19    1488.92 0.0000e+00
       9568    425.000     8.1938     8.1937   3.659847   3.661873     0.9553      98.72     0.0376 5.1259e-02 1.2440e+02    398.641 288.636871    1.58471    35.0175    35.0392    27.2586    1490.21    1488.92 0.0000e+00
       9590    426.000     8.1941     8.1939   3.659916   3.661949     0.9544      38.22     0.0377 5.1280e-02 1.2440e+02    399.523 288.636881    1.58042    35.0175    35.0394    27.2585    1490.23    1488.92 0.0000e+00
       9611    427.000     8.1943     8.1941   3.659997   3.662015     0.9535      93.79     0.0392 5.1273e-02 1.2467e+02    400.402 288.636891    1.57447    35.0177    35.0394    27.2587    1490.25    1488.93 0.0000e+00
       9632    428.000     8.1945     8.1943   3.660068   3.662078     0.9522      98.70     0.0396 5.1266e-02 1.2450e+02    401.281 288.636901    1.56498    35.0178    35.0394    27.2587    1490.26    1488.93 0.0000e+00
       9653    429.000     8.1949     8.1947   3.660160   3.662173     0.9503      98.75     0.0389 5.1273e-02 1.2465e+02    402.165 288.636912    1.55654    35.0179    35.0395    27.2587    1490.28    1488.93 0.0000e+00
       9674    430.000     8.1952     8.1949   3.660239   3.662259     0.9486      98.75     0.0382 5.1273e-02 1.2479e+02    403.049 288.636922    1.55151    35.0180    35.0398    27.2587    1490.30    1488.94 0.0000e+00
       9695    431.000     8.1954     8.1951   3.660290   3.662314     0.9470      98.75     0.0386 5.1266e-02 1.2071e+02    403.937 288.636932    1.54492    35.0178    35.0397    27.2586    1490.32    1488.94 0.0000e+00
       9717    432.000     8.1961     8.1958   3.660441   3.662462     0.9450      98.75     0.0389 5.1273e-02 1.2543e+02    404.838 288.636943    1.53565    35.0183    35.0401    27.2588    1490.34    1488.94 0.0000e+00
       9739    433.000     8.1968     8.1965   3.660585   3.662602     0.9430      41.75     0.0429 5.1280e-02 1.2556e+02    405.731 288.636953    1.53210    35.0186    35.0404    27.2590    1490.36    1488.95 0.0000e+00
       9760    434.000     8.1971     8.1969   3.660671   3.662686     0.9418      99.03     0.0447 5.1252e-02 1.2545e+02    406.630 288.636963    1.53175    35.0188    35.0405    27.2591    1490.37    1488.95 0.0000e+00
       9782    435.000     8.1974     8.1971   3.660737   3.662761     0.9405      98.75     0.0402 5.1273e-02 1.2564e+02    407.532 288.636974    1.52347    35.0187    35.0406    27.2590    1490.39    1488.95 0.0000e+00
