testdata/CTD/sta0412.cnv
* Sea-Bird SBE 9 Data File:
* FileName = C:\Seabird\CTDData\sta0412.hex
* Software Version Seasave V 7.21f
* Temperature SN = 4557
* Conductivity SN = 1337
* Number of Bytes Per Scan = 40
* Number of Voltage Words = 5
* Number of Scans Averaged by the Deck Unit = 1
* NMEA Latitude = 60 52.30 N
* NMEA Longitude = 005 24.69 E
* NMEA UTC (Time) = Oct 15 2018 05:04:40
* NMEA baud rate = 4800
** Ship: 10 F/F "G. O. Sars"
** Station: 0412
** Echodepth: 479
** Log: 5378
** Wind-Dir Force: 89 03
** Air-temp (dry): 6.5
** Weather Sky: 2 5
** Sea Ice: 1 0
# nquan = 20                                
# nvalues = 472                         
# units = specified
# name 0 = scan: Scan Count
# name 1 = prDM: Pressure, Digiquartz [db]
# name 2 = t068C: Temperature [ITS-68, deg C]
# name 3 = t168C: Temperature, 2 [ITS-68, deg C]
# name 4 = c0S/m: Conductivity [S/m]
# name 5 = c1S/m: Conductivity, 2 [S/m]
# name 6 = sbeox0V: Oxygen raw, SBE 43 [V]
# name 7 = altM: Altimeter [m]
# name 8 = flC: Fluorescence, Chelsea Aqua 3 Chl Con [ug/l]
# name 9 = par: PAR/Irradiance, Biospherical/Licor
# name 10 = spar: SPAR/Surface Irradiance
# name 11 = timeS: Time, Elapsed [seconds]
# name 12 = timeJ: Julian Days
# name 13 = sbeox0ML/L: Oxygen, SBE 43 [ml/l], WS = 2
# name 14 = sal00: Salinity, Practical [PSU]
# name 15 = sal11: Salinity, Practical, 2 [PSU]
# name 16 = sigma-t00: Density [sigma-t, Kg/m^3 ]
# name 17 = svCM: Sound Velocity [Chen-Millero, m/s]
# name 18 = avgsvCM: Average Sound Velocity [Chen-Millero, m/s], minP = 1, minS = 5
# name 19 = flag: flag
# span 0 =        761,      10845       
# span 1 =      4.000,    475.000       
# span 2 =     8.0878,    15.8131       
# span 3 =     8.0876,    15.8225       
# span 4 =   3.500385,   3.988715       
# span 5 =   3.521573,   3.991258       
# span 6 =     0.8790,     2.1540       
# span 7 =      13.13,      99.49       
# span 8 =     0.0194,     0.1461       
# span 9 = 5.1232e-02, 2.7033e-01       
# span 10 = 1.2750e+01, 5.0452e+01      
# span 11 =     31.678,    451.826      
# span 12 = 288.211976, 288.216838      
# span 13 =    1.30790,    5.39544      
# span 14 =    28.1826,    35.0232      
# span 15 =    28.3504,    35.0473      
# span 16 =    20.8061,    27.2610      
# span 17 =    1485.08,    1505.31      
# span 18 =    1488.91,    1501.74      
# span 19 = 0.0000e+00, 0.0000e+00      
# interval = decibars: 1                
# start_time = Oct 15 2018 05:04:43 [System UTC, header]
# bad_flag = -9.990e-29
*END*
[from data line 73]
       2350     77.000     8.9736     8.9726   3.667911   3.669967     1.9807      98.80     0.0371 5.1273e-02 2.7213e+01     97.863 288.212742    4.82441    34.5011    34.5236    26.7320    1486.75    1497.36 0.0000e+00
       2371     78.000     8.9282     8.9274   3.666702   3.668762     1.9573      98.80     0.0394 5.1273e-02 2.2472e+01     98.765 288.212752    4.75687    34.5321    34.5545    26.7635    1486.63    1497.23 0.0000e+00
       2393     79.000     8.8426     8.8413   3.662320   3.664372     1.9353      98.80     0.0353 5.1273e-02 2.7158e+01     99.656 288.212762    4.69285    34.5690    34.5918    26.8060    1486.38    1497.09 0.0000e+00
       2414     80.000     8.7798     8.7787   3.659201   3.661264     1.9128      98.80     0.0370 5.1267e-02 2.7213e+01    100.554 288.212773    4.63072    34.5970    34.6197    26.8378    1486.20    1496.95 0.0000e+00
       2436     81.000     8.7466     8.7455   3.657792   3.659879     1.8926      98.80     0.0377 5.1259e-02 2.7858e+01    101.455 288.212783    4.58224    34.6141    34.6371    26.8565    1486.11    1496.82 0.0000e+00
       2457     82.000     8.7187     8.7177   3.656773   3.658893     1.8739      98.80     0.0375 5.1279e-02 2.9060e+01    102.347 288.212793    4.50509    34.6301    34.6535    26.8735    1486.05    1496.68 0.0000e+00
       2479     83.000     8.6951     8.6941   3.656051   3.658200     1.8509      98.80     0.0385 5.1273e-02 2.9157e+01    103.247 288.212804    4.40497    34.6452    34.6688    26.8889    1485.99    1496.55 0.0000e+00
       2501     84.000     8.6522     8.6511   3.654512   3.656663     1.8271      98.80     0.0380 5.1273e-02 2.9777e+01    104.148 288.212814    4.33223    34.6705    34.6943    26.9155    1485.88    1496.43 0.0000e+00
       2522     85.000     8.6229     8.6218   3.653433   3.655600     1.8051      98.80     0.0362 5.1280e-02 3.1107e+01    105.046 288.212825    4.27885    34.6873    34.7113    26.9333    1485.81    1496.30 0.0000e+00
       2544     86.000     8.6042     8.6032   3.652776   3.654968     1.7860      98.80     0.0360 5.1273e-02 3.1101e+01    105.944 288.212835    4.24456    34.6983    34.7224    26.9448    1485.77    1496.18 0.0000e+00
       2565     87.000     8.5887     8.5880   3.652274   3.654502     1.7709      98.80     0.0370 5.1273e-02 3.1101e+01    106.822 288.212845    4.21866    34.7077    34.7320    26.9546    1485.74    1496.06 0.0000e+00
       2586     88.000     8.5766     8.5756   3.651968   3.654200     1.7574      98.80     0.0351 5.1273e-02 2.9381e+01    107.704 288.212855    4.18596    34.7159    34.7405    26.9629    1485.72    1495.94 0.0000e+00
       2607     89.000     8.5519     8.5508   3.651245   3.653469     1.7451      98.80     0.0348 5.1266e-02 3.1294e+01    108.592 288.212866    4.16502    34.7320    34.7567    26.9794    1485.67    1495.82 0.0000e+00
       2628     90.000     8.5288     8.5279   3.650523   3.652760     1.7361      98.80     0.0342 5.1280e-02 -9.990e-29    109.469 288.212876    4.16049    34.7467    34.7712    26.9945    1485.61    1495.71 0.0000e+00
       2650     91.000     8.5199     8.5193   3.650261   3.652541     1.7286      98.80     0.0325 5.1260e-02 -9.990e-29    110.355 288.212886    4.13668    34.7522    34.7769    27.0002    1485.61    1495.60 0.0000e+00
       2671     92.000     8.5031     8.5023   3.649800   3.652070     1.7201      98.80     0.0339 5.1266e-02 -9.990e-29    111.237 288.212896    4.09834    34.7633    34.7882    27.0116    1485.57    1495.49 0.0000e+00
       2692     93.000     8.4693     8.4684   3.648937   3.651208     1.7102      98.80     0.0363 5.1273e-02 -9.990e-29    112.124 288.212907    4.05574    34.7870    34.8120    27.0354    1485.49    1495.38 0.0000e+00
       2713     94.000     8.4534     8.4526   3.648648   3.650926     1.6995      98.80     0.0368 5.1273e-02 -9.990e-29    113.011 288.212917    4.01486    34.7992    34.8242    27.0474    1485.46    1495.27 0.0000e+00
       2734     95.000     8.4366     8.4356   3.648165   3.650422     1.6885      98.80     0.0359 5.1273e-02 -9.990e-29    113.886 288.212927    3.96722    34.8102    34.8351    27.0586    1485.43    1495.17 0.0000e+00
       2755     96.000     8.4242     8.4236   3.647895   3.650182     1.6753      98.80     0.0335 5.1273e-02 -9.990e-29    114.765 288.212937    3.89977    34.8191    34.8440    27.0675    1485.41    1495.07 0.0000e+00
       2777     97.000     8.4103     8.4095   3.647589   3.649869     1.6596      98.80     0.0312 5.1280e-02 -9.990e-29    115.649 288.212947    3.83379    34.8291    34.8541    27.0775    1485.39    1494.96 0.0000e+00
       2798     98.000     8.4008     8.4004   3.647399   3.649688     1.6437      98.80     0.0309 5.1273e-02 3.2957e+01    116.529 288.212958    3.77875    34.8360    34.8607    27.0844    1485.38    1494.87 0.0000e+00
       2819     99.000     8.3919     8.3913   3.647164   3.649462     1.6278      98.80     0.0305 5.1273e-02 3.3044e+01    117.417 288.212968    3.72817    34.8418    34.8668    27.0903    1485.37    1494.77 0.0000e+00
       2840    100.000     8.3902     8.3897   3.647241   3.649541     1.6125      98.80     0.0309 5.1273e-02 3.0615e+01    118.301 288.212978    3.68318    34.8438    34.8688    27.0922    1485.38    1494.68 0.0000e+00
       2861    101.000     8.3775     8.3770   3.647180   3.649482     1.5986      98.80     0.0294 5.1266e-02 3.2651e+01    119.178 288.212988    3.64826    34.8553    34.8802    27.1031    1485.37    1494.58 0.0000e+00
       2882    102.000     8.3640     8.3635   3.647204   3.649508     1.5861      98.80     0.0319 5.1273e-02 3.3042e+01    120.059 288.212998    3.61796    34.8684    34.8934    27.1155    1485.35    1494.49 0.0000e+00
       2904    103.000     8.3502     8.3498   3.647105   3.649413     1.5747      98.80     0.0324 5.1273e-02 3.3044e+01    120.943 288.213009    3.58240    34.8805    34.9055    27.1271    1485.33    1494.40 0.0000e+00
       2925    104.000     8.3355     8.3350   3.646576   3.648887     1.5626      98.80     0.0320 5.1273e-02 3.3044e+01    121.824 288.213019    3.52492    34.8890    34.9141    27.1360    1485.30    1494.31 0.0000e+00
       2946    105.000     8.3214     8.3208   3.646292   3.648604     1.5476      98.80     0.0323 5.1259e-02 3.2025e+01    122.710 288.213029    3.44318    34.8995    34.9247    27.1464    1485.28    1494.23 0.0000e+00
       2967    106.000     8.3136     8.3130   3.646172   3.648470     1.5294      98.80     0.0301 5.1266e-02 3.1192e+01    123.585 288.213039    3.36419    34.9054    34.9305    27.1523    1485.27    1494.14 0.0000e+00
       2988    107.000     8.2998     8.2990   3.645673   3.647959     1.5113      98.80     0.0315 5.1280e-02 3.1099e+01    124.475 288.213049    3.31985    34.9133    34.9385    27.1606    1485.25    1494.06 0.0000e+00
       3010    108.000     8.2853     8.2843   3.644975   3.647235     1.4961      98.80     0.0320 5.1273e-02 3.1101e+01    125.356 288.213060    3.28641    34.9198    34.9449    27.1679    1485.22    1493.98 0.0000e+00
       3031    109.000     8.2752     8.2744   3.644373   3.646655     1.4825      98.80     0.0299 5.1266e-02 3.1101e+01    126.231 288.213070    3.26406    34.9229    34.9481    27.1719    1485.20    1493.90 0.0000e+00
       3052    110.000     8.2678     8.2672   3.643965   3.646248     1.4724      98.80     0.0303 5.1273e-02 3.1090e+01    127.114 288.213080    3.27049    34.9255    34.9504    27.1750    1485.19    1493.82 0.0000e+00
       3073    111.000     8.2540     8.2539   3.643109   3.645414     1.4674      98.80     0.0293 5.1273e-02 2.8164e+01    127.995 288.213090    3.30685    34.9296    34.9543    27.1804    1485.16    1493.74 0.0000e+00
       3094    112.000     8.2479     8.2473   3.642751   3.645034     1.4681      98.80     0.0305 5.1273e-02 3.1105e+01    128.876 288.213100    3.36105    34.9313    34.9563    27.1827    1485.16    1493.66 0.0000e+00
       3115    113.000     8.2414     8.2408   3.642389   3.644686     1.4739      98.80     0.0304 5.1273e-02 3.1101e+01    129.762 288.213111    3.42621    34.9334    34.9586    27.1853    1485.15    1493.58 0.0000e+00
       3136    114.000     8.2298     8.2293   3.641637   3.643924     1.4837      98.80     0.0310 5.1273e-02 3.1101e+01    130.640 288.213121    3.48275    34.9364    34.9614    27.1895    1485.13    1493.51 0.0000e+00
       3158    115.000     8.2158     8.2156   3.640727   3.643037     1.4941      98.80     0.0300 5.1273e-02 3.1101e+01    131.521 288.213131    3.53292    34.9402    34.9651    27.1945    1485.10    1493.44 0.0000e+00
       3179    116.000     8.2091     8.2090   3.640275   3.642602     1.5064      98.80     0.0305 5.1273e-02 3.1101e+01    132.401 288.213141    3.59148    34.9415    34.9665    27.1966    1485.09    1493.36 0.0000e+00
       3200    117.000     8.2009     8.2007   3.639767   3.642080     1.5195      98.80     0.0295 5.1273e-02 3.1101e+01    133.276 288.213151    3.64085    34.9438    34.9687    27.1996    1485.08    1493.29 0.0000e+00
       3221    118.000     8.1973     8.1975   3.639558   3.641895     1.5325      98.79     0.0265 5.1273e-02 3.1101e+01    134.159 288.213162    3.68711    34.9446    34.9694    27.2008    1485.08    1493.22 0.0000e+00
       3242    119.000     8.1966     8.1963   3.639542   3.641848     1.5456      98.79     0.0235 5.1273e-02 3.1101e+01    135.040 288.213172    3.73250    34.9447    34.9696    27.2010    1485.09    1493.15 0.0000e+00
       3263    120.000     8.1924     8.1925   3.639288   3.641612     1.5582      98.80     0.0256 5.1280e-02 3.1101e+01    135.915 288.213182    3.77041    34.9456    34.9704    27.2024    1485.10    1493.09 0.0000e+00
       3284    121.000     8.1903     8.1897   3.639201   3.641481     1.5697      98.80     0.0311 5.1273e-02 3.1101e+01    136.801 288.213192    3.79474    34.9463    34.9713    27.2032    1485.11    1493.02 0.0000e+00
       3305    122.000     8.1863     8.1853   3.638953   3.641188     1.5791      98.80     0.0309 5.1273e-02 3.1101e+01    137.683 288.213202    3.80717    34.9472    34.9721    27.2045    1485.11    1492.96 0.0000e+00
       3326    123.000     8.1847     8.1842   3.638891   3.641163     1.5859      98.80     0.0304 5.1260e-02 2.7233e+01    138.561 288.213212    3.81680    34.9476    34.9724    27.2051    1485.12    1492.89 0.0000e+00
       3348    124.000     8.1839     8.1834   3.638868   3.641145     1.5922      98.80     0.0306 5.1259e-02 3.0931e+01    139.443 288.213223    3.82863    34.9477    34.9725    27.2053    1485.13    1492.83 0.0000e+00
       3369    125.000     8.1824     8.1815   3.638804   3.641041     1.5967      98.80     0.0315 5.1266e-02 3.1099e+01    140.320 288.213233    3.83838    34.9480    34.9728    27.2058    1485.14    1492.77 0.0000e+00
       3390    126.000     8.1790     8.1786   3.638581   3.640869     1.6016      98.80     0.0295 5.1273e-02 3.1101e+01    141.197 288.213243    3.85838    34.9485    34.9734    27.2067    1485.15    1492.71 0.0000e+00
       3411    127.000     8.1750     8.1744   3.638324   3.640591     1.6064      98.80     0.0294 5.1273e-02 3.1101e+01    142.076 288.213253    3.86869    34.9493    34.9741    27.2079    1485.15    1492.65 0.0000e+00
       3432    128.000     8.1721     8.1719   3.638166   3.640455     1.6098      98.80     0.0313 5.1273e-02 3.1101e+01    142.950 288.213263    3.86879    34.9500    34.9747    27.2089    1485.16    1492.59 0.0000e+00
       3453    129.000     8.1681     8.1676   3.637918   3.640200     1.6120      98.80     0.0322 5.1273e-02 3.1101e+01    143.828 288.213273    3.87345    34.9508    34.9757    27.2102    1485.16    1492.53 0.0000e+00
       3474    130.000     8.1672     8.1667   3.637903   3.640183     1.6146      98.80     0.0322 5.1273e-02 3.1101e+01    144.706 288.213284    3.88693    34.9511    34.9760    27.2105    1485.17    1492.47 0.0000e+00
       3495    131.000     8.1666     8.1661   3.637907   3.640184     1.6175      98.80     0.0297 5.1273e-02 3.1101e+01    145.583 288.213294    3.89817    34.9512    34.9761    27.2107    1485.19    1492.42 0.0000e+00
       3516    132.000     8.1655     8.1650   3.637861   3.640141     1.6203      98.80     0.0278 5.1273e-02 3.1101e+01    146.465 288.213304    3.90206    34.9514    34.9762    27.2110    1485.20    1492.36 0.0000e+00
       3537    133.000     8.1643     8.1639   3.637805   3.640097     1.6217      98.80     0.0281 5.1273e-02 3.1101e+01    147.341 288.213314    3.89293    34.9515    34.9764    27.2112    1485.21    1492.31 0.0000e+00
       3558    134.000     8.1628     8.1625   3.637731   3.640006     1.6216      98.80     0.0289 5.1266e-02 2.6393e+01    148.217 288.213324    3.88465    34.9517    34.9763    27.2116    1485.22    1492.25 0.0000e+00
       3579    135.000     8.1600     8.1597   3.637545   3.639820     1.6212      98.80     0.0285 5.1273e-02 3.0166e+01    149.099 288.213334    3.88400    34.9520    34.9766    27.2123    1485.23    1492.20 0.0000e+00
       3600    136.000     8.1586     8.1581   3.637469   3.639725     1.6209      98.80     0.0288 5.1266e-02 3.0002e+01    149.972 288.213345    3.88190    34.9521    34.9767    27.2126    1485.24    1492.15 0.0000e+00
       3621    137.000     8.1547     8.1543   3.637209   3.639482     1.6206      98.80     0.0267 5.1280e-02 -9.990e-29    150.854 288.213355    3.89400    34.9527    34.9774    27.2137    1485.24    1492.10 0.0000e+00
       3643    138.000     8.1536     8.1531   3.637162   3.639425     1.6224      98.80     0.0266 5.1273e-02 -9.990e-29    151.734 288.213365    3.91133    34.9528    34.9775    27.2139    1485.26    1492.05 0.0000e+00
       3664    139.000     8.1532     8.1529   3.637171   3.639441     1.6244      98.80     0.0299 5.1273e-02 -9.990e-29    152.609 288.213375    3.91940    34.9528    34.9774    27.2140    1485.27    1492.00 0.0000e+00
       3685    140.000     8.1531     8.1526   3.637233   3.639479     1.6263      98.80     0.0288 5.1273e-02 -9.990e-29    153.489 288.213385    3.92700    34.9531    34.9776    27.2142    1485.29    1491.95 0.0000e+00
       3706    141.000     8.1526     8.1520   3.637232   3.639482     1.6284      98.80     0.0255 5.1273e-02 2.8550e+01    154.364 288.213395    3.93456    34.9531    34.9778    27.2143    1485.30    1491.91 0.0000e+00
       3727    142.000     8.1507     8.1502   3.637129   3.639374     1.6302      98.80     0.0270 5.1273e-02 2.7228e+01    155.240 288.213406    3.93590    34.9534    34.9779    27.2148    1485.31    1491.86 0.0000e+00
       3748    143.000     8.1492     8.1487   3.637092   3.639337     1.6311      98.80     0.0261 5.1266e-02 2.7213e+01    156.118 288.213416    3.93627    34.9540    34.9786    27.2155    1485.32    1491.81 0.0000e+00
       3769    144.000     8.1492     8.1488   3.637185   3.639445     1.6321      98.80     0.0267 5.1273e-02 2.4165e+01    156.994 288.213426    3.93666    34.9545    34.9791    27.2159    1485.34    1491.77 0.0000e+00
       3790    145.000     8.1490     8.1485   3.637259   3.639505     1.6324      98.80     0.0261 5.1273e-02 2.7203e+01    157.872 288.213436    3.93293    34.9550    34.9796    27.2164    1485.36    1491.72 0.0000e+00
       3811    146.000     8.1486     8.1481   3.637266   3.639528     1.6324      98.80     0.0274 5.1273e-02 2.7213e+01    158.753 288.213446    3.92763    34.9550    34.9797    27.2164    1485.37    1491.68 0.0000e+00
       3832    147.000     8.1478     8.1471   3.637259   3.639492     1.6313      98.80     0.0312 5.1280e-02 2.7213e+01    159.629 288.213456    3.90977    34.9553    34.9799    27.2167    1485.38    1491.64 0.0000e+00
