testdata/CTD/sta0422.cnv
* Sea-Bird SBE 9 Data File:
* FileName = C:\Seabird\CTDData\sta0422.hex
* Software Version Seasave V 7.21f
* Temperature SN = 4557
* Conductivity SN = 1337
* Number of Bytes Per Scan = 40
* Number of Voltage Words = 5
* Number of Scans Averaged by the Deck Unit = 1
* NMEA Latitude = 61 29.31 N
* NMEA Longitude = 005 16.04 E
* NMEA UTC (Time) = Oct 18 2018 17:12:55
* NMEA baud rate = 4800
** Ship: 10 F/F "G. O. Sars"
** Station: 0422
** Echodepth: 371
** Log: 5652.83
** Wind-Dir Force: 66 02
** Air-temp (dry): 8.1
** Weather Sky: 1 4
** Sea Ice: 2 0
# nquan = 20                                
# nvalues = 363                         
# units = specified
# name 0 = scan: Scan Count
# name 1 = prDM: Pressure, Digiquartz [db]
# name 2 = t068C: Temperature [ITS-68, deg C]
# name 3 = t168C: Temperature, 2 [ITS-68, deg C]
# name 4 = c0S/m: Conductivity [S/m]
# name 5 = c1S/m: Conductivity, 2 [S/m]
# name 6 = sbeox0V: Oxygen raw, SBE 43 [V]
# name 7 = altM: Altimeter [m]
# name 8 = flC: Fluorescence, Chelsea Aqua 3 Chl Con [ug/l]
# name 9 = par: PAR/Irradiance, Biospherical/Licor
# name 10 = spar: SPAR/Surface Irradiance
# name 11 = timeS: Time, Elapsed [seconds]
# name 12 = timeJ: Julian Days
# name 13 = sbeox0ML/L: Oxygen, SBE 43 [ml/l], WS = 2
# name 14 = sal00: Salinity, Practical [PSU]
# name 15 = sal11: Salinity, Practical, 2 [PSU]
# name 16 = sigma-t00: Density [sigma-t, Kg/m^3 ]
# name 17 = svCM: Sound Velocity [Chen-Millero, m/s]
# name 18 = avgsvCM: Average Sound Velocity [Chen-Millero, m/s], minP = 1, minS = 5
# name 19 = flag: flag
# span 0 =        635,       8398       
# span 1 =      4.000,    366.000       
# span 2 =     7.6820,    13.8130       
# span 3 =     7.6816,    13.8147       
# span 4 =   3.221926,   3.882989       
# span 5 =   3.218178,   3.885136       
# span 6 =     1.8578,     2.2651       
# span 7 =      11.41,     100.01       
# span 8 =     0.0138,     0.1925       
# span 9 = 5.1225e-02, 4.3306e-01       
# span 10 = 1.2764e+00, 3.5534e+00      
# span 11 =     26.412,    349.871      
# span 12 = 291.717644, 291.721387      
# span 13 =    4.62367,    5.80715      
# span 14 =    27.5139,    35.0613      
# span 15 =    27.4913,    35.0839      
# span 16 =    20.7806,    27.3694      
# span 17 =    1484.45,    1499.14      
# span 18 =    1488.00,    1496.40      
# span 19 = 0.0000e+00, 0.0000e+00      
# interval = decibars: 1                
# start_time = Oct 18 2018 17:12:58 [System UTC, header]
# bad_flag = -9.990e-29
*END*
        635      4.000    12.0150    11.9976   3.221926   3.218178     2.2609      98.65     0.1848 4.3306e-01 3.4807e+00     26.412 291.717644    5.79363    27.5139    27.4913    20.7806    1488.00    1488.00 0.0000e+00
        665      5.000    12.0136    12.0176   3.222755   3.226032     2.2612      98.65     0.1874 3.1790e-01 3.4730e+00     27.680 291.717658    5.80715    27.5224    27.5504    20.7875    1488.02    1488.01 0.0000e+00
        687      6.000    12.0313    12.0319   3.229161   3.231633     2.2630      89.88     0.1925 1.8431e-01 2.9582e+00     28.585 291.717669    5.80367    27.5695    27.5924    20.8208    1488.16    1488.03 0.0000e+00
        709      7.000    12.1182    12.1324   3.268524   3.278363     2.2621      97.49     0.1909 1.3773e-01 3.5534e+00     29.498 291.717679    5.76155    27.8763    27.9586    21.0430    1488.84    1488.15 0.0000e+00
        730      8.000    12.1792    12.1672   3.283922   3.282013     2.2592      98.70     0.1823 9.4789e-02 2.8834e+00     30.393 291.717690    5.74768    27.9757    27.9667    21.1091    1489.19    1488.28 0.0000e+00
        751      9.000    12.4764    12.4760   3.375754   3.379925     2.2598      94.36     0.1725 7.6449e-02 2.9405e+00     31.251 291.717700    5.70432    28.6155    28.6550    21.5505    1490.99    1488.58 0.0000e+00
        772     10.000    12.5225    12.5256   3.387715   3.389168     2.2613      88.71     0.1611 5.6301e-02 3.1048e+00     32.137 291.717710    5.71671    28.6923    28.7036    21.6015    1491.26    1488.85 0.0000e+00
        794     11.000    12.3701    12.3485   3.344599   3.338600     2.2651      97.86     0.1406 5.1373e-02 1.2764e+00     33.023 291.717720    5.73803    28.4026    28.3625    21.4051    1490.41    1488.99 0.0000e+00
        815     12.000    12.6550    12.6334   3.421813   3.420440     2.2612      97.49     0.1326 5.1266e-02 2.6512e+00     33.913 291.717730    5.61397    28.9100    28.9137    21.7455    1492.00    1489.24 0.0000e+00
        836     13.000    13.1262    13.1106   3.540446   3.539414     2.2494      82.63     0.1191 5.1225e-02 3.1438e+00     34.789 291.717741    5.50890    29.6521    29.6547    22.2304    1494.49    1489.64 0.0000e+00
        858     14.000    13.1804    13.1727   3.603161   3.601573     2.2495      96.60     0.0979 5.1260e-02 3.0491e+00     35.696 291.717751    5.53950    30.1923    30.1837    22.6374    1495.33    1490.05 0.0000e+00
        880     15.000    13.3653    13.3620   3.671111   3.672855     2.2513      96.69     0.0843 5.1273e-02 3.3558e+00     36.641 291.717762    5.46273    30.6759    30.6947    22.9751    1496.54    1490.48 0.0000e+00
        902     16.000    13.4816    13.4714   3.707079   3.707720     2.2393      90.16     0.0720 5.1266e-02 2.9746e+00     37.560 291.717773    5.35385    30.9154    30.9296    23.1373    1497.22    1490.90 0.0000e+00
        924     17.000    13.6682    13.6657   3.751014   3.752826     2.2264      95.13     0.0651 5.1273e-02 3.1683e+00     38.450 291.717783    5.28910    31.1703    31.1891    23.2970    1498.16    1491.32 0.0000e+00
        945     18.000    13.7581    13.7544   3.777921   3.779713     2.2149      96.70     0.0603 5.1273e-02 2.8651e+00     39.341 291.717793    5.23818    31.3452    31.3647    23.4140    1498.68    1491.73 0.0000e+00
        966     19.000    13.8066    13.8055   3.794948   3.797060     2.2015      93.12     0.0550 5.1260e-02 2.6558e+00     40.227 291.717804    5.16671    31.4622    31.4826    23.4946    1498.99    1492.11 0.0000e+00
        988     20.000    13.8130    13.8147   3.805974   3.807338     2.1846      87.41     0.0508 5.1266e-02 2.5935e+00     41.115 291.717814    5.10829    31.5583    31.5695    23.5675    1499.14    1492.46 0.0000e+00
       1009     21.000    13.6494    13.6831   3.817284   3.819036     2.1696      96.67     0.0469 5.1266e-02 2.6763e+00     42.017 291.717824    5.09173    31.7977    31.7860    23.7854    1498.90    1492.76 0.0000e+00
       1031     22.000    13.5096    13.5273   3.820521   3.823929     2.1588      96.73     0.0437 5.1266e-02 1.5752e+00     42.929 291.717835    5.07780    31.9439    31.9608    23.9264    1498.63    1493.03 0.0000e+00
       1053     23.000    13.3792    13.3801   3.817329   3.818206     2.1465      84.58     0.0439 5.1234e-02 2.5323e+00     43.851 291.717845    5.06347    32.0231    32.0305    24.0136    1498.30    1493.26 0.0000e+00
       1075     24.000    13.3587    13.3693   3.820440   3.823386     2.1401      96.95     0.0467 5.1274e-02 2.8032e+00     44.764 291.717856    5.07945    32.0690    32.0876    24.0531    1498.31    1493.47 0.0000e+00
       1097     25.000    13.2109    13.2247   3.806374   3.809769     2.1385      96.77     0.0463 5.1273e-02 2.7434e+00     45.652 291.717866    5.11550    32.0614    32.0816    24.0766    1497.82    1493.64 0.0000e+00
       1118     26.000    13.1014    13.1000   3.796415   3.798345     2.1392      90.26     0.0474 5.1259e-02 2.7168e+00     46.533 291.717877    5.13690    32.0599    32.0792    24.0969    1497.47    1493.79 0.0000e+00
       1139     27.000    13.1218    13.1214   3.799648   3.801667     2.1403      94.51     0.0486 5.1273e-02 2.7395e+00     47.408 291.717887    5.15066    32.0727    32.0920    24.1028    1497.57    1493.93 0.0000e+00
       1160     28.000    13.1409    13.1421   3.804335   3.806460     2.1447      96.66     0.0482 5.1286e-02 2.7222e+00     48.307 291.717897    5.18484    32.1002    32.1191    24.1203    1497.68    1494.06 0.0000e+00
       1182     29.000    13.1247    13.1236   3.808577   3.810291     2.1523      94.42     0.0451 5.1267e-02 2.3231e+00     49.221 291.717908    5.22006    32.1533    32.1704    24.1646    1497.71    1494.19 0.0000e+00
       1204     30.000    13.1606    13.1585   3.820680   3.822339     2.1604      90.77     0.0428 5.1254e-02 2.5323e+00     50.129 291.717918    5.23460    32.2362    32.2536    24.2217    1497.94    1494.31 0.0000e+00
       1226     31.000    13.2266    13.2212   3.834497   3.835633     2.1658      96.47     0.0407 5.1273e-02 2.7042e+00     51.047 291.717929    5.21784    32.3095    32.3248    24.2654    1498.27    1494.44 0.0000e+00
       1248     32.000    13.2554    13.2551   3.844569   3.846489     2.1671      96.55     0.0435 5.1266e-02 1.9125e+00     51.958 291.717939    5.19730    32.3791    32.3974    24.3135    1498.46    1494.56 0.0000e+00
       1270     33.000    13.2515    13.2511   3.849352   3.851439     2.1663      86.26     0.0443 5.1266e-02 1.6785e+00     52.855 291.717950    5.18159    32.4269    32.4469    24.3513    1498.52    1494.68 0.0000e+00
       1291     34.000    13.2497    13.2479   3.849841   3.851803     2.1631      96.59     0.0433 5.1273e-02 2.3289e+00     53.752 291.717960    5.14809    32.4327    32.4526    24.3560    1498.54    1494.80 0.0000e+00
       1312     35.000    13.2406    13.2460   3.850307   3.852892     2.1557      96.58     0.0422 5.1273e-02 -9.990e-29     54.640 291.717970    5.11023    32.4444    32.4641    24.3669    1498.54    1494.90 0.0000e+00
       1334     36.000    13.0433    13.0426   3.833529   3.835189     2.1478      96.66     0.0411 5.1273e-02 -9.990e-29     55.526 291.717981    5.10854    32.4547    32.4710    24.4139    1497.91    1494.99 0.0000e+00
       1355     37.000    13.0760    13.0828   3.845577   3.848055     2.1400      97.51     0.0405 5.1266e-02 -9.990e-29     56.411 291.717991    5.08068    32.5399    32.5574    24.4733    1498.13    1495.07 0.0000e+00
       1376     38.000    13.0073    13.0089   3.841430   3.843630     2.1347      98.56     0.0440 5.1273e-02 -9.990e-29     57.291 291.718001    5.11471    32.5594    32.5788    24.5019    1497.94    1495.15 0.0000e+00
       1397     39.000    12.9741    12.9746   3.840804   3.842822     2.1381      98.73     0.0418 5.1260e-02 -9.990e-29     58.186 291.718011    5.15329    32.5816    32.6002    24.5256    1497.87    1495.22 0.0000e+00
       1419     40.000    12.9673    12.9675   3.841680   3.843761     2.1404      98.75     0.0408 5.1273e-02 -9.990e-29     59.100 291.718022    5.15448    32.5953    32.6148    24.5376    1497.88    1495.28 0.0000e+00
       1441     41.000    12.9725    12.9712   3.843968   3.845806     2.1419      98.75     0.0427 5.1273e-02 -9.990e-29     60.006 291.718032    5.15978    32.6121    32.6305    24.5495    1497.94    1495.35 0.0000e+00
       1463     42.000    12.9733    12.9735   3.851664   3.853449     2.1449      98.75     0.0413 5.1260e-02 -9.990e-29     60.919 291.718043    5.17303    32.6837    32.7004    24.6048    1498.04    1495.41 0.0000e+00
       1485     43.000    12.9748    12.9757   3.859316   3.861280     2.1473      98.75     0.0409 5.1273e-02 -9.990e-29     61.829 291.718054    5.17180    32.7543    32.7721    24.6592    1498.15    1495.48 0.0000e+00
       1507     44.000    12.9392    12.9390   3.859379   3.861328     2.1485      98.75     0.0363 5.1260e-02 -9.990e-29     62.734 291.718064    5.16030    32.7853    32.8040    24.6902    1498.08    1495.54 0.0000e+00
       1528     45.000    12.9526    12.9525   3.866765   3.868697     2.1453      98.75     0.0341 5.1273e-02 -9.990e-29     63.629 291.718074    5.13048    32.8432    32.8616    24.7324    1498.21    1495.59 0.0000e+00
       1549     46.000    12.9544    12.9548   3.869889   3.872209     2.1418      98.70     0.0374 5.1273e-02 -9.990e-29     64.510 291.718085    5.12368    32.8708    32.8924    24.7534    1498.27    1495.65 0.0000e+00
       1570     47.000    12.9555    12.9554   3.870653   3.872815     2.1395      98.74     0.0361 5.1273e-02 -9.990e-29     65.388 291.718095    5.10831    32.8767    32.8972    24.7577    1498.29    1495.71 0.0000e+00
       1591     48.000    12.9525    12.9523   3.870647   3.872747     2.1333      98.75     0.0372 5.1260e-02 -9.990e-29     66.268 291.718105    5.07005    32.8788    32.8989    24.7600    1498.30    1495.76 0.0000e+00
       1613     49.000    12.9457    12.9441   3.869987   3.872066     2.1263      98.75     0.0425 5.1273e-02 -9.990e-29     67.151 291.718115    5.05863    32.8781    32.8992    24.7607    1498.30    1495.81 0.0000e+00
       1634     50.000    12.8841    12.8915   3.865116   3.867767     2.1220      98.75     0.0406 5.1260e-02 -9.990e-29     68.052 291.718126    5.06829    32.8851    32.9038    24.7782    1498.11    1495.86 0.0000e+00
       1656     51.000    12.7335    12.7382   3.860681   3.862810     2.1196      98.69     0.0396 5.1266e-02 -9.990e-29     68.967 291.718136    5.07861    32.9738    32.9900    24.8763    1497.73    1495.90 0.0000e+00
       1678     52.000    12.7044    12.7050   3.860250   3.862362     2.1165      97.28     0.0389 5.1273e-02 -9.990e-29     69.877 291.718147    5.07197    32.9947    33.0143    24.8982    1497.67    1495.93 0.0000e+00
       1700     53.000    12.6991    12.6988   3.860409   3.862470     2.1148      95.88     0.0355 5.1273e-02 -9.990e-29     70.784 291.718157    5.08387    33.0005    33.0204    24.9037    1497.68    1495.96 0.0000e+00
       1721     54.000    12.6994    12.6993   3.862656   3.864672     2.1159      95.89     0.0366 5.1266e-02 -9.990e-29     71.680 291.718168    5.10553    33.0212    33.0405    24.9197    1497.72    1496.00 0.0000e+00
       1743     55.000    12.7073    12.7063   3.865220   3.867162     2.1194      97.98     0.0389 5.1260e-02 -9.990e-29     72.567 291.718178    5.11862    33.0383    33.0577    24.9314    1497.78    1496.03 0.0000e+00
       1764     56.000    12.7014    12.7042   3.871055   3.873122     2.1215      97.83     0.0403 5.1266e-02 -9.990e-29     73.450 291.718188    5.11842    33.0987    33.1159    24.9793    1497.85    1496.06 0.0000e+00
       1785     57.000    12.6569    12.6570   3.872706   3.874604     2.1232      98.25     0.0378 5.1273e-02 -9.990e-29     74.341 291.718198    5.12023    33.1531    33.1711    25.0301    1497.78    1496.09 0.0000e+00
       1807     58.000    12.6403    12.6424   3.878097   3.880146     2.1230      98.30     0.0361 5.1267e-02 -9.990e-29     75.251 291.718209    5.09879    33.2187    33.2364    25.0842    1497.82    1496.12 0.0000e+00
       1829     59.000    12.6073    12.6084   3.880850   3.882847     2.1186      97.70     0.0351 5.1266e-02 -9.990e-29     76.165 291.718220    5.06913    33.2737    33.2919    25.1332    1497.79    1496.15 0.0000e+00
       1851     60.000    12.6050    12.6057   3.882989   3.885136     2.1134      96.58     0.0350 5.1273e-02 -9.990e-29     77.063 291.718230    5.04626    33.2958    33.3157    25.1508    1497.83    1496.18 0.0000e+00
       1872     61.000    12.5946    12.5959   3.882616   3.884834     2.1071      97.26     0.0322 5.1280e-02 -9.990e-29     77.959 291.718240    5.02875    33.3010    33.3211    25.1568    1497.81    1496.20 0.0000e+00
       1893     62.000    12.5771    12.5782   3.881759   3.883960     2.1023      98.75     0.0306 5.1273e-02 1.9781e+00     78.850 291.718251    5.01732    33.3079    33.3280    25.1655    1497.78    1496.23 0.0000e+00
       1915     63.000    12.5611    12.5622   3.881496   3.883679     2.0961      98.75     0.0312 5.1273e-02 1.9436e+00     79.734 291.718261    4.99511    33.3191    33.3390    25.1773    1497.76    1496.25 0.0000e+00
       1936     64.000    12.5404    12.5435   3.880991   3.883267     2.0906      98.76     0.0313 5.1273e-02 1.9438e+00     80.623 291.718271    4.98738    33.3322    33.3513    25.1915    1497.72    1496.28 0.0000e+00
       1957     65.000    12.4530    12.4535   3.877259   3.879423     2.0861      98.76     0.0314 5.1273e-02 1.9438e+00     81.518 291.718281    4.98543    33.3736    33.3939    25.2404    1497.49    1496.30 0.0000e+00
       1979     66.000    12.4437    12.4439   3.876850   3.879009     2.0816      98.75     0.0337 5.1273e-02 1.9438e+00     82.423 291.718292    4.97309    33.3775    33.3980    25.2452    1497.48    1496.31 0.0000e+00
       2001     67.000    12.4139    12.4187   3.875511   3.877846     2.0774      98.75     0.0356 5.1259e-02 1.9438e+00     83.333 291.718302    4.97345    33.3907    33.4089    25.2612    1497.41    1496.33 0.0000e+00
       2023     68.000    12.3063    12.3128   3.870593   3.873028     2.0761      98.46     0.0322 5.1267e-02 -9.990e-29     84.241 291.718313    4.99705    33.4389    33.4565    25.3192    1497.12    1496.34 0.0000e+00
       2044     69.000    12.2611    12.2640   3.868253   3.870508     2.0761      98.73     0.0333 5.1273e-02 -9.990e-29     85.143 291.718323    4.99795    33.4562    33.4754    25.3413    1497.00    1496.35 0.0000e+00
       2066     70.000    12.2472    12.2488   3.867548   3.869756     2.0743      98.75     0.0327 5.1273e-02 -9.990e-29     86.033 291.718334    4.99063    33.4614    33.4813    25.3480    1496.98    1496.36 0.0000e+00
       2087     71.000    12.2464    12.2465   3.868292   3.870369     2.0733      98.75     0.0353 5.1280e-02 -9.990e-29     86.912 291.718344    4.99795    33.4689    33.4889    25.3539    1497.00    1496.37 0.0000e+00
       2108     72.000    12.2405    12.2421   3.869502   3.871608     2.0742      98.75     0.0337 5.1273e-02 1.9438e+00     87.804 291.718354    5.00886    33.4854    33.5043    25.3679    1497.01    1496.38 0.0000e+00
       2130     73.000    12.1756    12.1827   3.867282   3.869792     2.0749      98.76     0.0299 5.1273e-02 1.9438e+00     88.695 291.718365    5.00631    33.5217    33.5396    25.4084    1496.85    1496.38 0.0000e+00
       2151     74.000    12.1154    12.1164   3.865411   3.867436     2.0730      98.75     0.0311 5.1273e-02 1.9438e+00     89.600 291.718375    4.99308    33.5572    33.5759    25.4473    1496.71    1496.39 0.0000e+00
       2173     75.000    12.0864    12.0880   3.864145   3.866325     2.0702      98.76     0.0305 5.1273e-02 1.9438e+00     90.511 291.718386    4.99570    33.5706    33.5902    25.4632    1496.64    1496.39 0.0000e+00
