testdata/CTD/sta0413.cnv
* Sea-Bird SBE 9 Data File:
* FileName = C:\Seabird\CTDData\sta0413.hex
* Software Version Seasave V 7.21f
* Temperature SN = 4557
* Conductivity SN = 1337
* Number of Bytes Per Scan = 40
* Number of Voltage Words = 5
* Number of Scans Averaged by the Deck Unit = 1
* NMEA Latitude = 60 52.29 N
* NMEA Longitude = 005 24.72 E
* NMEA UTC (Time) = Oct 15 2018 12:06:07
* NMEA baud rate = 4800
** Ship: 10 F/F "G. O. Sars"
** Station: 0413
** Echodepth: 479
** Log: 5390.009
** Wind-Dir Force: 24 02
** Air-temp (dry): 7.9
** Weather Sky: 0 0
** Sea Ice: 0 0
# nquan = 20                                
# nvalues = 470                         
# units = specified
# name 0 = scan: Scan Count
# name 1 = prDM: Pressure, Digiquartz [db]
# name 2 = t068C: Temperature [ITS-68, deg C]
# name 3 = t168C: Temperature, 2 [ITS-68, deg C]
# name 4 = c0S/m: Conductivity [S/m]
# name 5 = c1S/m: Conductivity, 2 [S/m]
# name 6 = sbeox0V: Oxygen raw, SBE 43 [V]
# name 7 = altM: Altimeter [m]
# name 8 = flC: Fluorescence, Chelsea Aqua 3 Chl Con [ug/l]
# name 9 = par: PAR/Irradiance, Biospherical/Licor
# name 10 = spar: SPAR/Surface Irradiance
# name 11 = timeS: Time, Elapsed [seconds]
# name 12 = timeJ: Julian Days
# name 13 = sbeox0ML/L: Oxygen, SBE 43 [ml/l], WS = 2
# name 14 = sal00: Salinity, Practical [PSU]
# name 15 = sal11: Salinity, Practical, 2 [PSU]
# name 16 = sigma-t00: Density [sigma-t, Kg/m^3 ]
# name 17 = svCM: Sound Velocity [Chen-Millero, m/s]
# name 18 = avgsvCM: Average Sound Velocity [Chen-Millero, m/s], minP = 1, minS = 5
# name 19 = flag: flag
# span 0 =        378,      10481       
# span 1 =      3.000,    472.000       
# span 2 =     8.0879,    15.7463       
# span 3 =     8.0875,    15.7434       
# span 4 =   3.404521,   3.990286       
# span 5 =   3.459399,   3.993314       
# span 6 =     0.8752,     2.1549       
# span 7 =      11.10,      99.51       
# span 8 =     0.0214,     0.1342       
# span 9 = 5.1232e-02, 9.0815e+01       
# span 10 = 3.0323e+02, 7.1337e+02      
# span 11 =     15.725,    436.670      
# span 12 = 288.504464, 288.509336      
# span 13 =    1.30236,    5.40195      
# span 14 =    27.5098,    35.0231      
# span 15 =    27.9915,    35.0472      
# span 16 =    20.3399,    27.2610      
# span 17 =    1485.02,    1505.31      
# span 18 =    1488.98,    1502.16      
# span 19 = 0.0000e+00, 0.0000e+00      
# interval = decibars: 1                
# start_time = Oct 15 2018 12:06:10 [System UTC, header]
# bad_flag = -9.990e-29
*END*
[from data line 145]
       3501    148.000     8.1373     8.1368   3.636230   3.638498     1.6310      98.72     0.0308 5.1273e-02 6.5863e+02    145.814 288.505970    3.93734    34.9542    34.9790    27.2175    1485.36    1491.77 0.0000e+00
       3522    149.000     8.1358     8.1354   3.636165   3.638433     1.6317      98.75     0.0290 5.1273e-02 6.4222e+02    146.698 288.505980    3.94376    34.9545    34.9792    27.2180    1485.37    1491.72 0.0000e+00
       3543    150.000     8.1359     8.1355   3.636252   3.638514     1.6331      98.75     0.0283 5.1280e-02 6.2570e+02    147.578 288.505991    3.95440    34.9549    34.9795    27.2182    1485.39    1491.68 0.0000e+00
       3564    151.000     8.1360     8.1354   3.636307   3.638573     1.6351      98.24     0.0306 5.1273e-02 6.0669e+02    148.465 288.506001    3.96100    34.9549    34.9798    27.2182    1485.41    1491.64 0.0000e+00
       3585    152.000     8.1361     8.1355   3.636396   3.638654     1.6362      98.76     0.0307 5.1273e-02 5.8320e+02    149.346 288.506011    3.95504    34.9553    34.9800    27.2185    1485.42    1491.60 0.0000e+00
       3606    153.000     8.1377     8.1372   3.636658   3.638920     1.6360      98.50     0.0295 5.1273e-02 5.5909e+02    150.226 288.506021    3.94164    34.9560    34.9807    27.2188    1485.45    1491.56 0.0000e+00
       3628    154.000     8.1382     8.1378   3.636790   3.639071     1.6345      98.75     0.0301 5.1266e-02 5.3645e+02    151.108 288.506031    3.92935    34.9564    34.9812    27.2191    1485.47    1491.52 0.0000e+00
       3649    155.000     8.1394     8.1390   3.636997   3.639262     1.6327      98.48     0.0341 5.1273e-02 5.1475e+02    151.986 288.506042    3.92010    34.9570    34.9816    27.2193    1485.49    1491.48 0.0000e+00
       3670    156.000     8.1384     8.1379   3.636945   3.639212     1.6308      98.59     0.0342 5.1273e-02 4.9685e+02    152.866 288.506052    3.90957    34.9569    34.9817    27.2194    1485.50    1491.44 0.0000e+00
       3691    157.000     8.1353     8.1348   3.636666   3.638925     1.6276      98.72     0.0347 5.1273e-02 4.7849e+02    153.744 288.506062    3.88018    34.9565    34.9812    27.2196    1485.50    1491.40 0.0000e+00
       3712    158.000     8.1330     8.1324   3.636479   3.638732     1.6222      98.58     0.0337 5.1273e-02 4.7231e+02    154.625 288.506072    3.85260    34.9563    34.9811    27.2198    1485.51    1491.37 0.0000e+00
       3733    159.000     8.1338     8.1334   3.636643   3.638901     1.6171      97.61     0.0324 5.1273e-02 4.6807e+02    155.510 288.506082    3.84629    34.9568    34.9814    27.2201    1485.53    1491.33 0.0000e+00
       3754    160.000     8.1314     8.1308   3.636459   3.638689     1.6142      97.65     0.0296 5.1273e-02 4.6808e+02    156.391 288.506092    3.86235    34.9568    34.9812    27.2204    1485.54    1491.29 0.0000e+00
       3775    161.000     8.1303     8.1298   3.636385   3.638647     1.6139      98.00     0.0293 5.1266e-02 4.6860e+02    157.268 288.506103    3.87903    34.9566    34.9813    27.2204    1485.55    1491.26 0.0000e+00
       3797    162.000     8.1299     8.1294   3.636406   3.638655     1.6147      97.33     0.0303 5.1273e-02 4.7030e+02    158.151 288.506113    3.88689    34.9567    34.9813    27.2206    1485.57    1491.22 0.0000e+00
       3818    163.000     8.1287     8.1284   3.636320   3.638587     1.6152      97.18     0.0289 5.1273e-02 4.7203e+02    159.027 288.506123    3.88662    34.9565    34.9811    27.2206    1485.58    1491.19 0.0000e+00
       3839    164.000     8.1275     8.1269   3.636243   3.638479     1.6159      97.24     0.0278 5.1273e-02 4.7233e+02    159.903 288.506133    3.89677    34.9564    34.9809    27.2207    1485.59    1491.15 0.0000e+00
       3860    165.000     8.1265     8.1261   3.636186   3.638438     1.6174      97.47     0.0288 5.1273e-02 4.6931e+02    160.784 288.506143    3.90736    34.9563    34.9808    27.2208    1485.60    1491.12 0.0000e+00
       3881    166.000     8.1257     8.1252   3.636153   3.638385     1.6192      98.61     0.0299 5.1273e-02 4.6634e+02    161.660 288.506153    3.91118    34.9562    34.9806    27.2209    1485.62    1491.08 0.0000e+00
       3902    167.000     8.1235     8.1232   3.635967   3.638225     1.6202      98.62     0.0310 5.1280e-02 4.5911e+02    162.542 288.506164    3.91152    34.9560    34.9804    27.2210    1485.62    1491.05 0.0000e+00
       3923    168.000     8.1201     8.1196   3.635707   3.637946     1.6211      98.69     0.0279 5.1273e-02 4.4944e+02    163.428 288.506174    3.91709    34.9561    34.9806    27.2216    1485.63    1491.02 0.0000e+00
       3944    169.000     8.1188     8.1184   3.635611   3.637865     1.6224      98.71     0.0282 5.1273e-02 4.3847e+02    164.306 288.506184    3.93003    34.9559    34.9804    27.2216    1485.64    1490.99 0.0000e+00
       3966    170.000     8.1175     8.1171   3.635530   3.637762     1.6248      98.72     0.0293 5.1266e-02 4.2855e+02    165.190 288.506194    3.94712    34.9558    34.9801    27.2218    1485.65    1490.96 0.0000e+00
       3987    171.000     8.1177     8.1172   3.635632   3.637876     1.6279      98.71     0.0295 5.1266e-02 4.2234e+02    166.077 288.506205    3.96725    34.9562    34.9807    27.2220    1485.67    1490.93 0.0000e+00
       4008    172.000     8.1188     8.1183   3.635811   3.638049     1.6318      98.26     0.0269 5.1273e-02 4.1933e+02    166.952 288.506215    3.98090    34.9566    34.9810    27.2221    1485.69    1490.89 0.0000e+00
       4029    173.000     8.1187     8.1183   3.635851   3.638096     1.6350      98.75     0.0283 5.1266e-02 4.1763e+02    167.836 288.506225    3.98766    34.9566    34.9810    27.2222    1485.70    1490.86 0.0000e+00
       4050    174.000     8.1182     8.1178   3.635834   3.638072     1.6378      98.75     0.0272 5.1273e-02 4.1521e+02    168.718 288.506235    3.98584    34.9564    34.9808    27.2221    1485.72    1490.83 0.0000e+00
       4071    175.000     8.1173     8.1168   3.635789   3.638025     1.6384      97.46     0.0263 5.1266e-02 4.1257e+02    169.597 288.506245    3.97392    34.9564    34.9808    27.2222    1485.73    1490.81 0.0000e+00
       4092    176.000     8.1164     8.1159   3.635749   3.637980     1.6384      98.64     0.0251 5.1273e-02 4.0918e+02    170.476 288.506255    3.97342    34.9563    34.9807    27.2223    1485.75    1490.78 0.0000e+00
       4113    177.000     8.1157     8.1153   3.635714   3.637961     1.6388      98.72     0.0290 5.1273e-02 4.0552e+02    171.352 288.506266    3.98169    34.9562    34.9806    27.2223    1485.76    1490.75 0.0000e+00
       4135    178.000     8.1134     8.1129   3.635543   3.637766     1.6397      96.63     0.0308 5.1260e-02 3.9969e+02    172.234 288.506276    3.98672    34.9562    34.9805    27.2226    1485.77    1490.72 0.0000e+00
       4156    179.000     8.1118     8.1114   3.635426   3.637664     1.6407      98.73     0.0312 5.1273e-02 3.9564e+02    173.117 288.506286    3.99542    34.9560    34.9804    27.2228    1485.78    1490.69 0.0000e+00
       4177    180.000     8.1112     8.1107   3.635412   3.637632     1.6424      98.71     0.0279 5.1273e-02 3.8922e+02    173.995 288.506296    4.00640    34.9560    34.9803    27.2228    1485.79    1490.67 0.0000e+00
       4198    181.000     8.1109     8.1105   3.635437   3.637675     1.6443      98.74     0.0299 5.1273e-02 3.8277e+02    174.876 288.506306    4.01949    34.9561    34.9804    27.2230    1485.81    1490.64 0.0000e+00
       4219    182.000     8.1104     8.1099   3.635424   3.637649     1.6470      98.75     0.0299 5.1273e-02 3.7909e+02    175.761 288.506317    4.03453    34.9559    34.9803    27.2229    1485.82    1490.61 0.0000e+00
       4240    183.000     8.1082     8.1077   3.635244   3.637463     1.6501      98.75     0.0306 5.1273e-02 3.7705e+02    176.641 288.506327    4.04280    34.9557    34.9800    27.2231    1485.83    1490.59 0.0000e+00
       4262    184.000     8.1072     8.1065   3.635179   3.637370     1.6520      98.75     0.0306 5.1266e-02 3.7647e+02    177.521 288.506337    4.03938    34.9555    34.9797    27.2231    1485.84    1490.56 0.0000e+00
       4283    185.000     8.1014     8.1008   3.634603   3.636810     1.6530      93.53     0.0319 5.1259e-02 3.7426e+02    178.402 288.506347    4.04471    34.9547    34.9789    27.2233    1485.83    1490.53 0.0000e+00
       4304    186.000     8.0979     8.0976   3.634294   3.636526     1.6551      91.18     0.0302 5.1246e-02 3.7325e+02    179.282 288.506357    4.06509    34.9544    34.9786    27.2236    1485.84    1490.51 0.0000e+00
       4325    187.000     8.0964     8.0960   3.634219   3.636448     1.6582      88.32     0.0290 5.1252e-02 3.7520e+02    180.160 288.506368    4.08522    34.9546    34.9788    27.2240    1485.85    1490.48 0.0000e+00
       4346    188.000     8.0958     8.0954   3.634227   3.636452     1.6625      98.72     0.0303 5.1259e-02 3.7626e+02    181.043 288.506378    4.11626    34.9548    34.9790    27.2242    1485.86    1490.46 0.0000e+00
       4367    189.000     8.0953     8.0951   3.634226   3.636467     1.6683      98.70     0.0259 5.1266e-02 3.7888e+02    181.925 288.506388    4.15231    34.9548    34.9790    27.2243    1485.88    1490.43 0.0000e+00
       4388    190.000     8.0945     8.0940   3.634194   3.636407     1.6757      98.70     0.0245 5.1273e-02 3.7904e+02    182.803 288.506398    4.19122    34.9547    34.9790    27.2244    1485.89    1490.41 0.0000e+00
       4409    191.000     8.0932     8.0928   3.634117   3.636343     1.6837      98.71     0.0235 5.1273e-02 3.7916e+02    183.675 288.506408    4.22033    34.9547    34.9790    27.2246    1485.90    1490.39 0.0000e+00
       4431    192.000     8.0921     8.0917   3.634061   3.636273     1.6913      98.74     0.0281 5.1280e-02 3.8078e+02    184.565 288.506419    4.24208    34.9547    34.9788    27.2248    1485.91    1490.36 0.0000e+00
       4452    193.000     8.0918     8.0915   3.634074   3.636298     1.6981      98.75     0.0302 5.1273e-02 3.8098e+02    185.446 288.506429    4.25594    34.9547    34.9788    27.2248    1485.93    1490.34 0.0000e+00
       4473    194.000     8.0917     8.0913   3.634111   3.636325     1.7036      98.75     0.0254 5.1252e-02 3.8098e+02    186.334 288.506439    4.26270    34.9547    34.9788    27.2248    1485.95    1490.32 0.0000e+00
       4495    195.000     8.0913     8.0909   3.634130   3.636348     1.7078      98.75     0.0259 5.1273e-02 3.8054e+02    187.232 288.506449    4.26726    34.9548    34.9790    27.2249    1485.96    1490.30 0.0000e+00
       4516    196.000     8.0913     8.0909   3.634170   3.636389     1.7110      98.75     0.0267 5.1259e-02 3.7851e+02    188.114 288.506460    4.27311    34.9548    34.9789    27.2249    1485.98    1490.27 0.0000e+00
       4537    197.000     8.0907     8.0904   3.634173   3.636382     1.7139      98.75     0.0246 5.1273e-02 3.7527e+02    189.012 288.506470    4.27962    34.9549    34.9789    27.2251    1485.99    1490.25 0.0000e+00
       4559    198.000     8.0902     8.0899   3.634184   3.636407     1.7162      98.75     0.0260 5.1273e-02 3.7295e+02    189.909 288.506480    4.27988    34.9551    34.9792    27.2253    1486.01    1490.23 0.0000e+00
       4580    199.000     8.0903     8.0899   3.634233   3.636461     1.7173      98.75     0.0261 5.1273e-02 3.6997e+02    190.787 288.506491    4.27863    34.9550    34.9793    27.2252    1486.02    1490.21 0.0000e+00
       4601    200.000     8.0903     8.0899   3.634292   3.636507     1.7185      98.75     0.0217 5.1266e-02 3.6442e+02    191.681 288.506501    4.28488    34.9551    34.9793    27.2253    1486.04    1490.19 0.0000e+00
       4623    201.000     8.0898     8.0895   3.634293   3.636509     1.7197      98.75     0.0234 5.1259e-02 3.6016e+02    192.565 288.506511    4.28914    34.9552    34.9792    27.2254    1486.05    1490.17 0.0000e+00
       4644    202.000     8.0895     8.0892   3.634321   3.636531     1.7209      98.75     0.0243 5.1273e-02 3.5485e+02    193.460 288.506522    4.29205    34.9553    34.9793    27.2256    1486.07    1490.15 0.0000e+00
       4666    203.000     8.0892     8.0889   3.634343   3.636558     1.7217      98.74     0.0265 5.1273e-02 3.4999e+02    194.372 288.506532    4.29462    34.9553    34.9794    27.2257    1486.09    1490.13 0.0000e+00
       4687    204.000     8.0892     8.0888   3.634392   3.636611     1.7230      98.73     0.0294 5.1252e-02 3.4557e+02    195.262 288.506542    4.30425    34.9554    34.9796    27.2257    1486.10    1490.11 0.0000e+00
       4709    205.000     8.0890     8.0887   3.634429   3.636648     1.7241      98.73     0.0316 5.1273e-02 3.4177e+02    196.161 288.506553    4.29973    34.9555    34.9796    27.2258    1486.12    1490.09 0.0000e+00
       4731    206.000     8.0888     8.0884   3.634455   3.636672     1.7241      98.73     0.0279 5.1273e-02 3.3686e+02    197.070 288.506563    4.29625    34.9555    34.9796    27.2258    1486.13    1490.07 0.0000e+00
       4752    207.000     8.0886     8.0881   3.634477   3.636690     1.7242      98.70     0.0236 5.1273e-02 3.3284e+02    197.959 288.506574    4.29654    34.9554    34.9796    27.2258    1486.15    1490.05 0.0000e+00
       4774    208.000     8.0885     8.0882   3.634532   3.636753     1.7242      98.64     0.0231 5.1273e-02 3.2977e+02    198.875 288.506584    4.30179    34.9556    34.9797    27.2260    1486.17    1490.03 0.0000e+00
       4796    209.000     8.0886     8.0882   3.634572   3.636796     1.7251      97.68     0.0222 5.1273e-02 3.2852e+02    199.774 288.506595    4.31279    34.9555    34.9797    27.2259    1486.18    1490.01 0.0000e+00
       4817    210.000     8.0882     8.0879   3.634610   3.636819     1.7266      98.62     0.0234 5.1254e-02 3.2738e+02    200.671 288.506605    4.32092    34.9558    34.9798    27.2262    1486.20    1489.99 0.0000e+00
       4839    211.000     8.0881     8.0878   3.634646   3.636864     1.7279      98.75     0.0255 5.1273e-02 3.2499e+02    201.596 288.506616    4.32633    34.9558    34.9799    27.2262    1486.21    1489.98 0.0000e+00
       4861    212.000     8.0881     8.0878   3.634690   3.636909     1.7296      98.75     0.0258 5.1273e-02 3.2653e+02    202.504 288.506626    4.33060    34.9558    34.9799    27.2262    1486.23    1489.96 0.0000e+00
       4883    213.000     8.0880     8.0876   3.634738   3.636956     1.7302      98.75     0.0236 5.1280e-02 3.2656e+02    203.426 288.506637    4.32292    34.9559    34.9801    27.2263    1486.25    1489.94 0.0000e+00
       4905    214.000     8.0882     8.0879   3.634805   3.637027     1.7300      98.75     0.0241 5.1273e-02 3.2656e+02    204.340 288.506647    4.32154    34.9560    34.9801    27.2263    1486.26    1489.92 0.0000e+00
       4927    215.000     8.0882     8.0879   3.634879   3.637106     1.7302      98.75     0.0250 5.1273e-02 3.2824e+02    205.247 288.506658    4.32350    34.9563    34.9804    27.2266    1486.28    1489.91 0.0000e+00
       4949    216.000     8.0883     8.0880   3.634941   3.637159     1.7303      98.75     0.0276 5.1273e-02 3.2963e+02    206.178 288.506669    4.32397    34.9564    34.9804    27.2266    1486.30    1489.89 0.0000e+00
       4971    217.000     8.0881     8.0878   3.634961   3.637182     1.7303      98.75     0.0277 5.1266e-02 3.3247e+02    207.079 288.506679    4.32332    34.9563    34.9804    27.2266    1486.31    1489.87 0.0000e+00
       4993    218.000     8.0883     8.0880   3.635041   3.637260     1.7301      98.75     0.0283 5.1273e-02 3.3715e+02    208.008 288.506690    4.31761    34.9565    34.9805    27.2267    1486.33    1489.86 0.0000e+00
       5016    219.000     8.0890     8.0885   3.635186   3.637378     1.7288      98.75     0.0284 5.1273e-02 3.4454e+02    208.943 288.506701    4.30508    34.9568    34.9808    27.2269    1486.35    1489.84 0.0000e+00
