testdata/CTD/sta0424.cnv
* Sea-Bird SBE 9 Data File:
* FileName = C:\Seabird\CTDData\sta0424.hex
* Software Version Seasave V 7.21f
* Temperature SN = 4557
* Conductivity SN = 1337
* Number of Bytes Per Scan = 40
* Number of Voltage Words = 5
* Number of Scans Averaged by the Deck Unit = 1
* NMEA Latitude = 61 29.08 N
* NMEA Longitude = 005 25.63 E
* NMEA UTC (Time) = Oct 19 2018 14:40:30
* NMEA baud rate = 4800
** Ship: 10 F/F "G. O. Sars"
** Station: 0424
** Echodepth: 312
** Log: 5680.297
** Wind-Dir Force: 14 11
** Air-temp (dry): 11.1
** Weather Sky: 0 0
** Sea Ice: 0 0
# nquan = 20                                
# nvalues = 304                         
# units = specified
# name 0 = scan: Scan Count
# name 1 = prDM: Pressure, Digiquartz [db]
# name 2 = t068C: Temperature [ITS-68, deg C]
# name 3 = t168C: Temperature, 2 [ITS-68, deg C]
# name 4 = c0S/m: Conductivity [S/m]
# name 5 = c1S/m: Conductivity, 2 [S/m]
# name 6 = sbeox0V: Oxygen raw, SBE 43 [V]
# name 7 = altM: Altimeter [m]
# name 8 = flC: Fluorescence, Chelsea Aqua 3 Chl Con [ug/l]
# name 9 = par: PAR/Irradiance, Biospherical/Licor
# name 10 = spar: SPAR/Surface Irradiance
# name 11 = timeS: Time, Elapsed [seconds]
# name 12 = timeJ: Julian Days
# name 13 = sbeox0ML/L: Oxygen, SBE 43 [ml/l], WS = 2
# name 14 = sal00: Salinity, Practical [PSU]
# name 15 = sal11: Salinity, Practical, 2 [PSU]
# name 16 = sigma-t00: Density [sigma-t, Kg/m^3 ]
# name 17 = svCM: Sound Velocity [Chen-Millero, m/s]
# name 18 = avgsvCM: Average Sound Velocity [Chen-Millero, m/s], minP = 1, minS = 5
# name 19 = flag: flag
# span 0 =        680,       7185       
# span 1 =      2.000,    305.000       
# span 2 =     7.6925,    13.8834       
# span 3 =     7.6926,    13.8849       
# span 4 =   2.897039,   3.860858       
# span 5 =   2.879739,   3.862990       
# span 6 =     1.8178,     2.2654       
# span 7 =      12.25,      99.99       
# span 8 =     0.0152,     0.1980       
# span 9 = 5.1240e-02, 8.7728e+00       
# span 10 = 3.4227e+01, 4.6894e+01      
# span 11 =     28.277,    299.353      
# span 12 = 292.611809, 292.614946      
# span 13 =    4.50901,    5.90180      
# span 14 =    24.5059,    35.0632      
# span 15 =    24.3757,    35.0853      
# span 16 =    18.4622,    27.3695      
# span 17 =    1484.19,    1499.36      
# span 18 =    1484.19,    1496.44      
# span 19 = 0.0000e+00, 0.0000e+00      
# interval = decibars: 1                
# start_time = Oct 19 2018 14:40:32 [System UTC, header]
# bad_flag = -9.990e-29
*END*
        680      2.000    11.9581    11.9106   2.897039   2.879739     2.2533      98.84     0.1980 8.7728e+00 4.6894e+01     28.277 292.611809    5.90180    24.5059    24.3757    18.4622    1484.19    1484.19 0.0000e+00
        713      3.000    12.2784    12.2792   3.198947   3.201692     2.2586      98.84     0.1832 4.2777e+00 4.5028e+01     29.668 292.611825    5.80824    27.1061    27.1312    20.4184    1488.42    1485.60 0.0000e+00
        736      4.000    12.2924    12.2947   3.205783   3.207397     2.2654      98.82     0.1664 2.4750e+00 4.6524e+01     30.611 292.611836    5.81049    27.1596    27.1731    20.4573    1488.55    1486.33 0.0000e+00
        757      5.000    12.1996    12.2036   3.219574   3.220335     2.2651      98.79     0.1591 1.7196e+00 4.6649e+01     31.483 292.611846    5.77485    27.3561    27.3603    20.6258    1488.47    1486.76 0.0000e+00
        778      6.000    12.2405    12.2527   3.254454   3.259388     2.2605      98.76     0.1557 1.2514e+00 4.6651e+01     32.356 292.611856    5.71543    27.6535    27.6909    20.8488    1488.99    1487.13 0.0000e+00
        799      7.000    12.5498    12.5541   3.326137   3.329587     2.2523      98.73     0.1476 9.0525e-01 4.6651e+01     33.254 292.611866    5.63657    28.0960    28.1251    21.1352    1490.59    1487.63 0.0000e+00
        821      8.000    12.8126    12.8406   3.405036   3.417867     2.2481      98.71     0.1325 6.6866e-01 4.6651e+01     34.162 292.611877    5.61205    28.6348    28.7331    21.5033    1492.15    1488.19 0.0000e+00
        842      9.000    13.4734    13.4707   3.620899   3.622777     2.2501      98.70     0.1123 5.0206e-01 4.6651e+01     35.056 292.611887    5.50873    30.1269    30.1464    22.5298    1496.15    1489.07 0.0000e+00
        864     10.000    13.5718    13.5715   3.649663   3.651916     2.2528      98.70     0.0866 3.9691e-01 4.6651e+01     35.942 292.611898    5.50360    30.3143    30.3354    22.6552    1496.72    1489.83 0.0000e+00
        885     11.000    13.5861    13.5871   3.652905   3.655534     2.2545      98.69     0.0705 3.2663e-01 4.6651e+01     36.829 292.611908    5.44346    30.3325    30.3560    22.6665    1496.80    1490.46 0.0000e+00
        907     12.000    13.6497    13.6545   3.681995   3.687020     2.2380      98.69     0.0636 2.7299e-01 4.6651e+01     37.736 292.611918    5.29196    30.5499    30.5924    22.8217    1497.28    1491.03 0.0000e+00
        929     13.000    13.7691    13.7738   3.749545   3.755164     2.2142      98.56     0.0598 2.2625e-01 4.6651e+01     38.652 292.611929    5.18558    31.0764    31.1243    23.2043    1498.31    1491.59 0.0000e+00
        950     14.000    13.8834    13.8849   3.804113   3.807036     2.1962      98.40     0.0572 1.9559e-01 4.4979e+01     39.542 292.611939    5.14124    31.4857    31.5114    23.4972    1499.19    1492.13 0.0000e+00
        972     15.000    13.8773    13.8759   3.819473   3.822088     2.1839      98.71     0.0494 1.6866e-01 4.6257e+01     40.441 292.611950    5.12323    31.6318    31.6571    23.6113    1499.36    1492.61 0.0000e+00
        993     16.000    13.6584    13.6563   3.829319   3.831776     2.1727      98.71     0.0440 1.4593e-01 4.6649e+01     41.351 292.611960    5.08622    31.9038    31.9283    23.8656    1498.97    1493.00 0.0000e+00
       1015     17.000    13.6015    13.6021   3.831829   3.834181     2.1554      98.73     0.0442 1.2958e-01 4.6651e+01     42.253 292.611971    5.01079    31.9742    31.9956    23.9314    1498.88    1493.35 0.0000e+00
       1037     18.000    13.5922    13.5928   3.832397   3.834721     2.1379      98.73     0.0414 1.1817e-01 4.6651e+01     43.149 292.611981    4.98918    31.9869    32.0080    23.9430    1498.88    1493.65 0.0000e+00
       1058     19.000    13.5772    13.5780   3.833245   3.835544     2.1294      76.57     0.0395 1.0618e-01 4.6651e+01     44.042 292.611991    5.00470    32.0069    32.0276    23.9615    1498.87    1493.93 0.0000e+00
       1079     20.000    13.5461    13.5469   3.835279   3.837551     2.1246      82.33     0.0399 9.6684e-02 4.6651e+01     44.936 292.612002    5.01106    32.0515    32.0720    24.0022    1498.84    1494.17 0.0000e+00
       1101     21.000    13.4697    13.4698   3.841684   3.843993     2.1221      98.30     0.0440 8.9236e-02 4.6651e+01     45.841 292.612012    5.01794    32.1750    32.1965    24.1130    1498.75    1494.39 0.0000e+00
       1123     22.000    13.4047    13.4047   3.846333   3.848601     2.1201      98.58     0.0402 7.9207e-02 4.6651e+01     46.739 292.612022    5.01285    32.2729    32.2941    24.2017    1498.67    1494.58 0.0000e+00
       1145     23.000    13.3331    13.3331   3.848916   3.851148     2.1174      98.77     0.0374 7.0320e-02 4.6651e+01     47.647 292.612033    5.01774    32.3574    32.3783    24.2813    1498.54    1494.76 0.0000e+00
       1166     24.000    13.2606    13.2602   3.851375   3.853602     2.1171      98.78     0.0358 6.3936e-02 4.6646e+01     48.557 292.612043    5.01814    32.4417    32.4630    24.3609    1498.42    1494.91 0.0000e+00
       1188     25.000    13.2138    13.2136   3.853861   3.856052     2.1131      98.78     0.0372 5.8892e-02 4.3172e+01     49.460 292.612054    4.99583    32.5047    32.5254    24.4188    1498.35    1495.04 0.0000e+00
       1210     26.000    13.1993    13.1997   3.853831   3.856004     2.1095      98.78     0.0323 5.3951e-02 4.6697e+01     50.366 292.612064    4.99017    32.5164    32.5365    24.4308    1498.34    1495.17 0.0000e+00
       1231     27.000    13.1909    13.1913   3.854641   3.856856     2.1061      98.78     0.0333 5.1279e-02 4.6651e+01     51.267 292.612075    4.98014    32.5308    32.5513    24.4436    1498.34    1495.29 0.0000e+00
       1253     28.000    13.1557    13.1555   3.855195   3.857374     2.1023      98.78     0.0349 5.1273e-02 4.6651e+01     52.164 292.612085    4.96517    32.5657    32.5864    24.4776    1498.28    1495.40 0.0000e+00
       1275     29.000    13.1293    13.1292   3.855952   3.858143     2.0973      98.77     0.0391 5.1260e-02 4.6651e+01     53.071 292.612096    4.95196    32.5951    32.6158    24.5055    1498.24    1495.49 0.0000e+00
       1296     30.000    13.0869    13.0866   3.856368   3.858537     2.0935      98.74     0.0395 5.1266e-02 4.6651e+01     53.973 292.612106    4.94898    32.6351    32.6558    24.5448    1498.17    1495.58 0.0000e+00
       1318     31.000    13.0731    13.0735   3.856497   3.858663     2.0901      98.71     0.0380 5.1273e-02 4.6651e+01     54.878 292.612117    4.93781    32.6478    32.6678    24.5574    1498.15    1495.66 0.0000e+00
       1340     32.000    13.0569    13.0572   3.856651   3.858817     2.0852      96.98     0.0362 5.1266e-02 4.6651e+01     55.784 292.612127    4.91725    32.6628    32.6829    24.5722    1498.13    1495.74 0.0000e+00
       1361     33.000    13.0407    13.0405   3.856444   3.858590     2.0804      95.10     0.0366 5.1273e-02 4.6651e+01     56.675 292.612137    4.90943    32.6744    32.6948    24.5843    1498.11    1495.81 0.0000e+00
       1383     34.000    13.0222    13.0218   3.856205   3.858350     2.0769      95.11     0.0361 5.1259e-02 4.6407e+01     57.574 292.612148    4.91117    32.6876    32.7082    24.5983    1498.08    1495.88 0.0000e+00
       1404     35.000    12.9914    12.9911   3.857058   3.859269     2.0752      96.87     0.0346 5.1260e-02 4.2863e+01     58.477 292.612158    4.91373    32.7219    32.7430    24.6308    1498.03    1495.94 0.0000e+00
       1426     36.000    12.9281    12.9279   3.855266   3.857358     2.0733      98.17     0.0324 5.1273e-02 4.6634e+01     59.371 292.612169    4.90830    32.7593    32.7792    24.6722    1497.88    1496.00 0.0000e+00
       1447     37.000    12.8413    12.8418   3.853929   3.855986     2.0700      97.69     0.0346 5.1273e-02 4.6651e+01     60.263 292.612179    4.89928    32.8214    32.8405    24.7373    1497.68    1496.04 0.0000e+00
       1469     38.000    12.8260    12.8269   3.854484   3.856700     2.0665      98.17     0.0354 5.1266e-02 4.6651e+01     61.160 292.612189    4.89037    32.8396    32.8598    24.7543    1497.67    1496.08 0.0000e+00
       1490     39.000    12.8213    12.8207   3.856934   3.859038     2.0627      98.71     0.0355 5.1273e-02 4.6651e+01     62.057 292.612200    4.87155    32.8665    32.8870    24.7761    1497.70    1496.12 0.0000e+00
       1512     40.000    12.7834    12.7838   3.855821   3.857993     2.0578      98.70     0.0370 5.1273e-02 4.6651e+01     62.951 292.612210    4.86442    32.8885    32.9088    24.8005    1497.61    1496.16 0.0000e+00
       1533     41.000    12.7366    12.7361   3.853624   3.855712     2.0551      98.75     0.0346 5.1260e-02 4.6651e+01     63.844 292.612220    4.86503    32.9080    32.9283    24.8247    1497.50    1496.19 0.0000e+00
       1555     42.000    12.6996    12.6998   3.852990   3.855139     2.0514      98.79     0.0349 5.1273e-02 4.6651e+01     64.741 292.612231    4.84857    32.9339    32.9542    24.8520    1497.42    1496.22 0.0000e+00
       1576     43.000    12.7004    12.7014   3.854935   3.857206     2.0465      98.80     0.0344 5.1273e-02 4.6651e+01     65.640 292.612241    4.83094    32.9513    32.9720    24.8653    1497.46    1496.25 0.0000e+00
       1598     44.000    12.6650    12.6655   3.853426   3.855606     2.0420      98.51     0.0332 5.1273e-02 4.6332e+01     66.538 292.612252    4.81943    32.9675    32.9878    24.8847    1497.38    1496.28 0.0000e+00
       1620     45.000    12.6177    12.6167   3.850998   3.853074     2.0367      90.10     0.0347 5.1266e-02 4.5523e+01     67.444 292.612262    4.80602    32.9853    33.0060    24.9076    1497.25    1496.30 0.0000e+00
       1641     46.000    12.5829    12.5824   3.849958   3.852041     2.0320      98.21     0.0346 5.1259e-02 4.5441e+01     68.347 292.612272    4.79834    33.0054    33.0258    24.9300    1497.18    1496.32 0.0000e+00
       1663     47.000    12.5827    12.5842   3.850953   3.853300     2.0277      98.57     0.0339 5.1273e-02 4.2928e+01     69.245 292.612283    4.79109    33.0147    33.0358    24.9372    1497.20    1496.34 0.0000e+00
       1684     48.000    12.6310    12.6336   3.858178   3.860714     2.0249      98.74     0.0326 5.1273e-02 4.3902e+01     70.144 292.612293    4.78679    33.0409    33.0628    24.9482    1497.41    1496.36 0.0000e+00
       1706     49.000    12.6358    12.6361   3.860858   3.862990     2.0234      98.61     0.0337 5.1273e-02 4.4698e+01     71.032 292.612304    4.78470    33.0619    33.0819    24.9635    1497.47    1496.38 0.0000e+00
       1727     50.000    12.5699    12.5707   3.854700   3.856796     2.0215      98.37     0.0330 5.1273e-02 3.4227e+01     71.918 292.612314    4.79100    33.0605    33.0798    24.9752    1497.26    1496.40 0.0000e+00
       1748     51.000    12.4966    12.5004   3.847580   3.850039     2.0220      98.80     0.0306 5.1273e-02 4.4673e+01     72.810 292.612324    4.81736    33.0564    33.0766    24.9861    1497.03    1496.41 0.0000e+00
       1770     52.000    12.4349    12.4359   3.845029   3.847418     2.0239      98.80     0.0344 5.1273e-02 4.4707e+01     73.711 292.612335    4.82277    33.0859    33.1079    25.0208    1496.87    1496.42 0.0000e+00
       1792     53.000    12.4090    12.4091   3.847988   3.850383     2.0225      98.80     0.0374 5.1273e-02 4.4707e+01     74.621 292.612345    4.79737    33.1367    33.1596    25.0652    1496.86    1496.43 0.0000e+00
       1813     54.000    12.3800    12.3756   3.847143   3.848791     2.0188      98.80     0.0383 5.1266e-02 4.4707e+01     75.519 292.612356    4.78307    33.1538    33.1735    25.0840    1496.80    1496.44 0.0000e+00
       1835     55.000    12.2039    12.1963   3.832533   3.833858     2.0151      98.80     0.0372 5.1253e-02 4.4707e+01     76.410 292.612366    4.78676    33.1686    33.1881    25.1290    1496.23    1496.43 0.0000e+00
       1856     56.000    12.1405    12.1337   3.828393   3.830021     2.0110      98.80     0.0344 5.1273e-02 4.4707e+01     77.301 292.612376    4.77652    33.1845    33.2062    25.1533    1496.05    1496.43 0.0000e+00
       1878     57.000    12.0977    12.0977   3.825690   3.827759     2.0059      98.80     0.0329 5.1266e-02 4.4707e+01     78.195 292.612387    4.75399    33.1959    33.2159    25.1703    1495.93    1496.42 0.0000e+00
       1899     58.000    12.0746    12.0745   3.824659   3.826752     1.9987      84.47     0.0349 5.1241e-02 4.2595e+01     79.095 292.612397    4.72805    33.2061    33.2264    25.1825    1495.88    1496.41 0.0000e+00
       1921     59.000    12.0468    12.0459   3.823224   3.825215     1.9929      98.37     0.0336 5.1273e-02 4.3682e+01     79.999 292.612407    4.72379    33.2165    33.2366    25.1959    1495.82    1496.40 0.0000e+00
       1942     60.000    12.0042    12.0032   3.822317   3.824349     1.9881      98.80     0.0334 5.1273e-02 4.4721e+01     80.887 292.612418    4.70869    33.2452    33.2658    25.2262    1495.72    1496.39 0.0000e+00
       1964     61.000    11.9637    11.9634   3.821085   3.823164     1.9812      90.93     0.0307 5.1247e-02 4.4707e+01     81.778 292.612428    4.67875    33.2690    33.2894    25.2522    1495.63    1496.37 0.0000e+00
       1985     62.000    11.9315    11.9321   3.819109   3.821246     1.9745      89.10     0.0324 5.1260e-02 4.4707e+01     82.674 292.612438    4.68157    33.2781    33.2983    25.2653    1495.55    1496.36 0.0000e+00
       2007     63.000    11.8793    11.8796   3.817027   3.819157     1.9717      66.64     0.0364 5.1280e-02 4.4707e+01     83.578 292.612449    4.68632    33.3041    33.3246    25.2953    1495.41    1496.35 0.0000e+00
       2029     64.000    11.9561    11.9459   3.832912   3.834071     1.9685      67.06     0.0346 5.1273e-02 4.4707e+01     84.483 292.612459    4.67344    33.3893    33.4097    25.3470    1495.80    1496.34 0.0000e+00
       2050     65.000    12.0262    12.0272   3.848435   3.850756     1.9672      99.10     0.0356 5.1273e-02 4.4707e+01     85.383 292.612470    4.67171    33.4766    33.4982    25.4016    1496.16    1496.33 0.0000e+00
       2072     66.000    11.8879    11.8872   3.836165   3.838130     1.9677      98.80     0.0325 5.1280e-02 4.4707e+01     86.273 292.612480    4.71329    33.4813    33.5010    25.4312    1495.70    1496.32 0.0000e+00
       2093     67.000    11.7843    11.7812   3.825447   3.827230     1.9734      98.80     0.0299 5.1273e-02 4.4707e+01     87.168 292.612490    4.77528    33.4697    33.4898    25.4415    1495.35    1496.31 0.0000e+00
       2114     68.000    11.7635    11.7640   3.823347   3.825531     1.9817      98.80     0.0302 5.1273e-02 4.4707e+01     88.058 292.612501    4.80098    33.4675    33.4884    25.4437    1495.29    1496.30 0.0000e+00
       2136     69.000    11.7569    11.7584   3.822814   3.825138     1.9866      98.80     0.0314 5.1266e-02 4.4707e+01     88.950 292.612511    4.78827    33.4678    33.4891    25.4452    1495.29    1496.28 0.0000e+00
       2157     70.000    11.7679    11.7688   3.824528   3.826792     1.9870      98.80     0.0311 5.1273e-02 4.1175e+01     89.847 292.612521    4.76083    33.4742    33.4955    25.4481    1495.35    1496.27 0.0000e+00
       2179     71.000    11.7798    11.7807   3.826363   3.828610     1.9843      91.92     0.0337 5.1253e-02 4.4624e+01     90.737 292.612532    4.74041    33.4810    33.5021    25.4512    1495.41    1496.26 0.0000e+00
       2200     72.000    11.7503    11.7499   3.824655   3.826753     1.9823      87.80     0.0345 5.1247e-02 4.4707e+01     91.638 292.612542    4.74910    33.4905    33.5113    25.4640    1495.34    1496.24 0.0000e+00
       2222     73.000    11.7237    11.7234   3.823393   3.825496     1.9817      98.74     0.0337 5.1273e-02 4.4707e+01     92.537 292.612553    4.75102    33.5017    33.5225    25.4777    1495.28    1496.23 0.0000e+00
