testdata/CTD/sta0409.cnv
* Sea-Bird SBE 9 Data File:
* FileName = C:\Seabird\CTDData\sta0409.hex
* Software Version Seasave V 7.21f
* Temperature SN = 4557
* Conductivity SN = 1337
* Number of Bytes Per Scan = 40
* Number of Voltage Words = 5
* Number of Scans Averaged by the Deck Unit = 1
* NMEA Latitude = 60 51.17 N
* NMEA Longitude = 005 21.09 E
* NMEA UTC (Time) = Oct 14 2018 08:07:57
* NMEA baud rate = 4800
** Ship: 10 F/F "G. O. Sars"
** Station: 0409
** Echodepth: 423
** Log: 5341.77
** Wind-Dir Force: 19 17
** Air-temp (dry): 17.5
** Weather Sky: 2 8
** Sea Ice: 3 0
# nquan = 20                                
# nvalues = 417                         
# units = specified
# name 0 = scan: Scan Count
# name 1 = prDM: Pressure, Digiquartz [db]
# name 2 = t068C: Temperature [ITS-68, deg C]
# name 3 = t168C: Temperature, 2 [ITS-68, deg C]
# name 4 = c0S/m: Conductivity [S/m]
# name 5 = c1S/m: Conductivity, 2 [S/m]
# name 6 = sbeox0V: Oxygen raw, SBE 43 [V]
# name 7 = altM: Altimeter [m]
# name 8 = flC: Fluorescence, Chelsea Aqua 3 Chl Con [ug/l]
# name 9 = par: PAR/Irradiance, Biospherical/Licor
# name 10 = spar: SPAR/Surface Irradiance
# name 11 = timeS: Time, Elapsed [seconds]
# name 12 = timeJ: Julian Days
# name 13 = sbeox0ML/L: Oxygen, SBE 43 [ml/l], WS = 2
# name 14 = sal00: Salinity, Practical [PSU]
# name 15 = sal11: Salinity, Practical, 2 [PSU]
# name 16 = sigma-t00: Density [sigma-t, Kg/m^3 ]
# name 17 = svCM: Sound Velocity [Chen-Millero, m/s]
# name 18 = avgsvCM: Average Sound Velocity [Chen-Millero, m/s], minP = 1, minS = 5
# name 19 = flag: flag
# span 0 =        526,       9448       
# span 1 =      4.000,    420.000       
# span 2 =     8.0826,    15.3814       
# span 3 =     8.0821,    15.3758       
# span 4 =   1.620000,   3.934238       
# span 5 =   1.629031,   3.936939       
# span 6 =     0.9852,     2.3329       
# span 7 =      10.80,     108.33       
# span 8 =     0.0225,     0.2411       
# span 9 = 5.1239e-02, 3.6685e+00       
# span 10 = 3.4335e+01, 6.6337e+01      
# span 11 =     21.891,    393.604      
# span 12 = 287.339131, 287.343433      
# span 13 =    1.68104,    6.43646      
# span 14 =    12.9096,    35.0151      
# span 15 =    12.9952,    35.0379      
# span 16 =     9.4725,    27.2577      
# span 17 =    1471.19,    1503.87      
# span 18 =    1471.19,    1497.32      
# span 19 = 0.0000e+00, 0.0000e+00      
# interval = decibars: 1                
# start_time = Oct 14 2018 08:07:59 [System UTC, header]
# bad_flag = -9.990e-29
*END*
[from data line 362]
       8279    366.000     8.1580     8.1577   3.652467   3.654559     1.1921      98.78     0.0360 5.1266e-02 5.8313e+01    344.912 287.342869    2.38823    35.0024    35.0251    27.2522    1489.09    1488.46 0.0000e+00
       8300    367.000     8.1598     8.1595   3.652758   3.654865     1.1873      98.78     0.0350 5.1266e-02 5.8313e+01    345.784 287.342879    2.37546    35.0033    35.0261    27.2526    1489.11    1488.46 0.0000e+00
       8321    368.000     8.1604     8.1600   3.652884   3.654960     1.1825      98.78     0.0366 5.1273e-02 5.8865e+01    346.668 287.342890    2.35902    35.0036    35.0261    27.2527    1489.13    1488.47 0.0000e+00
       8342    369.000     8.1610     8.1610   3.653024   3.655162     1.1776      98.78     0.0359 5.1273e-02 6.0084e+01    347.547 287.342900    2.33867    35.0040    35.0268    27.2530    1489.15    1488.47 0.0000e+00
       8363    370.000     8.1632     8.1629   3.653376   3.655462     1.1726      98.78     0.0327 5.1252e-02 6.0259e+01    348.425 287.342910    2.31757    35.0051    35.0276    27.2535    1489.18    1488.47 0.0000e+00
       8384    371.000     8.1633     8.1631   3.653427   3.655527     1.1670      98.78     0.0352 5.1273e-02 6.0257e+01    349.305 287.342920    2.29641    35.0050    35.0277    27.2535    1489.19    1488.47 0.0000e+00
       8405    372.000     8.1642     8.1640   3.653592   3.655707     1.1617      98.78     0.0392 5.1273e-02 6.0257e+01    350.181 287.342930    2.27241    35.0054    35.0282    27.2536    1489.21    1488.47 0.0000e+00
       8427    373.000     8.1657     8.1652   3.653846   3.655920     1.1552      98.78     0.0389 5.1273e-02 6.0257e+01    351.063 287.342940    2.24250    35.0062    35.0288    27.2540    1489.24    1488.48 0.0000e+00
       8448    374.000     8.1674     8.1671   3.654136   3.656231     1.1487      98.78     0.0369 5.1273e-02 6.0250e+01    351.938 287.342951    2.22088    35.0071    35.0298    27.2544    1489.26    1488.48 0.0000e+00
       8469    375.000     8.1684     8.1680   3.654305   3.656392     1.1426      98.77     0.0378 5.1273e-02 4.9481e+01    352.816 287.342961    2.19956    35.0074    35.0301    27.2546    1489.28    1488.48 0.0000e+00
       8490    376.000     8.1696     8.1688   3.654524   3.656557     1.1361      98.78     0.0389 5.1273e-02 5.9995e+01    353.696 287.342971    2.17158    35.0081    35.0306    27.2549    1489.30    1488.48 0.0000e+00
       8511    377.000     8.1705     8.1706   3.654705   3.656862     1.1291      98.77     0.0373 5.1273e-02 6.0256e+01    354.575 287.342981    2.13659    35.0087    35.0316    27.2552    1489.32    1488.48 0.0000e+00
       8532    378.000     8.1723     8.1720   3.654981   3.657086     1.1209      98.76     0.0365 5.1273e-02 6.0900e+01    355.452 287.342991    2.10205    35.0093    35.0321    27.2555    1489.35    1488.49 0.0000e+00
       8553    379.000     8.1726     8.1722   3.655069   3.657152     1.1129      98.75     0.0372 5.1273e-02 6.1741e+01    356.336 287.343002    2.07634    35.0095    35.0321    27.2555    1489.36    1488.49 0.0000e+00
       8574    380.000     8.1717     8.1712   3.654979   3.657038     1.1052      98.74     0.0368 5.1273e-02 6.2204e+01    357.214 287.343012    2.04833    35.0090    35.0314    27.2553    1489.38    1488.49 0.0000e+00
       8595    381.000     8.1702     8.1699   3.654795   3.656921     1.0972      98.72     0.0361 5.1273e-02 6.2201e+01    358.094 287.343022    2.01697    35.0080    35.0310    27.2547    1489.39    1488.49 0.0000e+00
       8616    382.000     8.1721     8.1717   3.655117   3.657201     1.0891      56.62     0.0358 5.1280e-02 6.2201e+01    358.972 287.343032    1.99824    35.0091    35.0317    27.2553    1489.41    1488.50 0.0000e+00
       8637    383.000     8.1740     8.1739   3.655420   3.657558     1.0834      67.13     0.0352 5.1273e-02 6.2201e+01    359.849 287.343042    2.00878    35.0100    35.0329    27.2557    1489.44    1488.50 0.0000e+00
       8659    384.000     8.1757     8.1754   3.655718   3.657800     1.0807      96.54     0.0360 5.1266e-02 6.2201e+01    360.736 287.343053    2.01687    35.0110    35.0335    27.2562    1489.46    1488.50 0.0000e+00
       8680    385.000     8.1755     8.1750   3.655718   3.657785     1.0787      97.08     0.0403 5.1266e-02 6.0278e+01    361.616 287.343063    2.00783    35.0107    35.0332    27.2560    1489.48    1488.50 0.0000e+00
       8701    386.000     8.1757     8.1753   3.655778   3.657865     1.0753      97.11     0.0422 5.1273e-02 6.2186e+01    362.493 287.343073    1.97632    35.0107    35.0333    27.2560    1489.49    1488.51 0.0000e+00
       8722    387.000     8.1761     8.1752   3.655889   3.657891     1.0698      97.52     0.0417 5.1259e-02 6.2201e+01    363.371 287.343083    1.94040    35.0110    35.0332    27.2562    1489.51    1488.51 0.0000e+00
       8743    388.000     8.1763     8.1759   3.655955   3.658040     1.0637      98.48     0.0431 5.1273e-02 6.2201e+01    364.246 287.343093    1.92101    35.0110    35.0336    27.2562    1489.53    1488.51 0.0000e+00
       8764    389.000     8.1775     8.1772   3.656160   3.658259     1.0582      79.42     0.0446 5.1273e-02 6.2201e+01    365.127 287.343103    1.90912    35.0115    35.0342    27.2564    1489.55    1488.51 0.0000e+00
       8785    390.000     8.1779     8.1779   3.656254   3.658383     1.0540      40.43     0.0415 5.1273e-02 6.2251e+01    366.004 287.343113    1.91041    35.0116    35.0344    27.2564    1489.57    1488.52 0.0000e+00
       8806    391.000     8.1777     8.1765   3.656261   3.658249     1.0514      91.53     0.0400 5.1273e-02 -9.990e-29    366.878 287.343124    1.90422    35.0114    35.0338    27.2563    1489.58    1488.52 0.0000e+00
       8827    392.000     8.1770     8.1774   3.656215   3.658398     1.0477      62.49     0.0412 5.1273e-02 -9.990e-29    367.762 287.343134    1.88173    35.0112    35.0341    27.2562    1489.60    1488.52 0.0000e+00
       8848    393.000     8.1777     8.1775   3.656326   3.658456     1.0437      59.76     0.0404 5.1266e-02 -9.990e-29    368.634 287.343144    1.87221    35.0112    35.0341    27.2561    1489.62    1488.52 0.0000e+00
       8869    394.000     8.1793     8.1792   3.656606   3.658745     1.0406      99.15     0.0405 5.1273e-02 -9.990e-29    369.510 287.343154    1.86932    35.0121    35.0350    27.2566    1489.64    1488.53 0.0000e+00
       8891    395.000     8.1803     8.1799   3.656793   3.658898     1.0382      71.59     0.0417 5.1273e-02 6.3571e+01    370.397 287.343164    1.86659    35.0126    35.0355    27.2568    1489.66    1488.53 0.0000e+00
       8912    396.000     8.1806     8.1803   3.656880   3.658981     1.0362      35.42     0.0419 5.1280e-02 6.4128e+01    371.274 287.343175    1.86135    35.0128    35.0355    27.2569    1489.68    1488.53 0.0000e+00
       8933    397.000     8.1809     8.1808   3.656948   3.659075     1.0342      33.94     0.0398 5.1273e-02 6.3654e+01    372.154 287.343185    1.84703    35.0127    35.0355    27.2568    1489.70    1488.54 0.0000e+00
       8954    398.000     8.1812     8.1810   3.657033   3.659149     1.0308      33.06     0.0401 5.1273e-02 6.2235e+01    373.028 287.343195    1.82500    35.0129    35.0356    27.2569    1489.71    1488.54 0.0000e+00
       8975    399.000     8.1816     8.1814   3.657133   3.659243     1.0270      32.02     0.0399 5.1280e-02 6.4121e+01    373.906 287.343205    1.81256    35.0131    35.0358    27.2570    1489.73    1488.54 0.0000e+00
       8996    400.000     8.1829     8.1825   3.657355   3.659443     1.0237      30.98     0.0421 5.1273e-02 6.4830e+01    374.790 287.343215    1.80258    35.0137    35.0363    27.2572    1489.75    1488.54 0.0000e+00
       9017    401.000     8.1831     8.1829   3.657419   3.659543     1.0205      30.01     0.0403 5.1273e-02 -9.990e-29    375.663 287.343225    1.79428    35.0137    35.0365    27.2572    1489.77    1488.55 0.0000e+00
       9038    402.000     8.1832     8.1829   3.657476   3.659585     1.0176      28.97     0.0395 5.1287e-02 -9.990e-29    376.540 287.343235    1.78323    35.0137    35.0365    27.2572    1489.79    1488.55 0.0000e+00
       9059    403.000     8.1833     8.1830   3.657533   3.659636     1.0143      27.91     0.0377 5.1287e-02 -9.990e-29    377.427 287.343246    1.76788    35.0137    35.0365    27.2572    1489.81    1488.55 0.0000e+00
       9080    404.000     8.1834     8.1830   3.657582   3.659690     1.0107      27.02     0.0380 5.1273e-02 -9.990e-29    378.302 287.343256    1.75557    35.0137    35.0366    27.2572    1489.82    1488.56 0.0000e+00
       9101    405.000     8.1834     8.1831   3.657626   3.659735     1.0075      25.85     0.0368 5.1273e-02 6.6036e+01    379.184 287.343266    1.74964    35.0137    35.0365    27.2572    1489.84    1488.56 0.0000e+00
       9123    406.000     8.1833     8.1831   3.657657   3.659771     1.0050      24.92     0.0348 5.1266e-02 6.6089e+01    380.063 287.343276    1.74793    35.0136    35.0364    27.2572    1489.86    1488.56 0.0000e+00
       9144    407.000     8.1832     8.1830   3.657679   3.659793     1.0031      24.00     0.0355 5.1286e-02 6.5939e+01    380.940 287.343286    1.74439    35.0135    35.0362    27.2571    1489.87    1488.57 0.0000e+00
       9165    408.000     8.1833     8.1830   3.657726   3.659831     1.0014      23.05     0.0398 5.1280e-02 6.4978e+01    381.828 287.343297    1.74467    35.0134    35.0362    27.2570    1489.89    1488.57 0.0000e+00
       9186    409.000     8.1836     8.1832   3.657801   3.659900     1.0005      22.00     0.0389 5.1280e-02 6.6090e+01    382.709 287.343307    1.74730    35.0134    35.0362    27.2570    1489.91    1488.57 0.0000e+00
       9207    410.000     8.1839     8.1835   3.657883   3.659968     0.9999      21.00     0.0371 5.1287e-02 6.6089e+01    383.590 287.343317    1.74906    35.0135    35.0362    27.2570    1489.92    1488.58 0.0000e+00
       9228    411.000     8.1841     8.1839   3.657953   3.660058     0.9998      20.01     0.0359 5.1294e-02 6.6089e+01    384.471 287.343327    1.75247    35.0136    35.0363    27.2570    1489.94    1488.58 0.0000e+00
       9249    412.000     8.1844     8.1842   3.658047   3.660157     0.9998      19.00     0.0382 5.1294e-02 6.6089e+01    385.349 287.343337    1.75300    35.0139    35.0366    27.2572    1489.96    1488.58 0.0000e+00
       9271    413.000     8.1856     8.1856   3.658245   3.660394     0.9998      18.03     0.0388 5.1273e-02 6.6089e+01    386.236 287.343348    1.75101    35.0143    35.0372    27.2573    1489.98    1488.59 0.0000e+00
       9292    414.000     8.1856     8.1854   3.658274   3.660413     0.9993      17.17     0.0427 5.1294e-02 6.6089e+01    387.121 287.343358    1.74319    35.0141    35.0371    27.2572    1490.00    1488.59 0.0000e+00
       9313    415.000     8.1867     8.1867   3.658482   3.660631     0.9983      16.14     0.0452 5.1301e-02 6.6089e+01    387.995 287.343368    1.73407    35.0148    35.0377    27.2575    1490.02    1488.59 0.0000e+00
       9334    416.000     8.1872     8.1869   3.658595   3.660699     0.9966      15.06     0.0442 5.1273e-02 6.6089e+01    388.883 287.343378    1.72354    35.0150    35.0378    27.2577    1490.04    1488.60 0.0000e+00
       9355    417.000     8.1874     8.1871   3.658664   3.660758     0.9949      14.08     0.0413 5.1294e-02 6.6089e+01    389.763 287.343388    1.71798    35.0151    35.0377    27.2577    1490.05    1488.60 0.0000e+00
       9376    418.000     8.1874     8.1871   3.658697   3.660804     0.9929      13.06     0.0429 5.1299e-02 6.5623e+01    390.641 287.343399    1.70371    35.0150    35.0377    27.2576    1490.07    1488.60 0.0000e+00
       9398    419.000     8.1874     8.1872   3.658749   3.660849     0.9900      12.08     0.0408 5.1280e-02 6.5251e+01    391.525 287.343409    1.68926    35.0150    35.0376    27.2576    1490.09    1488.61 0.0000e+00
       9448    420.000     8.1879     8.1875   3.658826   3.660943     0.9852      10.80     0.0391 5.1296e-02 6.6337e+01    393.604 287.343433    1.68104    35.0149    35.0379    27.2574    1490.10    1488.61 0.0000e+00
