testdata/CTD/sta0418.cnv
* Sea-Bird SBE 9 Data File:
* FileName = C:\Seabird\CTDData\sta0418.hex
* Software Version Seasave V 7.21f
* Temperature SN = 4557
* Conductivity SN = 1337
* Number of Bytes Per Scan = 40
* Number of Voltage Words = 5
* Number of Scans Averaged by the Deck Unit = 1
* NMEA Latitude = 61 28.97 N
* NMEA Longitude = 005 20.87 E
* NMEA UTC (Time) = Oct 17 2018 02:45:36
* NMEA baud rate = 4800
** Ship: 10 F/F "G. O. Sars"
** Station: 0418
** Echodepth: 339
** Log: 5571.53
** Wind-Dir Force: 12 04
** Air-temp (dry): 13.7
** Weather Sky: 0 0
** Sea Ice: 0 0
# nquan = 20                                
# nvalues = 337                         
# units = specified
# name 0 = scan: Scan Count
# name 1 = prDM: Pressure, Digiquartz [db]
# name 2 = t068C: Temperature [ITS-68, deg C]
# name 3 = t168C: Temperature, 2 [ITS-68, deg C]
# name 4 = c0S/m: Conductivity [S/m]
# name 5 = c1S/m: Conductivity, 2 [S/m]
# name 6 = sbeox0V: Oxygen raw, SBE 43 [V]
# name 7 = altM: Altimeter [m]
# name 8 = flC: Fluorescence, Chelsea Aqua 3 Chl Con [ug/l]
# name 9 = par: PAR/Irradiance, Biospherical/Licor
# name 10 = spar: SPAR/Surface Irradiance
# name 11 = timeS: Time, Elapsed [seconds]
# name 12 = timeJ: Julian Days
# name 13 = sbeox0ML/L: Oxygen, SBE 43 [ml/l], WS = 2
# name 14 = sal00: Salinity, Practical [PSU]
# name 15 = sal11: Salinity, Practical, 2 [PSU]
# name 16 = sigma-t00: Density [sigma-t, Kg/m^3 ]
# name 17 = svCM: Sound Velocity [Chen-Millero, m/s]
# name 18 = avgsvCM: Average Sound Velocity [Chen-Millero, m/s], minP = 1, minS = 5
# name 19 = flag: flag
# span 0 =        366,       7952       
# span 1 =      3.000,    339.000       
# span 2 =     7.6848,    13.9043       
# span 3 =     7.6845,    13.9096       
# span 4 =   3.504644,   3.885134       
# span 5 =   3.516320,   3.887187       
# span 6 =     1.8497,     2.1944       
# span 7 =       7.26,      99.90       
# span 8 =     0.0140,     0.0855       
# span 9 = 5.1231e-02, 5.4925e-01       
# span 10 = 1.9438e+00, 1.9438e+00      
# span 11 =     15.213,    331.273      
# span 12 = 290.115188, 290.118846      
# span 13 =    4.66394,    5.38682      
# span 14 =    29.1964,    35.0649      
# span 15 =    29.2891,    35.0856      
# span 16 =    21.8466,    27.3720      
# span 17 =    1484.28,    1499.15      
# span 18 =    1488.33,    1497.31      
# span 19 = 0.0000e+00, 0.0000e+00      
# interval = decibars: 1                
# start_time = Oct 17 2018 02:45:37 [System UTC, header]
# bad_flag = -9.990e-29
*END*
[from data line 290]
       6590    293.000     7.6972     7.6969   3.611917   3.613806     1.9872      76.34     0.0223 5.1273e-02 1.9438e+00    274.561 290.118189    5.33301    35.0626    35.0834    27.3685    1486.22    1488.60 0.0000e+00
       6612    294.000     7.6973     7.6971   3.611984   3.613874     1.9869      87.78     0.0204 5.1273e-02 1.9438e+00    275.454 290.118200    5.34280    35.0628    35.0834    27.3686    1486.23    1488.59 0.0000e+00
       6633    295.000     7.6975     7.6972   3.612058   3.613943     1.9873      98.38     0.0179 5.1273e-02 1.9438e+00    276.347 290.118210    5.34639    35.0629    35.0836    27.3686    1486.25    1488.58 0.0000e+00
       6655    296.000     7.6970     7.6967   3.612060   3.613958     1.9878      91.68     0.0185 5.1259e-02 1.9438e+00    277.239 290.118220    5.34406    35.0629    35.0837    27.3687    1486.27    1488.57 0.0000e+00
       6676    297.000     7.6969     7.6967   3.612105   3.613990     1.9874      68.11     0.0173 5.1273e-02 1.9438e+00    278.131 290.118231    5.34966    35.0630    35.0836    27.3688    1486.28    1488.57 0.0000e+00
       6698    298.000     7.6966     7.6966   3.612115   3.614029     1.9887      98.74     0.0167 5.1273e-02 1.9438e+00    279.030 290.118241    5.35912    35.0629    35.0836    27.3688    1486.30    1488.56 0.0000e+00
       6719    299.000     7.6966     7.6963   3.612161   3.614054     1.9894      98.45     0.0225 5.1273e-02 1.9438e+00    279.922 290.118251    5.35578    35.0630    35.0837    27.3688    1486.31    1488.55 0.0000e+00
       6741    300.000     7.6959     7.6955   3.612146   3.614024     1.9892      63.79     0.0210 5.1266e-02 1.9438e+00    280.814 290.118262    5.35275    35.0630    35.0837    27.3689    1486.33    1488.54 0.0000e+00
       6762    301.000     7.6953     7.6951   3.612148   3.614037     1.9897      98.82     0.0209 5.1287e-02 1.9438e+00    281.714 290.118272    5.36176    35.0631    35.0838    27.3691    1486.34    1488.54 0.0000e+00
       6784    302.000     7.6952     7.6950   3.612187   3.614086     1.9903      91.69     0.0194 5.1266e-02 1.9438e+00    282.609 290.118283    5.35526    35.0632    35.0839    27.3692    1486.36    1488.53 0.0000e+00
       6805    303.000     7.6953     7.6951   3.612235   3.614132     1.9893      40.82     0.0179 5.1273e-02 1.9438e+00    283.506 290.118293    5.35209    35.0631    35.0838    27.3691    1486.37    1488.52 0.0000e+00
       6827    304.000     7.6953     7.6951   3.612296   3.614182     1.9898      67.91     0.0205 5.1273e-02 -9.990e-29    284.405 290.118303    5.36419    35.0633    35.0839    27.3693    1486.39    1488.52 0.0000e+00
       6848    305.000     7.6952     7.6950   3.612333   3.614224     1.9902      86.44     0.0210 5.1266e-02 -9.990e-29    285.300 290.118314    5.35466    35.0633    35.0839    27.3693    1486.41    1488.51 0.0000e+00
       6870    306.000     7.6952     7.6949   3.612380   3.614265     1.9893      65.59     0.0217 5.1273e-02 -9.990e-29    286.194 290.118324    5.35470    35.0633    35.0840    27.3693    1486.42    1488.50 0.0000e+00
       6891    307.000     7.6946     7.6943   3.612391   3.614282     1.9894      98.27     0.0230 5.1273e-02 1.9438e+00    287.071 290.118334    5.35194    35.0636    35.0843    27.3696    1486.44    1488.50 0.0000e+00
       6912    308.000     7.6944     7.6940   3.612429   3.614316     1.9880      66.92     0.0208 5.1280e-02 1.9438e+00    287.953 290.118344    5.33638    35.0637    35.0845    27.3697    1486.45    1488.49 0.0000e+00
       6933    309.000     7.6944     7.6942   3.612506   3.614398     1.9864      35.33     0.0201 5.1252e-02 1.9438e+00    288.840 290.118355    5.33649    35.0640    35.0847    27.3700    1486.47    1488.48 0.0000e+00
       6954    310.000     7.6945     7.6942   3.612558   3.614455     1.9857      58.22     0.0237 5.1273e-02 1.9438e+00    289.717 290.118365    5.34928    35.0640    35.0848    27.3699    1486.49    1488.48 0.0000e+00
       6975    311.000     7.6943     7.6941   3.612595   3.614481     1.9867      93.62     0.0225 5.1259e-02 1.9438e+00    290.595 290.118375    5.35287    35.0641    35.0847    27.3701    1486.50    1488.47 0.0000e+00
       6996    312.000     7.6941     7.6938   3.612622   3.614513     1.9861      31.52     0.0209 5.1273e-02 1.9438e+00    291.470 290.118385    5.35104    35.0641    35.0849    27.3701    1486.52    1488.46 0.0000e+00
       7017    313.000     7.6940     7.6937   3.612673   3.614549     1.9868      31.92     0.0226 5.1273e-02 -9.990e-29    292.347 290.118395    5.35222    35.0643    35.0849    27.3702    1486.54    1488.46 0.0000e+00
       7038    314.000     7.6934     7.6931   3.612658   3.614536     1.9860      31.10     0.0214 5.1273e-02 -9.990e-29    293.226 290.118405    5.34447    35.0643    35.0849    27.3703    1486.55    1488.45 0.0000e+00
       7060    315.000     7.6928     7.6925   3.612638   3.614529     1.9857      29.95     0.0168 5.1273e-02 -9.990e-29    294.107 290.118416    5.35113    35.0642    35.0849    27.3703    1486.56    1488.45 0.0000e+00
       7081    316.000     7.6920     7.6917   3.612624   3.614510     1.9860      28.84     0.0140 5.1273e-02 -9.990e-29    294.984 290.118426    5.35047    35.0643    35.0850    27.3706    1486.58    1488.44 0.0000e+00
       7102    317.000     7.6906     7.6903   3.612541   3.614428     1.9852      27.78     0.0163 5.1280e-02 1.9438e+00    295.866 290.118436    5.33676    35.0643    35.0850    27.3708    1486.59    1488.43 0.0000e+00
       7123    318.000     7.6903     7.6899   3.612558   3.614440     1.9837      26.76     0.0181 5.1273e-02 1.9438e+00    296.740 290.118446    5.32984    35.0643    35.0851    27.3708    1486.60    1488.43 0.0000e+00
       7144    319.000     7.6896     7.6892   3.612547   3.614423     1.9823      25.84     0.0190 5.1280e-02 1.9438e+00    297.620 290.118456    5.32774    35.0644    35.0851    27.3710    1486.62    1488.42 0.0000e+00
       7165    320.000     7.6895     7.6891   3.612586   3.614462     1.9811      24.90     0.0172 5.1273e-02 1.9438e+00    298.499 290.118466    5.33394    35.0645    35.0852    27.3710    1486.63    1488.42 0.0000e+00
       7186    321.000     7.6892     7.6890   3.612610   3.614490     1.9813      23.82     0.0197 5.1273e-02 1.9438e+00    299.379 290.118477    5.33602    35.0646    35.0851    27.3711    1486.65    1488.41 0.0000e+00
       7207    322.000     7.6892     7.6890   3.612653   3.614538     1.9808      22.81     0.0202 5.1280e-02 1.9438e+00    300.264 290.118487    5.33329    35.0645    35.0851    27.3711    1486.67    1488.41 0.0000e+00
       7228    323.000     7.6879     7.6876   3.612582   3.614455     1.9803      21.82     0.0183 5.1308e-02 -9.990e-29    301.145 290.118497    5.32595    35.0646    35.0851    27.3714    1486.68    1488.40 0.0000e+00
       7250    324.000     7.6875     7.6870   3.612573   3.614443     1.9789      20.90     0.0189 5.1293e-02 -9.990e-29    302.023 290.118507    5.32430    35.0644    35.0851    27.3713    1486.69    1488.39 0.0000e+00
       7271    325.000     7.6869     7.6866   3.612572   3.614467     1.9790      19.94     0.0218 5.1294e-02 -9.990e-29    302.902 290.118517    5.33409    35.0645    35.0853    27.3715    1486.71    1488.39 0.0000e+00
       7292    326.000     7.6870     7.6867   3.612627   3.614514     1.9786      18.86     0.0223 5.1273e-02 1.9438e+00    303.784 290.118528    5.32536    35.0645    35.0852    27.3714    1486.72    1488.38 0.0000e+00
       7313    327.000     7.6870     7.6867   3.612668   3.614569     1.9776      17.86     0.0232 5.1294e-02 1.9438e+00    304.663 290.118538    5.31946    35.0645    35.0853    27.3714    1486.74    1488.38 0.0000e+00
       7334    328.000     7.6864     7.6862   3.612676   3.614555     1.9767      16.86     0.0241 5.1266e-02 1.9438e+00    305.543 290.118548    5.31354    35.0647    35.0852    27.3717    1486.75    1488.37 0.0000e+00
       7355    329.000     7.6860     7.6858   3.612685   3.614562     1.9750      15.86     0.0270 5.1287e-02 1.9438e+00    306.415 290.118558    5.29893    35.0647    35.0852    27.3717    1486.77    1488.37 0.0000e+00
       7376    330.000     7.6859     7.6857   3.612723   3.614613     1.9725      14.89     0.0227 5.1307e-02 1.9438e+00    307.289 290.118568    5.28891    35.0647    35.0854    27.3718    1486.79    1488.36 0.0000e+00
       7716    331.000     7.6890     7.6885   3.613010   3.614893     1.9705      13.31     0.0214 5.1306e-02 1.9438e+00    321.440 290.118732    5.29766    35.0642    35.0851    27.3709    1486.81    1488.36 0.0000e+00
       7808    332.000     7.6880     7.6885   3.612987   3.614940     1.9688      12.57     0.0199 5.1290e-02 1.9438e+00    325.281 290.118776    5.28714    35.0645    35.0851    27.3713    1486.83    1488.36 0.0000e+00
       7827    333.000     7.6857     7.6861   3.612833   3.614767     1.9677      11.77     0.0181 5.1280e-02 1.9438e+00    326.092 290.118786    5.28636    35.0647    35.0852    27.3717    1486.83    1488.35 0.0000e+00
       7847    334.000     7.6848     7.6845   3.612812   3.614703     1.9666      10.85     0.0170 5.1316e-02 1.9438e+00    326.932 290.118795    5.28134    35.0648    35.0856    27.3720    1486.85    1488.35 0.0000e+00
       7868    335.000     7.6849     7.6847   3.612859   3.614748     1.9653       9.85     0.0178 5.1300e-02 1.9438e+00    327.803 290.118806    5.27487    35.0648    35.0854    27.3720    1486.86    1488.34 0.0000e+00
       7889    336.000     7.6850     7.6848   3.612925   3.614805     1.9636       8.88     0.0217 5.1314e-02 1.9438e+00    328.669 290.118816    5.26140    35.0649    35.0854    27.3720    1486.88    1488.34 0.0000e+00
       7910    337.000     7.6851     7.6848   3.612954   3.614846     1.9610       8.00     0.0209 5.1321e-02 1.9438e+00    329.530 290.118826    5.24534    35.0646    35.0854    27.3718    1486.90    1488.33 0.0000e+00
       7931    338.000     7.6851     7.6849   3.613012   3.614896     1.9579       7.26     0.0226 5.1315e-02 -9.990e-29    330.401 290.118836    5.23476    35.0648    35.0853    27.3719    1486.91    1488.33 0.0000e+00
       7952    339.000     7.6852     7.6849   3.613061   3.614941     1.9553      46.58     0.0236 5.1311e-02 -9.990e-29    331.273 290.118846    5.23064    35.0647    35.0853    27.3719    1486.93    1488.33 0.0000e+00
