testdata/CTD/sta0422.cnv
* Sea-Bird SBE 9 Data File:
* FileName = C:\Seabird\CTDData\sta0422.hex
* Software Version Seasave V 7.21f
* Temperature SN = 4557
* Conductivity SN = 1337
* Number of Bytes Per Scan = 40
* Number of Voltage Words = 5
* Number of Scans Averaged by the Deck Unit = 1
* NMEA Latitude = 61 29.31 N
* NMEA Longitude = 005 16.04 E
* NMEA UTC (Time) = Oct 18 2018 17:12:55
* NMEA baud rate = 4800
** Ship: 10 F/F "G. O. Sars"
** Station: 0422
** Echodepth: 371
** Log: 5652.83
** Wind-Dir Force: 66 02
** Air-temp (dry): 8.1
** Weather Sky: 1 4
** Sea Ice: 2 0
# nquan = 20                                
# nvalues = 363                         
# units = specified
# name 0 = scan: Scan Count
# name 1 = prDM: Pressure, Digiquartz [db]
# name 2 = t068C: Temperature [ITS-68, deg C]
# name 3 = t168C: Temperature, 2 [ITS-68, deg C]
# name 4 = c0S/m: Conductivity [S/m]
# name 5 = c1S/m: Conductivity, 2 [S/m]
# name 6 = sbeox0V: Oxygen raw, SBE 43 [V]
# name 7 = altM: Altimeter [m]
# name 8 = flC: Fluorescence, Chelsea Aqua 3 Chl Con [ug/l]
# name 9 = par: PAR/Irradiance, Biospherical/Licor
# name 10 = spar: SPAR/Surface Irradiance
# name 11 = timeS: Time, Elapsed [seconds]
# name 12 = timeJ: Julian Days
# name 13 = sbeox0ML/L: Oxygen, SBE 43 [ml/l], WS = 2
# name 14 = sal00: Salinity, Practical [PSU]
# name 15 = sal11: Salinity, Practical, 2 [PSU]
# name 16 = sigma-t00: Density [sigma-t, Kg/m^3 ]
# name 17 = svCM: Sound Velocity [Chen-Millero, m/s]
# name 18 = avgsvCM: Average Sound Velocity [Chen-Millero, m/s], minP = 1, minS = 5
# name 19 = flag: flag
# span 0 =        635,       8398       
# span 1 =      4.000,    366.000       
# span 2 =     7.6820,    13.8130       
# span 3 =     7.6816,    13.8147       
# span 4 =   3.221926,   3.882989       
# span 5 =   3.218178,   3.885136       
# span 6 =     1.8578,     2.2651       
# span 7 =      11.41,     100.01       
# span 8 =     0.0138,     0.1925       
# span 9 = 5.1225e-02, 4.3306e-01       
# span 10 = 1.2764e+00, 3.5534e+00      
# span 11 =     26.412,    349.871      
# span 12 = 291.717644, 291.721387      
# span 13 =    4.62367,    5.80715      
# span 14 =    27.5139,    35.0613      
# span 15 =    27.4913,    35.0839      
# span 16 =    20.7806,    27.3694      
# span 17 =    1484.45,    1499.14      
# span 18 =    1488.00,    1496.40      
# span 19 = 0.0000e+00, 0.0000e+00      
# interval = decibars: 1                
# start_time = Oct 18 2018 17:12:58 [System UTC, header]
# bad_flag = -9.990e-29
*END*
[from data line 218]
       5302    222.000     7.7966     7.7959   3.614998   3.617056     1.9803      98.75     0.0230 5.1273e-02 1.9438e+00    220.888 291.719894    5.25600    35.0307    35.0536    27.3287    1485.39    1490.01 0.0000e+00
       5324    223.000     7.7909     7.7909   3.614617   3.616711     1.9794      98.75     0.0236 5.1273e-02 -9.990e-29    221.779 291.719905    5.25397    35.0318    35.0544    27.3304    1485.38    1489.99 0.0000e+00
       5346    224.000     7.7806     7.7807   3.613877   3.615997     1.9805      98.75     0.0213 5.1266e-02 -9.990e-29    222.698 291.719915    5.27296    35.0337    35.0564    27.3334    1485.36    1489.97 0.0000e+00
       5368    225.000     7.7744     7.7741   3.613421   3.615502     1.9819      98.75     0.0198 5.1273e-02 -9.990e-29    223.606 291.719926    5.27696    35.0345    35.0572    27.3349    1485.36    1489.95 0.0000e+00
       5390    226.000     7.7721     7.7717   3.613313   3.615383     1.9829      98.75     0.0213 5.1273e-02 -9.990e-29    224.544 291.719937    5.28228    35.0351    35.0579    27.3358    1485.36    1489.93 0.0000e+00
       5412    227.000     7.7718     7.7713   3.613405   3.615539     1.9845      98.74     0.0221 5.1260e-02 -9.990e-29    225.477 291.719948    5.29199    35.0359    35.0595    27.3365    1485.38    1489.91 0.0000e+00
       5435    228.000     7.7723     7.7720   3.613717   3.615802     1.9859      98.73     0.0210 5.1280e-02 -9.990e-29    226.401 291.719958    5.29563    35.0383    35.0611    27.3383    1485.40    1489.89 0.0000e+00
       5457    229.000     7.7650     7.7650   3.613221   3.615323     1.9870      98.68     0.0167 5.1266e-02 -9.990e-29    227.327 291.719969    5.29220    35.0398    35.0625    27.3405    1485.39    1489.87 0.0000e+00
       5478    230.000     7.7577     7.7575   3.612568   3.614650     1.9870      98.47     0.0138 5.1266e-02 -9.990e-29    228.227 291.719979    5.29339    35.0396    35.0623    27.3414    1485.38    1489.85 0.0000e+00
       5500    231.000     7.7540     7.7541   3.612277   3.614384     1.9879      98.58     0.0172 5.1273e-02 1.9438e+00    229.133 291.719990    5.30507    35.0397    35.0623    27.3420    1485.38    1489.83 0.0000e+00
       5522    232.000     7.7491     7.7489   3.611925   3.614012     1.9891      98.67     0.0229 5.1273e-02 1.9438e+00    230.043 291.720000    5.30583    35.0403    35.0630    27.3432    1485.38    1489.81 0.0000e+00
       5544    233.000     7.7351     7.7350   3.610811   3.612901     1.9892      98.70     0.0225 5.1273e-02 1.9438e+00    230.943 291.720011    5.30298    35.0418    35.0645    27.3465    1485.35    1489.79 0.0000e+00
       5565    234.000     7.7297     7.7292   3.610428   3.612487     1.9892      98.71     0.0220 5.1273e-02 1.9438e+00    231.849 291.720021    5.30802    35.0426    35.0654    27.3479    1485.34    1489.77 0.0000e+00
       5587    235.000     7.7292     7.7287   3.610463   3.612510     1.9901      98.74     0.0227 5.1273e-02 1.9438e+00    232.741 291.720032    5.31977    35.0430    35.0656    27.3483    1485.36    1489.75 0.0000e+00
       5608    236.000     7.7231     7.7230   3.610010   3.612096     1.9916      98.75     0.0197 5.1273e-02 1.9438e+00    233.641 291.720042    5.33022    35.0438    35.0664    27.3498    1485.35    1489.74 0.0000e+00
       5630    237.000     7.7177     7.7172   3.609695   3.611757     1.9930      98.75     0.0212 5.1266e-02 -9.990e-29    234.560 291.720053    5.32878    35.0453    35.0681    27.3518    1485.35    1489.72 0.0000e+00
       5652    238.000     7.7174     7.7169   3.609708   3.611769     1.9932      98.75     0.0212 5.1273e-02 -9.990e-29    235.463 291.720063    5.32179    35.0452    35.0680    27.3518    1485.37    1489.70 0.0000e+00
       5674    239.000     7.7153     7.7149   3.609564   3.611631     1.9930      98.76     0.0201 5.1273e-02 -9.990e-29    236.384 291.720074    5.32109    35.0453    35.0681    27.3522    1485.38    1489.68 0.0000e+00
       5696    240.000     7.7139     7.7134   3.609494   3.611553     1.9929      98.76     0.0183 5.1273e-02 1.9438e+00    237.291 291.720084    5.32359    35.0455    35.0682    27.3525    1485.39    1489.66 0.0000e+00
       5717    241.000     7.7133     7.7128   3.609522   3.611574     1.9930      98.76     0.0181 5.1273e-02 1.9438e+00    238.171 291.720095    5.32510    35.0459    35.0686    27.3529    1485.40    1489.65 0.0000e+00
       5738    242.000     7.7139     7.7135   3.609647   3.611724     1.9930      98.76     0.0196 5.1266e-02 1.9438e+00    239.057 291.720105    5.32393    35.0462    35.0690    27.3530    1485.42    1489.63 0.0000e+00
       5760    243.000     7.7131     7.7128   3.609682   3.611751     1.9929      98.76     0.0218 5.1273e-02 1.9438e+00    239.952 291.720115    5.31985    35.0468    35.0695    27.3537    1485.43    1489.61 0.0000e+00
       5782    244.000     7.7140     7.7136   3.609889   3.611957     1.9918      98.76     0.0236 5.1273e-02 1.9438e+00    240.857 291.720126    5.31482    35.0477    35.0705    27.3542    1485.46    1489.59 0.0000e+00
       5803    245.000     7.7126     7.7121   3.609839   3.611918     1.9915      98.76     0.0234 5.1273e-02 1.9438e+00    241.760 291.720136    5.31660    35.0481    35.0711    27.3547    1485.47    1489.58 0.0000e+00
       5824    246.000     7.7128     7.7123   3.609936   3.611982     1.9907      98.76     0.0236 5.1273e-02 -9.990e-29    242.638 291.720146    5.31138    35.0484    35.0711    27.3550    1485.49    1489.56 0.0000e+00
       5845    247.000     7.7130     7.7125   3.610000   3.612065     1.9900      98.76     0.0234 5.1280e-02 -9.990e-29    243.513 291.720156    5.31196    35.0484    35.0713    27.3550    1485.50    1489.54 0.0000e+00
       5867    248.000     7.7133     7.7129   3.610088   3.612152     1.9898      98.76     0.0234 5.1273e-02 -9.990e-29    244.400 291.720167    5.31885    35.0486    35.0713    27.3551    1485.52    1489.53 0.0000e+00
       5888    249.000     7.7131     7.7126   3.610114   3.612174     1.9900      98.76     0.0235 5.1267e-02 -9.990e-29    245.299 291.720177    5.32036    35.0486    35.0714    27.3551    1485.54    1489.51 0.0000e+00
       5910    250.000     7.7130     7.7125   3.610162   3.612210     1.9903      98.76     0.0220 5.1273e-02 -9.990e-29    246.212 291.720188    5.32851    35.0487    35.0714    27.3552    1485.55    1489.50 0.0000e+00
       5932    251.000     7.7125     7.7121   3.610155   3.612217     1.9917      98.76     0.0193 5.1273e-02 -9.990e-29    247.112 291.720198    5.34167    35.0487    35.0714    27.3552    1485.57    1489.48 0.0000e+00
       5953    252.000     7.7121     7.7116   3.610176   3.612243     1.9929      98.76     0.0200 5.1273e-02 -9.990e-29    248.007 291.720208    5.33528    35.0488    35.0717    27.3554    1485.58    1489.46 0.0000e+00
       5975    253.000     7.7117     7.7112   3.610217   3.612277     1.9926      98.75     0.0209 5.1273e-02 -9.990e-29    248.908 291.720219    5.33009    35.0492    35.0719    27.3557    1485.60    1489.45 0.0000e+00
       5996    254.000     7.7112     7.7108   3.610224   3.612280     1.9928      98.76     0.0217 5.1273e-02 -9.990e-29    249.805 291.720229    5.33364    35.0492    35.0719    27.3559    1485.61    1489.43 0.0000e+00
       6018    255.000     7.7105     7.7101   3.610234   3.612281     1.9927      98.76     0.0236 5.1273e-02 -9.990e-29    250.703 291.720240    5.32511    35.0496    35.0721    27.3562    1485.63    1489.42 0.0000e+00
       6039    256.000     7.7094     7.7089   3.610225   3.612280     1.9913      62.14     0.0254 5.1294e-02 -9.990e-29    251.581 291.720250    5.32164    35.0501    35.0728    27.3568    1485.64    1489.40 0.0000e+00
       6060    257.000     7.7090     7.7085   3.610275   3.612329     1.9918      61.96     0.0223 5.1287e-02 -9.990e-29    252.457 291.720260    5.34330    35.0505    35.0733    27.3572    1485.65    1489.39 0.0000e+00
       6081    258.000     7.7082     7.7077   3.610270   3.612340     1.9929      98.46     0.0207 5.1273e-02 -9.990e-29    253.347 291.720270    5.34231    35.0508    35.0737    27.3575    1485.67    1489.37 0.0000e+00
       6103    259.000     7.7064     7.7060   3.610198   3.612264     1.9935      98.76     0.0205 5.1273e-02 -9.990e-29    254.257 291.720281    5.34797    35.0514    35.0741    27.3582    1485.68    1489.36 0.0000e+00
       6125    260.000     7.7040     7.7036   3.610050   3.612114     1.9945      98.76     0.0194 5.1273e-02 -9.990e-29    255.175 291.720291    5.35446    35.0517    35.0744    27.3588    1485.69    1489.35 0.0000e+00
       6147    261.000     7.7031     7.7027   3.610030   3.612088     1.9956      98.76     0.0211 5.1266e-02 -9.990e-29    256.081 291.720302    5.35833    35.0519    35.0745    27.3591    1485.70    1489.33 0.0000e+00
       6168    262.000     7.7024     7.7019   3.610021   3.612083     1.9964      98.76     0.0241 5.1273e-02 -9.990e-29    256.968 291.720312    5.35298    35.0520    35.0748    27.3593    1485.71    1489.32 0.0000e+00
       6189    263.000     7.7003     7.6999   3.609919   3.611993     1.9957      98.76     0.0239 5.1273e-02 -9.990e-29    257.841 291.720322    5.34362    35.0525    35.0753    27.3600    1485.72    1489.30 0.0000e+00
       6210    264.000     7.6982     7.6978   3.609831   3.611892     1.9953      98.76     0.0209 5.1266e-02 1.9438e+00    258.721 291.720332    5.34537    35.0532    35.0759    27.3609    1485.73    1489.29 0.0000e+00
       6232    265.000     7.6958     7.6953   3.609703   3.611744     1.9945      98.76     0.0205 5.1273e-02 1.9438e+00    259.607 291.720343    5.33500    35.0537    35.0763    27.3617    1485.74    1489.28 0.0000e+00
       6253    266.000     7.6943     7.6939   3.609625   3.611677     1.9927      69.27     0.0180 5.1273e-02 1.9438e+00    260.517 291.720353    5.32975    35.0539    35.0765    27.3620    1485.75    1489.26 0.0000e+00
       6275    267.000     7.6939     7.6937   3.609633   3.611713     1.9924      60.65     0.0214 5.1286e-02 1.9438e+00    261.431 291.720364    5.34528    35.0539    35.0766    27.3621    1485.77    1489.25 0.0000e+00
       6297    268.000     7.6929     7.6924   3.609602   3.611657     1.9929      98.65     0.0196 5.1266e-02 1.9438e+00    262.331 291.720374    5.34973    35.0541    35.0768    27.3624    1485.78    1489.24 0.0000e+00
       6319    269.000     7.6918     7.6912   3.609585   3.611641     1.9935      97.05     0.0164 5.1280e-02 -9.990e-29    263.230 291.720385    5.34468    35.0545    35.0774    27.3629    1485.79    1489.23 0.0000e+00
       6340    270.000     7.6897     7.6892   3.609540   3.611583     1.9922      31.55     0.0180 5.1287e-02 -9.990e-29    264.123 291.720395    5.33736    35.0557    35.0783    27.3641    1485.80    1489.21 0.0000e+00
       6361    271.000     7.6896     7.6890   3.609590   3.611644     1.9921      98.20     0.0220 5.1273e-02 -9.990e-29    265.013 291.720405    5.34179    35.0558    35.0786    27.3642    1485.82    1489.20 0.0000e+00
       6383    272.000     7.6897     7.6891   3.609658   3.611702     1.9919      98.76     0.0228 5.1273e-02 -9.990e-29    265.904 291.720416    5.34484    35.0560    35.0787    27.3643    1485.83    1489.19 0.0000e+00
       6404    273.000     7.6896     7.6890   3.609693   3.611746     1.9921      40.31     0.0218 5.1300e-02 1.9438e+00    266.787 291.720426    5.34875    35.0560    35.0788    27.3643    1485.85    1489.18 0.0000e+00
       6425    274.000     7.6895     7.6892   3.609735   3.611807     1.9927      82.95     0.0206 5.1280e-02 1.9438e+00    267.677 291.720436    5.35197    35.0560    35.0787    27.3644    1485.87    1489.16 0.0000e+00
       6447    275.000     7.6889     7.6886   3.609766   3.611824     1.9924      98.46     0.0229 5.1273e-02 1.9438e+00    268.566 291.720446    5.33808    35.0565    35.0790    27.3648    1485.88    1489.15 0.0000e+00
       6468    276.000     7.6883     7.6878   3.609772   3.611819     1.9908      74.90     0.0255 5.1266e-02 1.9438e+00    269.457 291.720457    5.32746    35.0567    35.0793    27.3651    1485.90    1489.14 0.0000e+00
       6490    277.000     7.6882     7.6877   3.609811   3.611865     1.9899      50.55     0.0236 5.1306e-02 1.9438e+00    270.360 291.720467    5.34498    35.0567    35.0794    27.3651    1485.91    1489.13 0.0000e+00
       6511    278.000     7.6880     7.6874   3.609846   3.611904     1.9911      98.23     0.0215 5.1273e-02 -9.990e-29    271.261 291.720478    5.35126    35.0568    35.0796    27.3652    1485.93    1489.12 0.0000e+00
       6533    279.000     7.6877     7.6872   3.609872   3.611929     1.9912      98.76     0.0180 5.1259e-02 -9.990e-29    272.165 291.720488    5.34471    35.0569    35.0796    27.3653    1485.94    1489.11 0.0000e+00
       6555    280.000     7.6872     7.6869   3.609881   3.611947     1.9907      35.21     0.0188 5.1286e-02 -9.990e-29    273.071 291.720499    5.34834    35.0570    35.0796    27.3655    1485.96    1489.09 0.0000e+00
       6576    281.000     7.6869     7.6865   3.609914   3.611964     1.9917      99.41     0.0203 5.1273e-02 -9.990e-29    273.967 291.720509    5.35719    35.0572    35.0797    27.3657    1485.97    1489.08 0.0000e+00
       6598    282.000     7.6869     7.6864   3.609962   3.612012     1.9922      98.76     0.0206 5.1273e-02 1.9438e+00    274.866 291.720519    5.35553    35.0572    35.0799    27.3657    1485.99    1489.07 0.0000e+00
       6619    283.000     7.6867     7.6862   3.609996   3.612051     1.9919      45.47     0.0194 5.1287e-02 1.9438e+00    275.759 291.720530    5.34732    35.0573    35.0800    27.3658    1486.01    1489.06 0.0000e+00
       6641    284.000     7.6866     7.6861   3.610046   3.612096     1.9918      79.67     0.0212 5.1286e-02 1.9438e+00    276.648 291.720540    5.34912    35.0574    35.0801    27.3659    1486.02    1489.05 0.0000e+00
       6662    285.000     7.6867     7.6862   3.610101   3.612149     1.9908      98.66     0.0215 5.1266e-02 1.9438e+00    277.537 291.720550    5.33849    35.0574    35.0801    27.3659    1486.04    1489.04 0.0000e+00
       6683    286.000     7.6865     7.6861   3.610135   3.612183     1.9898      80.55     0.0205 5.1280e-02 1.9438e+00    278.410 291.720560    5.33806    35.0575    35.0801    27.3660    1486.05    1489.03 0.0000e+00
       6704    287.000     7.6859     7.6854   3.610137   3.612185     1.9896      45.72     0.0209 5.1287e-02 1.9438e+00    279.295 291.720571    5.35614    35.0577    35.0803    27.3662    1486.07    1489.02 0.0000e+00
       6726    288.000     7.6849     7.6845   3.610104   3.612158     1.9913      99.01     0.0211 5.1273e-02 -9.990e-29    280.192 291.720581    5.36541    35.0578    35.0804    27.3665    1486.08    1489.01 0.0000e+00
       6747    289.000     7.6846     7.6842   3.610123   3.612179     1.9919      98.76     0.0233 5.1273e-02 -9.990e-29    281.096 291.720591    5.35151    35.0578    35.0805    27.3665    1486.10    1489.00 0.0000e+00
       6769    290.000     7.6842     7.6837   3.610137   3.612202     1.9903      36.54     0.0223 5.1299e-02 -9.990e-29    282.007 291.720602    5.34289    35.0579    35.0807    27.3667    1486.11    1488.99 0.0000e+00
       6791    291.000     7.6838     7.6833   3.610171   3.612220     1.9904      98.76     0.0219 5.1266e-02 1.9438e+00    282.915 291.720612    5.35048    35.0582    35.0809    27.3669    1486.13    1488.98 0.0000e+00
       6813    292.000     7.6838     7.6833   3.610220   3.612267     1.9896      98.76     0.0256 5.1273e-02 1.9438e+00    283.813 291.720623    5.33975    35.0582    35.0809    27.3670    1486.14    1488.97 0.0000e+00
