testdata/CTD/sta0410.cnv
* Sea-Bird SBE 9 Data File:
* FileName = C:\Seabird\CTDData\sta0410.hex
* Software Version Seasave V 7.21f
* Temperature SN = 4557
* Conductivity SN = 1337
* Number of Bytes Per Scan = 40
* Number of Voltage Words = 5
* Number of Scans Averaged by the Deck Unit = 1
* NMEA Latitude = 60 52.00 N
* NMEA Longitude = 005 21.67 E
* NMEA UTC (Time) = Oct 14 2018 08:41:30
* NMEA baud rate = 4800
** Ship: 10 F/F "G. O. Sars"
** Station: 0410
** Echodepth: 467
** Log: 5342.64
** Wind-Dir Force: 20 10
** Air-temp (dry): 16.6
** Weather Sky: 2 8
** Sea Ice: 3 0
# nquan = 20                                
# nvalues = 458                         
# units = specified
# name 0 = scan: Scan Count
# name 1 = prDM: Pressure, Digiquartz [db]
# name 2 = t068C: Temperature [ITS-68, deg C]
# name 3 = t168C: Temperature, 2 [ITS-68, deg C]
# name 4 = c0S/m: Conductivity [S/m]
# name 5 = c1S/m: Conductivity, 2 [S/m]
# name 6 = sbeox0V: Oxygen raw, SBE 43 [V]
# name 7 = altM: Altimeter [m]
# name 8 = flC: Fluorescence, Chelsea Aqua 3 Chl Con [ug/l]
# name 9 = par: PAR/Irradiance, Biospherical/Licor
# name 10 = spar: SPAR/Surface Irradiance
# name 11 = timeS: Time, Elapsed [seconds]
# name 12 = timeJ: Julian Days
# name 13 = sbeox0ML/L: Oxygen, SBE 43 [ml/l], WS = 2
# name 14 = sal00: Salinity, Practical [PSU]
# name 15 = sal11: Salinity, Practical, 2 [PSU]
# name 16 = sigma-t00: Density [sigma-t, Kg/m^3 ]
# name 17 = svCM: Sound Velocity [Chen-Millero, m/s]
# name 18 = avgsvCM: Average Sound Velocity [Chen-Millero, m/s], minP = 1, minS = 5
# name 19 = flag: flag
# span 0 =        367,      10176       
# span 1 =      3.000,    460.000       
# span 2 =     8.0812,    15.8497       
# span 3 =     8.0808,    15.8535       
# span 4 =   1.508949,   3.981562       
# span 5 =   1.465126,   3.983917       
# span 6 =     0.8903,     2.3328       
# span 7 =      16.38,      98.98       
# span 8 =     0.0214,     0.2621       
# span 9 = 5.1238e-02, 3.8243e+00       
# span 10 = 2.8900e+01, 8.3583e+01      
# span 11 =     15.256,    423.976      
# span 12 = 287.362352, 287.367083      
# span 13 =    1.34790,    6.51855      
# span 14 =    11.9860,    35.0215      
# span 15 =    11.6249,    35.0445      
# span 16 =     8.7750,    27.2602      
# span 17 =    1469.68,    1505.19      
# span 18 =    1469.68,    1498.03      
# span 19 = 0.0000e+00, 0.0000e+00      
# interval = decibars: 1                
# start_time = Oct 14 2018 08:41:32 [System UTC, header]
# bad_flag = -9.990e-29
*END*
[from data line 362]
       8122    365.000     8.1726     8.1723   3.654510   3.656622     1.0929      96.83     0.0398 5.1273e-02 4.9229e+01    338.379 287.366092    2.02021    35.0102    35.0331    27.2561    1489.13    1488.53 0.0000e+00
       8143    366.000     8.1744     8.1738   3.654789   3.656868     1.0871      96.71     0.0391 5.1266e-02 5.2503e+01    339.256 287.366102    2.00189    35.0109    35.0337    27.2564    1489.16    1488.53 0.0000e+00
       8164    367.000     8.1752     8.1748   3.654965   3.657056     1.0816      96.78     0.0412 5.1266e-02 5.2482e+01    340.135 287.366113    1.98693    35.0115    35.0342    27.2567    1489.18    1488.54 0.0000e+00
       8185    368.000     8.1766     8.1762   3.655209   3.657303     1.0768      96.73     0.0411 5.1260e-02 5.1070e+01    341.020 287.366123    1.97128    35.0123    35.0350    27.2571    1489.20    1488.54 0.0000e+00
       8207    369.000     8.1771     8.1767   3.655309   3.657418     1.0716      96.64     0.0390 5.1273e-02 5.0548e+01    341.900 287.366133    1.94659    35.0124    35.0353    27.2571    1489.22    1488.54 0.0000e+00
       8228    370.000     8.1773     8.1770   3.655374   3.657491     1.0655      96.64     0.0411 5.1266e-02 5.0538e+01    342.782 287.366143    1.91516    35.0124    35.0353    27.2571    1489.24    1488.54 0.0000e+00
       8249    371.000     8.1772     8.1768   3.655404   3.657505     1.0586      96.71     0.0405 5.1266e-02 5.0538e+01    343.666 287.366154    1.88381    35.0123    35.0351    27.2571    1489.25    1488.54 0.0000e+00
       8270    372.000     8.1774     8.1770   3.655458   3.657556     1.0514      96.76     0.0391 5.1273e-02 4.9981e+01    344.543 287.366164    1.86211    35.0122    35.0350    27.2569    1489.27    1488.55 0.0000e+00
       8291    373.000     8.1776     8.1773   3.655542   3.657652     1.0452      96.69     0.0400 5.1273e-02 4.8587e+01    345.422 287.366174    1.85477    35.0124    35.0353    27.2571    1489.29    1488.55 0.0000e+00
       8312    374.000     8.1783     8.1779   3.655671   3.657775     1.0407      96.64     0.0374 5.1266e-02 4.8595e+01    346.301 287.366184    1.85101    35.0126    35.0355    27.2571    1489.31    1488.55 0.0000e+00
       8333    375.000     8.1788     8.1784   3.655788   3.657902     1.0371      96.65     0.0348 5.1273e-02 4.8595e+01    347.175 287.366194    1.84697    35.0129    35.0359    27.2573    1489.33    1488.55 0.0000e+00
       8354    376.000     8.1790     8.1786   3.655862   3.657963     1.0343      96.64     0.0364 5.1266e-02 4.6089e+01    348.055 287.366204    1.84225    35.0130    35.0359    27.2573    1489.34    1488.55 0.0000e+00
       8375    377.000     8.1791     8.1788   3.655911   3.658017     1.0316      96.58     0.0375 5.1273e-02 4.6064e+01    348.932 287.366214    1.83088    35.0130    35.0358    27.2573    1489.36    1488.56 0.0000e+00
       8396    378.000     8.1795     8.1792   3.656011   3.658121     1.0284      96.57     0.0412 5.1273e-02 4.6648e+01    349.808 287.366225    1.81791    35.0132    35.0360    27.2574    1489.38    1488.56 0.0000e+00
       8418    379.000     8.1800     8.1796   3.656116   3.658218     1.0256      96.56     0.0410 5.1260e-02 4.6651e+01    350.691 287.366235    1.81224    35.0133    35.0361    27.2574    1489.40    1488.56 0.0000e+00
       8439    380.000     8.1803     8.1800   3.656197   3.658312     1.0231      96.48     0.0392 5.1259e-02 4.6651e+01    351.569 287.366245    1.80436    35.0134    35.0363    27.2574    1489.41    1488.56 0.0000e+00
       8460    381.000     8.1806     8.1802   3.656284   3.658383     1.0206      96.93     0.0388 5.1273e-02 4.6651e+01    352.449 287.366255    1.79955    35.0136    35.0364    27.2575    1489.43    1488.57 0.0000e+00
       8481    382.000     8.1809     8.1805   3.656359   3.658471     1.0187      96.78     0.0381 5.1273e-02 4.5455e+01    353.328 287.366265    1.79114    35.0136    35.0365    27.2575    1489.45    1488.57 0.0000e+00
       8502    383.000     8.1813     8.1811   3.656468   3.658580     1.0162      98.38     0.0402 5.1266e-02 4.4709e+01    354.206 287.366276    1.78267    35.0139    35.0366    27.2577    1489.47    1488.57 0.0000e+00
       8523    384.000     8.1820     8.1817   3.656602   3.658723     1.0140      98.10     0.0370 5.1259e-02 4.4707e+01    355.091 287.366286    1.77716    35.0141    35.0371    27.2578    1489.49    1488.57 0.0000e+00
       8544    385.000     8.1822     8.1818   3.656673   3.658778     1.0120      96.85     0.0357 5.1259e-02 4.4707e+01    355.972 287.366296    1.76959    35.0142    35.0371    27.2578    1489.51    1488.57 0.0000e+00
       8566    386.000     8.1819     8.1817   3.656674   3.658787     1.0099      96.40     0.0392 5.1273e-02 4.4707e+01    356.855 287.366306    1.76271    35.0140    35.0368    27.2577    1489.52    1488.58 0.0000e+00
       8587    387.000     8.1822     8.1818   3.656747   3.658850     1.0079      96.36     0.0398 5.1260e-02 4.4592e+01    357.736 287.366316    1.75411    35.0141    35.0369    27.2577    1489.54    1488.58 0.0000e+00
       8608    388.000     8.1823     8.1822   3.656806   3.658939     1.0055      96.61     0.0345 5.1273e-02 4.2211e+01    358.606 287.366327    1.74744    35.0141    35.0370    27.2577    1489.56    1488.58 0.0000e+00
       8629    389.000     8.1826     8.1824   3.656901   3.659014     1.0037      97.20     0.0342 5.1266e-02 4.0202e+01    359.485 287.366337    1.74237    35.0143    35.0371    27.2578    1489.57    1488.58 0.0000e+00
       8650    390.000     8.1831     8.1827   3.656981   3.659109     1.0020      98.52     0.0360 5.1273e-02 4.2723e+01    360.362 287.366347    1.74073    35.0142    35.0373    27.2577    1489.59    1488.59 0.0000e+00
       8671    391.000     8.1830     8.1828   3.657037   3.659149     1.0007      98.43     0.0380 5.1260e-02 4.2763e+01    361.234 287.366357    1.73992    35.0144    35.0372    27.2578    1489.61    1488.59 0.0000e+00
       8692    392.000     8.1835     8.1832   3.657135   3.659253     0.9998      98.57     0.0394 5.1266e-02 4.1484e+01    362.113 287.366367    1.73763    35.0145    35.0374    27.2578    1489.63    1488.59 0.0000e+00
       8713    393.000     8.1839     8.1835   3.657222   3.659341     0.9987      98.75     0.0397 5.1273e-02 4.0825e+01    362.992 287.366377    1.73426    35.0146    35.0376    27.2578    1489.64    1488.60 0.0000e+00
       8734    394.000     8.1839     8.1836   3.657278   3.659403     0.9976      98.75     0.0378 5.1273e-02 4.0819e+01    363.869 287.366387    1.72730    35.0147    35.0377    27.2579    1489.66    1488.60 0.0000e+00
       8755    395.000     8.1841     8.1838   3.657340   3.659455     0.9961      66.75     0.0380 5.1252e-02 4.0819e+01    364.751 287.366398    1.71986    35.0147    35.0376    27.2579    1489.68    1488.60 0.0000e+00
       8776    396.000     8.1842     8.1839   3.657393   3.659515     0.9945      98.98     0.0375 5.1273e-02 4.0819e+01    365.632 287.366408    1.71393    35.0147    35.0376    27.2578    1489.69    1488.60 0.0000e+00
       8797    397.000     8.1841     8.1838   3.657416   3.659539     0.9930      98.75     0.0392 5.1273e-02 4.0818e+01    366.516 287.366418    1.71327    35.0145    35.0375    27.2578    1489.71    1488.61 0.0000e+00
       8819    398.000     8.1843     8.1841   3.657475   3.659600     0.9923      80.98     0.0417 5.1240e-02 4.0086e+01    367.398 287.366428    1.71464    35.0145    35.0374    27.2577    1489.73    1488.61 0.0000e+00
       8840    399.000     8.1843     8.1840   3.657517   3.659637     0.9914      90.81     0.0420 5.1259e-02 3.8926e+01    368.275 287.366438    1.70810    35.0145    35.0374    27.2577    1489.74    1488.61 0.0000e+00
       8861    400.000     8.1846     8.1842   3.657604   3.659708     0.9903      98.72     0.0409 5.1266e-02 3.5741e+01    369.163 287.366449    1.70796    35.0146    35.0375    27.2577    1489.76    1488.61 0.0000e+00
       8882    401.000     8.1851     8.1848   3.657714   3.659842     0.9901      95.73     0.0390 5.1273e-02 3.8887e+01    370.045 287.366459    1.71334    35.0148    35.0378    27.2578    1489.78    1488.62 0.0000e+00
       8903    402.000     8.1856     8.1852   3.657824   3.659938     0.9897      76.14     0.0358 5.1252e-02 3.8876e+01    370.926 287.366469    1.70639    35.0150    35.0380    27.2579    1489.80    1488.62 0.0000e+00
       8925    403.000     8.1858     8.1854   3.657884   3.660003     0.9889      98.83     0.0348 5.1273e-02 3.8876e+01    371.816 287.366479    1.70629    35.0150    35.0380    27.2578    1489.82    1488.62 0.0000e+00
       8946    404.000     8.1859     8.1857   3.657959   3.660075     0.9886      98.71     0.0358 5.1266e-02 3.8752e+01    372.692 287.366490    1.70459    35.0152    35.0380    27.2580    1489.83    1488.63 0.0000e+00
       8967    405.000     8.1866     8.1864   3.658100   3.660217     0.9879      75.94     0.0372 5.1259e-02 3.7169e+01    373.573 287.366500    1.69700    35.0156    35.0383    27.2582    1489.85    1488.63 0.0000e+00
       8988    406.000     8.1871     8.1868   3.658206   3.660311     0.9865      97.74     0.0407 5.1259e-02 3.6933e+01    374.454 287.366510    1.68911    35.0157    35.0385    27.2582    1489.87    1488.63 0.0000e+00
       9009    407.000     8.1878     8.1875   3.658351   3.660459     0.9852      98.74     0.0408 5.1280e-02 3.6932e+01    375.324 287.366520    1.68321    35.0161    35.0389    27.2584    1489.89    1488.64 0.0000e+00
       9030    408.000     8.1881     8.1878   3.658431   3.660531     0.9836      87.85     0.0406 5.1266e-02 3.6932e+01    376.210 287.366530    1.67537    35.0162    35.0389    27.2584    1489.91    1488.64 0.0000e+00
       9051    409.000     8.1889     8.1885   3.658580   3.660699     0.9819      81.23     0.0425 5.1259e-02 3.5163e+01    377.089 287.366540    1.66542    35.0165    35.0395    27.2585    1489.93    1488.64 0.0000e+00
       9072    410.000     8.1899     8.1895   3.658765   3.660871     0.9796      98.84     0.0407 5.1259e-02 3.6111e+01    377.962 287.366550    1.65236    35.0170    35.0399    27.2588    1489.95    1488.65 0.0000e+00
       9093    411.000     8.1904     8.1900   3.658862   3.660978     0.9768      98.77     0.0388 5.1259e-02 3.6947e+01    378.849 287.366561    1.64507    35.0171    35.0400    27.2588    1489.97    1488.65 0.0000e+00
       9114    412.000     8.1905     8.1901   3.658926   3.661032     0.9752      76.28     0.0392 5.1238e-02 3.6932e+01    379.725 287.366571    1.63448    35.0172    35.0400    27.2588    1489.99    1488.65 0.0000e+00
       9136    413.000     8.1905     8.1901   3.658964   3.661079     0.9715      98.73     0.0410 5.1267e-02 3.6932e+01    380.608 287.366581    1.61275    35.0171    35.0400    27.2588    1490.00    1488.65 0.0000e+00
       9157    414.000     8.1905     8.1902   3.659001   3.661117     0.9681      97.21     0.0413 5.1273e-02 3.6743e+01    381.494 287.366591    1.60430    35.0170    35.0399    27.2587    1490.02    1488.66 0.0000e+00
       9178    415.000     8.1905     8.1902   3.659034   3.661160     0.9652      83.17     0.0400 5.1266e-02 3.5731e+01    382.373 287.366602    1.59689    35.0169    35.0399    27.2586    1490.03    1488.66 0.0000e+00
       9199    416.000     8.1912     8.1909   3.659186   3.661308     0.9622      90.39     0.0402 5.1266e-02 3.4984e+01    383.260 287.366612    1.58903    35.0173    35.0403    27.2589    1490.05    1488.66 0.0000e+00
       9220    417.000     8.1919     8.1916   3.659321   3.661444     0.9601      98.97     0.0399 5.1273e-02 3.4988e+01    384.145 287.366622    1.59246    35.0176    35.0406    27.2590    1490.07    1488.67 0.0000e+00
       9242    418.000     8.1922     8.1919   3.659396   3.661511     0.9591      96.92     0.0404 5.1266e-02 3.4988e+01    385.027 287.366632    1.59862    35.0176    35.0405    27.2589    1490.09    1488.67 0.0000e+00
       9263    419.000     8.1924     8.1920   3.659467   3.661592     0.9588      81.25     0.0395 5.1246e-02 3.4988e+01    385.915 287.366643    1.58928    35.0177    35.0408    27.2590    1490.11    1488.67 0.0000e+00
       9284    420.000     8.1927     8.1924   3.659549   3.661673     0.9564      98.79     0.0391 5.1266e-02 3.4954e+01    386.792 287.366653    1.57206    35.0178    35.0408    27.2590    1490.13    1488.68 0.0000e+00
       9305    421.000     8.1933     8.1929   3.659679   3.661799     0.9541      98.77     0.0397 5.1273e-02 2.8900e+01    387.674 287.366663    1.56845    35.0181    35.0411    27.2592    1490.15    1488.68 0.0000e+00
       9326    422.000     8.1934     8.1931   3.659734   3.661862     0.9528      76.18     0.0395 5.1252e-02 -9.990e-29    388.553 287.366673    1.56636    35.0182    35.0411    27.2592    1490.16    1488.69 0.0000e+00
       9347    423.000     8.1937     8.1934   3.659806   3.661927     0.9509      96.41     0.0399 5.1273e-02 -9.990e-29    389.431 287.366683    1.55545    35.0181    35.0411    27.2591    1490.18    1488.69 0.0000e+00
       9368    424.000     8.1938     8.1936   3.659882   3.662001     0.9490      98.75     0.0385 5.1273e-02 -9.990e-29    390.311 287.366693    1.55071    35.0184    35.0412    27.2593    1490.20    1488.69 0.0000e+00
       9389    425.000     8.1944     8.1942   3.659982   3.662116     0.9473      56.79     0.0392 5.1259e-02 -9.990e-29    391.185 287.366703    1.54995    35.0184    35.0413    27.2592    1490.22    1488.70 0.0000e+00
       9410    426.000     8.1950     8.1947   3.660106   3.662229     0.9462      84.42     0.0410 5.1247e-02 3.4876e+01    392.061 287.366714    1.53911    35.0186    35.0416    27.2593    1490.23    1488.70 0.0000e+00
       9432    427.000     8.1954     8.1950   3.660188   3.662311     0.9437      98.19     0.0384 5.1273e-02 3.4986e+01    392.946 287.366724    1.53012    35.0186    35.0417    27.2592    1490.25    1488.70 0.0000e+00
       9453    428.000     8.1959     8.1955   3.660304   3.662419     0.9423      97.88     0.0402 5.1259e-02 3.4988e+01    393.823 287.366734    1.53387    35.0189    35.0418    27.2594    1490.27    1488.71 0.0000e+00
       9474    429.000     8.1962     8.1959   3.660382   3.662501     0.9414      76.95     0.0415 5.1259e-02 3.4988e+01    394.711 287.366744    1.52686    35.0190    35.0419    27.2594    1490.29    1488.71 0.0000e+00
       9495    430.000     8.1963     8.1960   3.660435   3.662571     0.9392      96.93     0.0390 5.1273e-02 3.4988e+01    395.598 287.366755    1.51331    35.0189    35.0420    27.2594    1490.31    1488.71 0.0000e+00
       9517    431.000     8.1965     8.1961   3.660506   3.662623     0.9374      88.31     0.0398 5.1273e-02 3.4988e+01    396.490 287.366765    1.50955    35.0190    35.0420    27.2594    1490.32    1488.72 0.0000e+00
       9538    432.000     8.1968     8.1965   3.660588   3.662708     0.9357      56.33     0.0385 5.1273e-02 3.4988e+01    397.394 287.366775    1.50565    35.0191    35.0420    27.2594    1490.34    1488.72 0.0000e+00
       9560    433.000     8.1970     8.1966   3.660644   3.662765     0.9341      98.73     0.0361 5.1273e-02 3.3084e+01    398.291 287.366786    1.50118    35.0191    35.0421    27.2593    1490.36    1488.73 0.0000e+00
       9581    434.000     8.1970     8.1967   3.660704   3.662815     0.9326      81.94     0.0397 5.1273e-02 3.4954e+01    399.187 287.366796    1.49622    35.0192    35.0420    27.2595    1490.38    1488.73 0.0000e+00
       9603    435.000     8.1972     8.1968   3.660765   3.662874     0.9315      44.76     0.0393 5.1273e-02 3.4988e+01    400.092 287.366807    1.50176    35.0192    35.0421    27.2594    1490.39    1488.73 0.0000e+00
       9625    436.000     8.1974     8.1971   3.660827   3.662943     0.9311      84.65     0.0393 5.1260e-02 3.4988e+01    400.987 287.366817    1.49440    35.0192    35.0421    27.2594    1490.41    1488.74 0.0000e+00
