testdata/CTD/sta0422.cnv
* Sea-Bird SBE 9 Data File:
* FileName = C:\Seabird\CTDData\sta0422.hex
* Software Version Seasave V 7.21f
* Temperature SN = 4557
* Conductivity SN = 1337
* Number of Bytes Per Scan = 40
* Number of Voltage Words = 5
* Number of Scans Averaged by the Deck Unit = 1
* NMEA Latitude = 61 29.31 N
* NMEA Longitude = 005 16.04 E
* NMEA UTC (Time) = Oct 18 2018 17:12:55
* NMEA baud rate = 4800
** Ship: 10 F/F "G. O. Sars"
** Station: 0422
** Echodepth: 371
** Log: 5652.83
** Wind-Dir Force: 66 02
** Air-temp (dry): 8.1
** Weather Sky: 1 4
** Sea Ice: 2 0
# nquan = 20                                
# nvalues = 363                         
# units = specified
# name 0 = scan: Scan Count
# name 1 = prDM: Pressure, Digiquartz [db]
# name 2 = t068C: Temperature [ITS-68, deg C]
# name 3 = t168C: Temperature, 2 [ITS-68, deg C]
# name 4 = c0S/m: Conductivity [S/m]
# name 5 = c1S/m: Conductivity, 2 [S/m]
# name 6 = sbeox0V: Oxygen raw, SBE 43 [V]
# name 7 = altM: Altimeter [m]
# name 8 = flC: Fluorescence, Chelsea Aqua 3 Chl Con [ug/l]
# name 9 = par: PAR/Irradiance, Biospherical/Licor
# name 10 = spar: SPAR/Surface Irradiance
# name 11 = timeS: Time, Elapsed [seconds]
# name 12 = timeJ: Julian Days
# name 13 = sbeox0ML/L: Oxygen, SBE 43 [ml/l], WS = 2
# name 14 = sal00: Salinity, Practical [PSU]
# name 15 = sal11: Salinity, Practical, 2 [PSU]
# name 16 = sigma-t00: Density [sigma-t, Kg/m^3 ]
# name 17 = svCM: Sound Velocity [Chen-Millero, m/s]
# name 18 = avgsvCM: Average Sound Velocity [Chen-Millero, m/s], minP = 1, minS = 5
# name 19 = flag: flag
# span 0 =        635,       8398       
# span 1 =      4.000,    366.000       
# span 2 =     7.6820,    13.8130       
# span 3 =     7.6816,    13.8147       
# span 4 =   3.221926,   3.882989       
# span 5 =   3.218178,   3.885136       
# span 6 =     1.8578,     2.2651       
# span 7 =      11.41,     100.01       
# span 8 =     0.0138,     0.1925       
# span 9 = 5.1225e-02, 4.3306e-01       
# span 10 = 1.2764e+00, 3.5534e+00      
# span 11 =     26.412,    349.871      
# span 12 = 291.717644, 291.721387      
# span 13 =    4.62367,    5.80715      
# span 14 =    27.5139,    35.0613      
# span 15 =    27.4913,    35.0839      
# span 16 =    20.7806,    27.3694      
# span 17 =    1484.45,    1499.14      
# span 18 =    1488.00,    1496.40      
# span 19 = 0.0000e+00, 0.0000e+00      
# interval = decibars: 1                
# start_time = Oct 18 2018 17:12:58 [System UTC, header]
# bad_flag = -9.990e-29
*END*
[from data line 290]
       6855    294.000     7.6841     7.6836   3.610352   3.612406     1.9890      75.49     0.0214 5.1280e-02 1.9438e+00    285.588 291.720643    5.35721    35.0584    35.0811    27.3670    1486.18    1488.95 0.0000e+00
       6877    295.000     7.6841     7.6837   3.610427   3.612479     1.9894      98.93     0.0233 5.1273e-02 1.9438e+00    286.486 291.720654    5.34935    35.0587    35.0813    27.3673    1486.20    1488.94 0.0000e+00
       6898    296.000     7.6843     7.6839   3.610503   3.612550     1.9885      82.45     0.0211 5.1273e-02 1.9438e+00    287.388 291.720664    5.33625    35.0588    35.0814    27.3674    1486.21    1488.93 0.0000e+00
       6920    297.000     7.6844     7.6839   3.610561   3.612611     1.9875      47.69     0.0192 5.1293e-02 1.9438e+00    288.282 291.720675    5.34506    35.0589    35.0816    27.3674    1486.23    1488.92 0.0000e+00
       6941    298.000     7.6844     7.6839   3.610604   3.612665     1.9878      99.20     0.0219 5.1273e-02 1.9438e+00    289.174 291.720685    5.34024    35.0589    35.0817    27.3674    1486.25    1488.91 0.0000e+00
       6963    299.000     7.6845     7.6840   3.610661   3.612713     1.9861      98.76     0.0211 5.1260e-02 1.9438e+00    290.064 291.720695    5.31449    35.0589    35.0816    27.3674    1486.26    1488.90 0.0000e+00
       6984    300.000     7.6845     7.6840   3.610713   3.612756     1.9825      32.21     0.0219 5.1273e-02 1.9438e+00    290.958 291.720706    5.30998    35.0590    35.0816    27.3674    1486.28    1488.90 0.0000e+00
       7006    301.000     7.6845     7.6840   3.610757   3.612797     1.9823      99.29     0.0275 5.1273e-02 1.9438e+00    291.867 291.720716    5.31748    35.0590    35.0815    27.3674    1486.30    1488.89 0.0000e+00
       7027    302.000     7.6845     7.6841   3.610797   3.612858     1.9801      98.76     0.0252 5.1273e-02 -9.990e-29    292.764 291.720726    5.30074    35.0589    35.0816    27.3674    1486.31    1488.88 0.0000e+00
       7049    303.000     7.6843     7.6839   3.610835   3.612888     1.9780      62.57     0.0214 5.1266e-02 -9.990e-29    293.657 291.720737    5.30204    35.0590    35.0816    27.3675    1486.33    1488.87 0.0000e+00
       7070    304.000     7.6842     7.6837   3.610878   3.612919     1.9778      73.79     0.0190 5.1280e-02 -9.990e-29    294.549 291.720747    5.31506    35.0591    35.0817    27.3676    1486.34    1488.86 0.0000e+00
       7091    305.000     7.6842     7.6838   3.610931   3.612979     1.9774      98.76     0.0196 5.1273e-02 1.9438e+00    295.437 291.720757    5.30925    35.0592    35.0817    27.3677    1486.36    1488.85 0.0000e+00
       7113    306.000     7.6842     7.6838   3.610983   3.613028     1.9770      90.94     0.0258 5.1266e-02 1.9438e+00    296.332 291.720768    5.30520    35.0593    35.0818    27.3677    1486.38    1488.85 0.0000e+00
       7135    307.000     7.6845     7.6840   3.611054   3.613111     1.9758      44.53     0.0281 5.1286e-02 1.9438e+00    297.230 291.720778    5.30480    35.0593    35.0820    27.3677    1486.39    1488.84 0.0000e+00
       7156    308.000     7.6845     7.6841   3.611098   3.613168     1.9759      97.72     0.0280 5.1273e-02 1.9438e+00    298.108 291.720788    5.31130    35.0592    35.0820    27.3677    1486.41    1488.83 0.0000e+00
       7177    309.000     7.6845     7.6840   3.611159   3.613210     1.9759      98.76     0.0259 5.1266e-02 1.9438e+00    298.987 291.720799    5.30741    35.0594    35.0821    27.3678    1486.43    1488.82 0.0000e+00
       7198    310.000     7.6844     7.6839   3.611199   3.613248     1.9750      42.45     0.0262 5.1287e-02 1.9438e+00    299.865 291.720809    5.30505    35.0595    35.0821    27.3679    1486.44    1488.81 0.0000e+00
       7219    311.000     7.6844     7.6841   3.611252   3.613300     1.9753      91.34     0.0253 5.1273e-02 -9.990e-29    300.745 291.720819    5.31114    35.0596    35.0820    27.3679    1486.46    1488.81 0.0000e+00
       7240    312.000     7.6844     7.6840   3.611305   3.613351     1.9749      98.87     0.0202 5.1266e-02 -9.990e-29    301.639 291.720829    5.30539    35.0596    35.0822    27.3680    1486.48    1488.80 0.0000e+00
       7261    313.000     7.6844     7.6840   3.611350   3.613396     1.9743      76.73     0.0213 5.1273e-02 -9.990e-29    302.519 291.720839    5.29612    35.0596    35.0822    27.3680    1486.49    1488.79 0.0000e+00
       7283    314.000     7.6844     7.6840   3.611382   3.613440     1.9727      65.12     0.0223 5.1273e-02 -9.990e-29    303.400 291.720850    5.29711    35.0595    35.0822    27.3679    1486.51    1488.78 0.0000e+00
       7304    315.000     7.6846     7.6842   3.611460   3.613506     1.9727      98.28     0.0209 5.1273e-02 1.9438e+00    304.279 291.720860    5.29855    35.0597    35.0822    27.3680    1486.53    1488.78 0.0000e+00
       7325    316.000     7.6845     7.6842   3.611496   3.613541     1.9717      98.75     0.0194 5.1266e-02 1.9438e+00    305.154 291.720870    5.28579    35.0597    35.0821    27.3680    1486.54    1488.77 0.0000e+00
       7346    317.000     7.6845     7.6840   3.611529   3.613575     1.9700      43.93     0.0206 5.1273e-02 1.9438e+00    306.033 291.720880    5.29761    35.0595    35.0822    27.3679    1486.56    1488.76 0.0000e+00
       7367    318.000     7.6844     7.6840   3.611578   3.613625     1.9720      98.05     0.0222 5.1266e-02 1.9438e+00    306.904 291.720890    5.32083    35.0597    35.0822    27.3680    1486.58    1488.76 0.0000e+00
       7388    319.000     7.6844     7.6841   3.611633   3.613675     1.9732      98.76     0.0234 5.1273e-02 1.9438e+00    307.771 291.720900    5.31405    35.0598    35.0822    27.3681    1486.59    1488.75 0.0000e+00
       7408    320.000     7.6845     7.6841   3.611687   3.613730     1.9728      69.21     0.0222 5.1294e-02 1.9438e+00    308.642 291.720910    5.30306    35.0598    35.0823    27.3681    1486.61    1488.74 0.0000e+00
       7429    321.000     7.6846     7.6841   3.611728   3.613773     1.9728      72.31     0.0218 5.1273e-02 1.9438e+00    309.514 291.720920    5.31254    35.0596    35.0823    27.3680    1486.63    1488.74 0.0000e+00
       7451    322.000     7.6845     7.6840   3.611771   3.613816     1.9731      99.09     0.0229 5.1253e-02 1.9438e+00    310.407 291.720931    5.31114    35.0597    35.0823    27.3680    1486.64    1488.73 0.0000e+00
       7472    323.000     7.6845     7.6841   3.611821   3.613862     1.9731      96.02     0.0252 5.1266e-02 1.9438e+00    311.303 291.720941    5.30118    35.0598    35.0822    27.3681    1486.66    1488.72 0.0000e+00
       7493    324.000     7.6846     7.6841   3.611878   3.613914     1.9714      40.99     0.0245 5.1273e-02 1.9438e+00    312.181 291.720951    5.30273    35.0598    35.0823    27.3681    1486.68    1488.72 0.0000e+00
       7514    325.000     7.6845     7.6841   3.611907   3.613947     1.9722     100.01     0.0237 5.1259e-02 -9.990e-29    313.061 291.720961    5.31368    35.0597    35.0822    27.3680    1486.69    1488.71 0.0000e+00
       7535    326.000     7.6844     7.6840   3.611939   3.613990     1.9723      98.76     0.0244 5.1273e-02 -9.990e-29    313.930 291.720971    5.30678    35.0597    35.0823    27.3680    1486.71    1488.70 0.0000e+00
       7556    327.000     7.6844     7.6841   3.612000   3.614041     1.9714      56.44     0.0242 5.1280e-02 -9.990e-29    314.806 291.720982    5.30716    35.0599    35.0822    27.3682    1486.72    1488.70 0.0000e+00
       7578    328.000     7.6846     7.6842   3.612054   3.614100     1.9726      86.65     0.0260 5.1273e-02 -9.990e-29    315.700 291.720992    5.32526    35.0598    35.0823    27.3681    1486.74    1488.69 0.0000e+00
       7599    329.000     7.6843     7.6839   3.612080   3.614129     1.9734      98.81     0.0275 5.1266e-02 1.9438e+00    316.587 291.721002    5.31497    35.0599    35.0824    27.3682    1486.76    1488.69 0.0000e+00
       7620    330.000     7.6844     7.6839   3.612136   3.614186     1.9724      82.57     0.0272 5.1280e-02 1.9438e+00    317.476 291.721012    5.30697    35.0599    35.0825    27.3682    1486.77    1488.68 0.0000e+00
       7642    331.000     7.6842     7.6839   3.612167   3.614214     1.9726      62.98     0.0243 5.1273e-02 1.9438e+00    318.355 291.721023    5.32138    35.0599    35.0824    27.3683    1486.79    1488.68 0.0000e+00
       7662    332.000     7.6842     7.6837   3.612217   3.614259     1.9731      99.21     0.0206 5.1273e-02 1.9438e+00    319.219 291.721033    5.31293    35.0600    35.0826    27.3683    1486.81    1488.67 0.0000e+00
       7683    333.000     7.6842     7.6838   3.612261   3.614303     1.9719      98.75     0.0182 5.1273e-02 1.9438e+00    320.089 291.721043    5.29644    35.0600    35.0825    27.3683    1486.82    1488.66 0.0000e+00
       7704    334.000     7.6843     7.6839   3.612314   3.614359     1.9700      43.36     0.0202 5.1280e-02 1.9438e+00    320.945 291.721053    5.30195    35.0600    35.0825    27.3683    1486.84    1488.66 0.0000e+00
       7725    335.000     7.6843     7.6839   3.612371   3.614419     1.9710      96.96     0.0213 5.1273e-02 -9.990e-29    321.814 291.721063    5.31712    35.0601    35.0826    27.3684    1486.86    1488.65 0.0000e+00
       7746    336.000     7.6842     7.6838   3.612416   3.614462     1.9710      98.75     0.0200 5.1260e-02 -9.990e-29    322.692 291.721073    5.30967    35.0602    35.0827    27.3685    1486.87    1488.65 0.0000e+00
       7767    337.000     7.6842     7.6838   3.612473   3.614516     1.9702      76.77     0.0225 5.1273e-02 -9.990e-29    323.574 291.721083    5.29638    35.0603    35.0828    27.3686    1486.89    1488.64 0.0000e+00
       7788    338.000     7.6844     7.6840   3.612532   3.614594     1.9687      37.13     0.0252 5.1259e-02 -9.990e-29    324.462 291.721093    5.30198    35.0603    35.0830    27.3685    1486.91    1488.64 0.0000e+00
       7809    339.000     7.6846     7.6842   3.612602   3.614655     1.9695      91.84     0.0220 5.1273e-02 1.9438e+00    325.352 291.721104    5.31211    35.0604    35.0830    27.3685    1486.92    1488.63 0.0000e+00
       7831    340.000     7.6847     7.6843   3.612662   3.614704     1.9692      98.68     0.0222 5.1273e-02 1.9438e+00    326.240 291.721114    5.29336    35.0604    35.0829    27.3686    1486.94    1488.63 0.0000e+00
       7852    341.000     7.6844     7.6841   3.612692   3.614730     1.9668      35.40     0.0227 5.1280e-02 1.9438e+00    327.129 291.721124    5.28654    35.0606    35.0829    27.3687    1486.96    1488.62 0.0000e+00
       7873    342.000     7.6843     7.6840   3.612713   3.614766     1.9665      72.79     0.0229 5.1273e-02 1.9438e+00    328.010 291.721134    5.28824    35.0604    35.0829    27.3686    1486.97    1488.62 0.0000e+00
       7894    343.000     7.6840     7.6836   3.612745   3.614795     1.9649      33.89     0.0238 5.1273e-02 1.9438e+00    328.886 291.721144    5.28275    35.0606    35.0831    27.3688    1486.99    1488.61 0.0000e+00
       7915    344.000     7.6835     7.6831   3.612748   3.614797     1.9640      33.88     0.0223 5.1273e-02 -9.990e-29    329.754 291.721155    5.28585    35.0606    35.0832    27.3689    1487.00    1488.61 0.0000e+00
       7936    345.000     7.6832     7.6828   3.612769   3.614811     1.9638      32.54     0.0196 5.1273e-02 -9.990e-29    330.615 291.721165    5.29572    35.0607    35.0831    27.3690    1487.02    1488.60 0.0000e+00
       7957    346.000     7.6832     7.6828   3.612820   3.614855     1.9647      31.35     0.0202 5.1280e-02 -9.990e-29    331.483 291.721175    5.30284    35.0607    35.0831    27.3690    1487.03    1488.60 0.0000e+00
       7978    347.000     7.6833     7.6828   3.612864   3.614902     1.9650      30.42     0.0217 5.1280e-02 -9.990e-29    332.366 291.721185    5.30312    35.0606    35.0831    27.3689    1487.05    1488.59 0.0000e+00
       7999    348.000     7.6833     7.6828   3.612915   3.614956     1.9658      29.42     0.0227 5.1259e-02 1.9438e+00    333.254 291.721195    5.31036    35.0607    35.0832    27.3690    1487.07    1488.59 0.0000e+00
       8020    349.000     7.6834     7.6829   3.612963   3.615009     1.9667      28.44     0.0213 5.1280e-02 1.9438e+00    334.146 291.721205    5.31543    35.0606    35.0832    27.3689    1487.08    1488.59 0.0000e+00
       8041    350.000     7.6828     7.6824   3.612962   3.615011     1.9674      27.46     0.0225 5.1273e-02 1.9438e+00    335.020 291.721215    5.31495    35.0607    35.0833    27.3691    1487.10    1488.58 0.0000e+00
       8062    351.000     7.6820     7.6816   3.612943   3.614994     1.9679      26.71     0.0215 5.1280e-02 1.9438e+00    335.887 291.721226    5.31107    35.0608    35.0834    27.3693    1487.11    1488.58 0.0000e+00
       8083    352.000     7.6820     7.6816   3.612997   3.615035     1.9673      25.75     0.0216 5.1294e-02 1.9438e+00    336.766 291.721236    5.30052    35.0609    35.0834    27.3694    1487.13    1488.57 0.0000e+00
       8105    353.000     7.6823     7.6816   3.613080   3.615078     1.9662      24.55     0.0213 5.1273e-02 1.9438e+00    337.647 291.721246    5.29783    35.0610    35.0833    27.3694    1487.15    1488.57 0.0000e+00
       8126    354.000     7.6827     7.6823   3.613160   3.615212     1.9655      23.47     0.0223 5.1273e-02 1.9438e+00    338.531 291.721256    5.29754    35.0610    35.0836    27.3693    1487.16    1488.57 0.0000e+00
       8147    355.000     7.6827     7.6825   3.613209   3.615276     1.9650      22.50     0.0250 5.1273e-02 1.9438e+00    339.413 291.721266    5.30064    35.0611    35.0836    27.3694    1487.18    1488.56 0.0000e+00
       8168    356.000     7.6827     7.6822   3.613256   3.615295     1.9650      21.51     0.0257 5.1273e-02 1.9438e+00    340.287 291.721276    5.30062    35.0611    35.0836    27.3694    1487.20    1488.56 0.0000e+00
       8189    357.000     7.6822     7.6818   3.613249   3.615287     1.9643      20.48     0.0219 5.1273e-02 1.9438e+00    341.181 291.721287    5.29430    35.0610    35.0835    27.3694    1487.21    1488.55 0.0000e+00
       8211    358.000     7.6829     7.6827   3.613360   3.615438     1.9637      19.51     0.0217 5.1294e-02 -9.990e-29    342.080 291.721297    5.29808    35.0611    35.0837    27.3693    1487.23    1488.55 0.0000e+00
       8232    359.000     7.6831     7.6827   3.613431   3.615475     1.9636      18.51     0.0214 5.1287e-02 -9.990e-29    342.963 291.721307    5.29550    35.0611    35.0836    27.3694    1487.25    1488.55 0.0000e+00
       8253    360.000     7.6836     7.6832   3.613520   3.615576     1.9627      17.52     0.0204 5.1287e-02 -9.990e-29    343.828 291.721317    5.29270    35.0611    35.0837    27.3693    1487.27    1488.54 0.0000e+00
       8273    361.000     7.6839     7.6835   3.613596   3.615642     1.9625      16.56     0.0244 5.1273e-02 -9.990e-29    344.680 291.721327    5.30012    35.0611    35.0837    27.3692    1487.28    1488.54 0.0000e+00
       8294    362.000     7.6840     7.6837   3.613655   3.615708     1.9632      15.57     0.0251 5.1287e-02 1.9438e+00    345.535 291.721337    5.30807    35.0612    35.0837    27.3693    1487.30    1488.54 0.0000e+00
       8315    363.000     7.6840     7.6835   3.613709   3.615751     1.9635      14.56     0.0229 5.1294e-02 1.9438e+00    346.416 291.721347    5.29713    35.0613    35.0839    27.3694    1487.32    1488.53 0.0000e+00
       8336    364.000     7.6839     7.6835   3.613740   3.615788     1.9622      13.55     0.0235 5.1280e-02 1.9438e+00    347.310 291.721358    5.28828    35.0613    35.0838    27.3693    1487.33    1488.53 0.0000e+00
