testdata/CTD/sta0410.cnv
* Sea-Bird SBE 9 Data File:
* FileName = C:\Seabird\CTDData\sta0410.hex
* Software Version Seasave V 7.21f
* Temperature SN = 4557
* Conductivity SN = 1337
* Number of Bytes Per Scan = 40
* Number of Voltage Words = 5
* Number of Scans Averaged by the Deck Unit = 1
* NMEA Latitude = 60 52.00 N
* NMEA Longitude = 005 21.67 E
* NMEA UTC (Time) = Oct 14 2018 08:41:30
* NMEA baud rate = 4800
** Ship: 10 F/F "G. O. Sars"
** Station: 0410
** Echodepth: 467
** Log: 5342.64
** Wind-Dir Force: 20 10
** Air-temp (dry): 16.6
** Weather Sky: 2 8
** Sea Ice: 3 0
# nquan = 20                                
# nvalues = 458                         
# units = specified
# name 0 = scan: Scan Count
# name 1 = prDM: Pressure, Digiquartz [db]
# name 2 = t068C: Temperature [ITS-68, deg C]
# name 3 = t168C: Temperature, 2 [ITS-68, deg C]
# name 4 = c0S/m: Conductivity [S/m]
# name 5 = c1S/m: Conductivity, 2 [S/m]
# name 6 = sbeox0V: Oxygen raw, SBE 43 [V]
# name 7 = altM: Altimeter [m]
# name 8 = flC: Fluorescence, Chelsea Aqua 3 Chl Con [ug/l]
# name 9 = par: PAR/Irradiance, Biospherical/Licor
# name 10 = spar: SPAR/Surface Irradiance
# name 11 = timeS: Time, Elapsed [seconds]
# name 12 = timeJ: Julian Days
# name 13 = sbeox0ML/L: Oxygen, SBE 43 [ml/l], WS = 2
# name 14 = sal00: Salinity, Practical [PSU]
# name 15 = sal11: Salinity, Practical, 2 [PSU]
# name 16 = sigma-t00: Density [sigma-t, Kg/m^3 ]
# name 17 = svCM: Sound Velocity [Chen-Millero, m/s]
# name 18 = avgsvCM: Average Sound Velocity [Chen-Millero, m/s], minP = 1, minS = 5
# name 19 = flag: flag
# span 0 =        367,      10176       
# span 1 =      3.000,    460.000       
# span 2 =     8.0812,    15.8497       
# span 3 =     8.0808,    15.8535       
# span 4 =   1.508949,   3.981562       
# span 5 =   1.465126,   3.983917       
# span 6 =     0.8903,     2.3328       
# span 7 =      16.38,      98.98       
# span 8 =     0.0214,     0.2621       
# span 9 = 5.1238e-02, 3.8243e+00       
# span 10 = 2.8900e+01, 8.3583e+01      
# span 11 =     15.256,    423.976      
# span 12 = 287.362352, 287.367083      
# span 13 =    1.34790,    6.51855      
# span 14 =    11.9860,    35.0215      
# span 15 =    11.6249,    35.0445      
# span 16 =     8.7750,    27.2602      
# span 17 =    1469.68,    1505.19      
# span 18 =    1469.68,    1498.03      
# span 19 = 0.0000e+00, 0.0000e+00      
# interval = decibars: 1                
# start_time = Oct 14 2018 08:41:32 [System UTC, header]
# bad_flag = -9.990e-29
*END*
[from data line 435]
       9668    438.000     8.1980     8.1978   3.660997   3.663121     0.9291      38.64     0.0421 5.1273e-02 3.4988e+01    402.782 287.366838    1.49687    35.0195    35.0423    27.2595    1490.45    1488.74 0.0000e+00
       9689    439.000     8.1983     8.1981   3.661077   3.663202     0.9291      37.57     0.0380 5.1273e-02 3.4988e+01    403.674 287.366848    1.49554    35.0195    35.0424    27.2595    1490.46    1488.75 0.0000e+00
       9711    440.000     8.1985     8.1981   3.661133   3.663255     0.9284      48.30     0.0384 5.1273e-02 3.4988e+01    404.571 287.366858    1.49071    35.0195    35.0425    27.2594    1490.48    1488.75 0.0000e+00
       9732    441.000     8.1986     8.1983   3.661196   3.663316     0.9279      60.40     0.0394 5.1273e-02 3.4988e+01    405.459 287.366869    1.48451    35.0196    35.0425    27.2595    1490.50    1488.76 0.0000e+00
       9753    442.000     8.1987     8.1984   3.661247   3.663358     0.9266      34.67     0.0391 5.1273e-02 3.4988e+01    406.351 287.366879    1.48195    35.0195    35.0423    27.2594    1490.51    1488.76 0.0000e+00
       9775    443.000     8.1989     8.1986   3.661304   3.663442     0.9259      33.96     0.0396 5.1273e-02 3.4988e+01    407.246 287.366889    1.47997    35.0195    35.0426    27.2594    1490.53    1488.76 0.0000e+00
       9796    444.000     8.1991     8.1988   3.661382   3.663507     0.9250      32.79     0.0387 5.1273e-02 3.3490e+01    408.135 287.366900    1.47669    35.0196    35.0426    27.2595    1490.55    1488.77 0.0000e+00
       9818    445.000     8.1994     8.1991   3.661464   3.663581     0.9242      31.67     0.0370 5.1280e-02 3.4574e+01    409.035 287.366910    1.47617    35.0197    35.0426    27.2595    1490.57    1488.77 0.0000e+00
       9839    446.000     8.2001     8.1998   3.661605   3.663737     0.9238      30.65     0.0359 5.1273e-02 3.4994e+01    409.930 287.366920    1.47492    35.0201    35.0431    27.2596    1490.59    1488.78 0.0000e+00
       9861    447.000     8.2008     8.2005   3.661745   3.663875     0.9230      29.60     0.0373 5.1280e-02 3.4988e+01    410.819 287.366931    1.47122    35.0204    35.0434    27.2598    1490.61    1488.78 0.0000e+00
       9882    448.000     8.2017     8.2013   3.661887   3.664023     0.9224      28.62     0.0391 5.1273e-02 3.4988e+01    411.723 287.366941    1.46738    35.0205    35.0437    27.2598    1490.63    1488.78 0.0000e+00
       9904    449.000     8.2019     8.2017   3.661981   3.664111     0.9213      27.68     0.0377 5.1266e-02 3.4988e+01    412.620 287.366952    1.45480    35.0209    35.0438    27.2600    1490.64    1488.79 0.0000e+00
       9925    450.000     8.2022     8.2019   3.662058   3.664182     0.9189      26.60     0.0363 5.1273e-02 3.4988e+01    413.520 287.366962    1.43709    35.0209    35.0439    27.2600    1490.66    1488.79 0.0000e+00
       9947    451.000     8.2024     8.2021   3.662125   3.664251     0.9163      25.63     0.0367 5.1273e-02 3.4987e+01    414.419 287.366972    1.42287    35.0210    35.0439    27.2600    1490.68    1488.80 0.0000e+00
       9968    452.000     8.2025     8.2022   3.662192   3.664300     0.9128      24.61     0.0389 5.1273e-02 3.4398e+01    415.311 287.366983    1.40739    35.0211    35.0439    27.2601    1490.69    1488.80 0.0000e+00
       9990    453.000     8.2027     8.2024   3.662240   3.664373     0.9096      23.61     0.0411 5.1280e-02 3.3730e+01    416.210 287.366993    1.39845    35.0209    35.0440    27.2599    1490.71    1488.81 0.0000e+00
      10012    454.000     8.2033     8.2030   3.662361   3.664494     0.9067      22.63     0.0421 5.1299e-02 3.3156e+01    417.107 287.367004    1.39065    35.0212    35.0442    27.2600    1490.73    1488.81 0.0000e+00
      10033    455.000     8.2038     8.2034   3.662472   3.664595     0.9042      21.63     0.0412 5.1287e-02 3.3044e+01    418.000 287.367014    1.38671    35.0214    35.0444    27.2601    1490.75    1488.81 0.0000e+00
      10054    456.000     8.2039     8.2037   3.662537   3.664657     0.9019      20.65     0.0401 5.1273e-02 3.0858e+01    418.896 287.367024    1.37862    35.0215    35.0443    27.2602    1490.77    1488.82 0.0000e+00
      10076    457.000     8.2041     8.2038   3.662588   3.664713     0.8996      19.69     0.0400 5.1280e-02 3.2987e+01    419.782 287.367035    1.36939    35.0214    35.0443    27.2601    1490.78    1488.82 0.0000e+00
      10097    458.000     8.2043     8.2038   3.662652   3.664766     0.8972      18.73     0.0416 5.1286e-02 3.3044e+01    420.680 287.367045    1.35781    35.0214    35.0444    27.2600    1490.80    1488.83 0.0000e+00
      10119    459.000     8.2044     8.2040   3.662705   3.664830     0.8943      17.71     0.0417 5.1300e-02 3.3044e+01    421.576 287.367055    1.34943    35.0214    35.0444    27.2600    1490.82    1488.83 0.0000e+00
      10176    460.000     8.2045     8.2042   3.662722   3.664897     0.8903      16.38     0.0427 5.1312e-02 3.3044e+01    423.976 287.367083    1.34790    35.0210    35.0445    27.2597    1490.83    1488.84 0.0000e+00
