testdata/CTD/sta0426.cnv
* Sea-Bird SBE 9 Data File:
* FileName = C:\Seabird\CTDData\sta0426.hex
* Software Version Seasave V 7.21f
* Temperature SN = 4557
* Conductivity SN = 1337
* Number of Bytes Per Scan = 40
* Number of Voltage Words = 5
* Number of Scans Averaged by the Deck Unit = 1
* NMEA Latitude = 61 28.06 N
* NMEA Longitude = 005 38.01 E
* NMEA UTC (Time) = Oct 20 2018 00:49:00
* NMEA baud rate = 4800
** Ship: 10 F/F "G. O. Sars"
** Station: 0426
** Echodepth: 325
** Log: 5696.845
** Wind-Dir Force: 04 09
** Air-temp (dry): 7.3
** Weather Sky: 0 0
** Sea Ice: 0 0
# nquan = 20                                
# nvalues = 314                         
# units = specified
# name 0 = scan: Scan Count
# name 1 = prDM: Pressure, Digiquartz [db]
# name 2 = t068C: Temperature [ITS-68, deg C]
# name 3 = t168C: Temperature, 2 [ITS-68, deg C]
# name 4 = c0S/m: Conductivity [S/m]
# name 5 = c1S/m: Conductivity, 2 [S/m]
# name 6 = sbeox0V: Oxygen raw, SBE 43 [V]
# name 7 = altM: Altimeter [m]
# name 8 = flC: Fluorescence, Chelsea Aqua 3 Chl Con [ug/l]
# name 9 = par: PAR/Irradiance, Biospherical/Licor
# name 10 = spar: SPAR/Surface Irradiance
# name 11 = timeS: Time, Elapsed [seconds]
# name 12 = timeJ: Julian Days
# name 13 = sbeox0ML/L: Oxygen, SBE 43 [ml/l], WS = 2
# name 14 = sal00: Salinity, Practical [PSU]
# name 15 = sal11: Salinity, Practical, 2 [PSU]
# name 16 = sigma-t00: Density [sigma-t, Kg/m^3 ]
# name 17 = svCM: Sound Velocity [Chen-Millero, m/s]
# name 18 = avgsvCM: Average Sound Velocity [Chen-Millero, m/s], minP = 1, minS = 5
# name 19 = flag: flag
# span 0 =        390,       7110       
# span 1 =      3.000,    316.000       
# span 2 =     8.0627,    14.8593       
# span 3 =     8.0624,    14.8596       
# span 4 =   3.160137,   3.896680       
# span 5 =   3.177906,   3.898720       
# span 6 =     1.4920,     2.1959       
# span 7 =      16.38,      99.75       
# span 8 =     0.0223,     0.1179       
# span 9 = 5.1238e-02, 4.7944e-01       
# span 10 = 1.9438e+00, 1.9438e+00      
# span 11 =     16.221,    296.197      
# span 12 = 293.034250, 293.037491      
# span 13 =    3.38356,    5.49053      
# span 14 =    26.1710,    34.7795      
# span 15 =    26.3278,    34.8002      
# span 16 =    19.5477,    27.0912      
# span 17 =    1484.26,    1502.23      
# span 18 =    1488.22,    1498.51      
# span 19 = 0.0000e+00, 0.0000e+00      
# interval = decibars: 1                
# start_time = Oct 20 2018 00:49:03 [System UTC, header]
# bad_flag = -9.990e-29
*END*
        390      3.000    13.0953    13.1038   3.160137   3.177906     2.1959      98.65     0.1179 4.7944e-01 1.9438e+00     16.221 293.034250    5.49053    26.1710    26.3278    19.5477    1490.12    1490.12 0.0000e+00
        426      4.000    13.1956    13.2077   3.285467   3.288739     2.1938      98.65     0.1109 2.6080e-01 -9.990e-29     17.689 293.034267    5.43292    27.2487    27.2700    20.3609    1491.75    1490.53 0.0000e+00
        449      5.000    13.3292    13.3377   3.348829   3.354734     2.1929      98.66     0.1067 1.6753e-01 -9.990e-29     18.652 293.034278    5.39692    27.7332    27.7811    20.7096    1492.79    1490.98 0.0000e+00
        469      6.000    13.4224    13.4317   3.396337   3.401183     2.1909      98.69     0.0979 1.1033e-01 -9.990e-29     19.517 293.034288    5.36442    28.1002    28.1378    20.9751    1493.55    1491.41 0.0000e+00
        491      7.000    13.7930    13.7833   3.484487   3.486256     2.1894      98.72     0.0917 7.4598e-02 1.9438e+00     20.403 293.034299    5.30120    28.6309    28.6543    21.3127    1495.42    1491.98 0.0000e+00
        512      8.000    13.8052    13.8196   3.502576   3.507533     2.1869      96.95     0.0833 5.2853e-02 1.9438e+00     21.304 293.034309    5.28977    28.7863    28.8207    21.4301    1495.66    1492.44 0.0000e+00
        534      9.000    14.2028    14.2033   3.573315   3.575815     2.1862      92.89     0.0789 5.1238e-02 1.9438e+00     22.198 293.034319    5.23187    29.1296    29.1518    21.6156    1497.40    1492.99 0.0000e+00
        555     10.000    14.3893    14.3932   3.621778   3.625122     2.1835      98.75     0.0700 5.1273e-02 1.9438e+00     23.103 293.034330    5.19213    29.4260    29.4532    21.8062    1498.37    1493.52 0.0000e+00
        577     11.000    14.5768    14.5785   3.677913   3.680588     2.1815      98.75     0.0623 5.1266e-02 1.9438e+00     24.008 293.034340    5.14723    29.7883    29.8111    22.0469    1499.42    1494.06 0.0000e+00
        599     12.000    14.7752    14.7784   3.759652   3.763851     2.1767      91.02     0.0560 5.1247e-02 1.9438e+00     24.910 293.034351    5.07641    30.3695    30.4047    22.4531    1500.75    1494.61 0.0000e+00
        620     13.000    14.8593    14.8596   3.829090   3.832910     2.1682      98.14     0.0509 5.1266e-02 -9.990e-29     25.812 293.034361    5.01263    30.9269    30.9610    22.8646    1501.69    1495.15 0.0000e+00
        642     14.000    14.8067    14.8066   3.878390   3.881369     2.1602      53.66     0.0453 5.1280e-02 -9.990e-29     26.704 293.034372    4.98911    31.4124    31.4393    23.2496    1502.10    1495.65 0.0000e+00
        664     15.000    14.7802    14.7799   3.888253   3.890424     2.1546      16.38     0.0397 5.1299e-02 -9.990e-29     27.605 293.034382    4.99328    31.5224    31.5422    23.3399    1502.16    1496.08 0.0000e+00
        685     16.000    14.7672    14.7666   3.896003   3.898311     2.1540      93.70     0.0393 5.1260e-02 -9.990e-29     28.510 293.034392    5.01861    31.6025    31.6239    23.4044    1502.23    1496.46 0.0000e+00
        707     17.000    14.6160    14.6150   3.896404   3.898611     2.1579      95.81     0.0368 5.1273e-02 1.9438e+00     29.412 293.034403    5.06021    31.7289    31.7497    23.5336    1501.91    1496.78 0.0000e+00
        728     18.000    14.4917    14.4911   3.896680   3.898720     2.1618      98.38     0.0372 5.1273e-02 1.9438e+00     30.311 293.034413    5.06911    31.8327    31.8518    23.6397    1501.64    1497.05 0.0000e+00
        750     19.000    14.3626    14.3615   3.893883   3.895883     2.1627      98.75     0.0370 5.1266e-02 1.9438e+00     31.206 293.034424    5.07749    31.9131    31.9322    23.7286    1501.34    1497.28 0.0000e+00
        771     20.000    14.2701    14.2686   3.888537   3.890432     2.1640      98.75     0.0356 5.1273e-02 1.9438e+00     32.099 293.034434    5.08842    31.9402    31.9588    23.7687    1501.08    1497.47 0.0000e+00
        793     21.000    14.2303    14.2298   3.889080   3.891079     2.1642      91.68     0.0346 5.1246e-02 1.9438e+00     32.998 293.034444    5.08815    31.9777    31.9964    23.8059    1501.01    1497.64 0.0000e+00
        814     22.000    14.2100    14.2096   3.889794   3.891805     2.1636      98.75     0.0307 5.1266e-02 1.9438e+00     33.895 293.034455    5.07284    32.0007    32.0194    23.8278    1500.99    1497.79 0.0000e+00
        836     23.000    14.1235    14.1220   3.885440   3.887309     2.1592      98.75     0.0342 5.1273e-02 1.9438e+00     34.799 293.034465    5.05386    32.0321    32.0505    23.8699    1500.76    1497.92 0.0000e+00
        858     24.000    13.9962    13.9944   3.881276   3.883127     2.1544      93.13     0.0348 5.1273e-02 1.9438e+00     35.700 293.034476    5.05666    32.0994    32.1179    23.9480    1500.44    1498.02 0.0000e+00
        879     25.000    13.8745    13.8729   3.875262   3.877046     2.1514      97.54     0.0346 5.1273e-02 1.9438e+00     36.593 293.034486    5.05567    32.1452    32.1630    24.0082    1500.11    1498.11 0.0000e+00
        901     26.000    13.7981    13.7963   3.873756   3.875563     2.1453      98.57     0.0366 5.1273e-02 1.9438e+00     37.493 293.034496    5.01652    32.1949    32.2131    24.0621    1499.94    1498.18 0.0000e+00
        922     27.000    13.7329    13.7323   3.873683   3.875626     2.1342      67.01     0.0371 5.1273e-02 -9.990e-29     38.388 293.034507    4.97672    32.2486    32.2671    24.1169    1499.80    1498.24 0.0000e+00
        944     28.000    13.6959    13.6954   3.874390   3.876293     2.1251      85.64     0.0354 5.1280e-02 -9.990e-29     39.281 293.034517    4.97175    32.2859    32.3040    24.1532    1499.74    1498.29 0.0000e+00
        965     29.000    13.6470    13.6461   3.873082   3.874974     2.1194      94.41     0.0328 5.1266e-02 -9.990e-29     40.185 293.034528    4.97028    32.3146    32.3330    24.1853    1499.63    1498.34 0.0000e+00
        987     30.000    13.5768    13.5757   3.871305   3.873211     2.1141      98.34     0.0305 5.1266e-02 -9.990e-29     41.085 293.034538    4.95926    32.3570    32.3757    24.2322    1499.47    1498.37 0.0000e+00
       1009     31.000    13.5503    13.5500   3.871813   3.873760     2.1083      98.75     0.0341 5.1260e-02 1.9438e+00     41.987 293.034549    4.94177    32.3838    32.4022    24.2582    1499.43    1498.41 0.0000e+00
       1030     32.000    13.5475    13.5479   3.872450   3.874419     2.1025      98.75     0.0360 5.1273e-02 1.9438e+00     42.892 293.034559    4.93263    32.3917    32.4097    24.2649    1499.44    1498.44 0.0000e+00
       1052     33.000    13.5059    13.5051   3.870040   3.871893     2.0991      95.74     0.0342 5.1266e-02 1.9438e+00     43.790 293.034569    4.93250    32.4041    32.4221    24.2829    1499.34    1498.47 0.0000e+00
       1074     34.000    13.4059    13.4054   3.866737   3.868680     2.0957      74.11     0.0305 5.1260e-02 1.9438e+00     44.697 293.034580    4.94058    32.4579    32.4765    24.3444    1499.09    1498.49 0.0000e+00
       1095     35.000    13.3524    13.3517   3.866674   3.868616     2.0940      28.39     0.0293 5.1293e-02 1.9438e+00     45.599 293.034590    4.94190    32.5025    32.5213    24.3896    1498.98    1498.50 0.0000e+00
       1117     36.000    13.2759    13.2750   3.868182   3.870125     2.0924      98.34     0.0271 5.1280e-02 -9.990e-29     46.492 293.034601    4.93552    32.5816    32.6006    24.4660    1498.83    1498.51 0.0000e+00
       1138     37.000    13.1924    13.1913   3.864048   3.865874     2.0880      98.75     0.0266 5.1267e-02 -9.990e-29     47.388 293.034611    4.91766    32.6139    32.6320    24.5076    1498.61    1498.51 0.0000e+00
       1160     38.000    13.1395    13.1382   3.860869   3.862709     2.0830      98.76     0.0287 5.1266e-02 -9.990e-29     48.279 293.034621    4.91333    32.6290    32.6475    24.5298    1498.47    1498.51 0.0000e+00
       1181     39.000    13.1145    13.1139   3.860194   3.862120     2.0799      98.53     0.0331 5.1260e-02 -9.990e-29     49.175 293.034632    4.91039    32.6438    32.6624    24.5461    1498.42    1498.51 0.0000e+00
       1203     40.000    13.0960    13.0956   3.860789   3.862709     2.0765      95.16     0.0310 5.1252e-02 1.9438e+00     50.080 293.034642    4.90611    32.6649    32.6833    24.5661    1498.40    1498.51 0.0000e+00
       1224     41.000    13.0547    13.0552   3.859457   3.861403     2.0745      98.04     0.0320 5.1260e-02 1.9438e+00     50.976 293.034652    4.90695    32.6875    32.7054    24.5918    1498.30    1498.50 0.0000e+00
       1246     42.000    12.9804    12.9799   3.858187   3.860113     2.0721      98.75     0.0327 5.1253e-02 1.9438e+00     51.870 293.034663    4.90324    32.7392    32.7579    24.6464    1498.13    1498.49 0.0000e+00
       1267     43.000    12.9083    12.9071   3.857084   3.858967     2.0695      98.09     0.0330 5.1266e-02 1.9438e+00     52.765 293.034673    4.89787    32.7908    32.8097    24.7005    1497.97    1498.48 0.0000e+00
       1289     44.000    12.8088    12.8081   3.854555   3.856407     2.0657      98.74     0.0354 5.1273e-02 1.9438e+00     53.660 293.034684    4.88963    32.8528    32.8710    24.7679    1497.72    1498.46 0.0000e+00
       1310     45.000    12.6711    12.6693   3.850185   3.852014     2.0617      98.73     0.0356 5.1280e-02 1.9438e+00     54.555 293.034694    4.87873    32.9308    32.9498    24.8551    1497.37    1498.44 0.0000e+00
       1332     46.000    12.6292    12.6285   3.849036   3.850901     2.0543      98.47     0.0341 5.1273e-02 1.9438e+00     55.454 293.034704    4.84046    32.9561    32.9745    24.8828    1497.27    1498.41 0.0000e+00
       1353     47.000    12.5842    12.5836   3.847466   3.849347     2.0460      98.32     0.0333 5.1273e-02 1.9438e+00     56.352 293.034715    4.82935    32.9801    32.9986    24.9101    1497.17    1498.39 0.0000e+00
       1375     48.000    12.5525    12.5519   3.846434   3.848327     2.0406      98.51     0.0276 5.1273e-02 1.9438e+00     57.253 293.034725    4.82319    32.9976    33.0162    24.9298    1497.10    1498.36 0.0000e+00
       1397     49.000    12.5121    12.5104   3.845482   3.847341     2.0348      98.75     0.0288 5.1273e-02 1.9438e+00     58.148 293.034736    4.80660    33.0235    33.0428    24.9577    1497.01    1498.33 0.0000e+00
       1418     50.000    12.4687    12.4671   3.843432   3.845271     2.0292      98.75     0.0295 5.1273e-02 -9.990e-29     59.044 293.034746    4.79559    33.0416    33.0607    24.9800    1496.90    1498.30 0.0000e+00
       1440     51.000    12.4138    12.4126   3.841247   3.843136     2.0238      98.51     0.0291 5.1273e-02 -9.990e-29     59.943 293.034756    4.78529    33.0686    33.0878    25.0115    1496.76    1498.27 0.0000e+00
       1461     52.000    12.3399    12.3389   3.838681   3.840522     2.0189      98.61     0.0330 5.1273e-02 -9.990e-29     60.836 293.034767    4.78729    33.1087    33.1273    25.0567    1496.57    1498.24 0.0000e+00
       1483     53.000    12.2475    12.2471   3.833252   3.835111     2.0164      98.76     0.0351 5.1273e-02 -9.990e-29     61.734 293.034777    4.79291    33.1377    33.1560    25.0968    1496.31    1498.20 0.0000e+00
       1504     54.000    12.1815    12.1808   3.829996   3.831881     2.0126      98.76     0.0340 5.1273e-02 1.9438e+00     62.635 293.034787    4.78044    33.1644    33.1832    25.1300    1496.13    1498.16 0.0000e+00
       1526     55.000    12.0603    12.0596   3.823474   3.825201     2.0087      98.76     0.0327 5.1273e-02 1.9438e+00     63.531 293.034798    4.78719    33.2086    33.2259    25.1872    1495.79    1498.12 0.0000e+00
       1547     56.000    11.9506    11.9496   3.818810   3.820659     2.0066      98.75     0.0321 5.1273e-02 1.9438e+00     64.433 293.034808    4.78946    33.2607    33.2795    25.2482    1495.49    1498.07 0.0000e+00
       1569     57.000    11.8654    11.8647   3.814999   3.816798     2.0024      98.76     0.0332 5.1273e-02 1.9438e+00     65.323 293.034819    4.77436    33.2994    33.3175    25.2942    1495.26    1498.03 0.0000e+00
       1590     58.000    11.6419    11.6387   3.801627   3.803141     1.9978      98.76     0.0326 5.1280e-02 1.9438e+00     66.216 293.034829    4.77537    33.3691    33.3868    25.3898    1494.59    1497.97 0.0000e+00
       1612     59.000    11.5148    11.5130   3.794859   3.796613     1.9917      98.76     0.0330 5.1280e-02 -9.990e-29     67.117 293.034839    4.74913    33.4169    33.4357    25.4503    1494.22    1497.90 0.0000e+00
       1633     60.000    11.4019    11.3997   3.788769   3.790372     1.9821      98.76     0.0355 5.1273e-02 -9.990e-29     68.017 293.034850    4.71320    33.4587    33.4765    25.5035    1493.90    1497.84 0.0000e+00
       1655     61.000    11.1792    11.1758   3.776344   3.777889     1.9723      98.76     0.0337 5.1273e-02 -9.990e-29     68.916 293.034860    4.71159    33.5380    33.5564    25.6055    1493.23    1497.76 0.0000e+00
       1677     62.000    10.9775    10.9757   3.766045   3.767653     1.9647      98.76     0.0327 5.1266e-02 -9.990e-29     69.815 293.034871    4.70187    33.6197    33.6373    25.7052    1492.64    1497.68 0.0000e+00
       1698     63.000    10.8597    10.8587   3.758968   3.760623     1.9541      98.76     0.0348 5.1273e-02 1.9438e+00     70.711 293.034881    4.66275    33.6568    33.6742    25.7550    1492.29    1497.59 0.0000e+00
       1720     64.000    10.7574    10.7559   3.752436   3.754090     1.9426      98.76     0.0323 5.1273e-02 1.9438e+00     71.614 293.034891    4.62947    33.6852    33.7032    25.7953    1491.98    1497.50 0.0000e+00
       1741     65.000    10.5685    10.5658   3.742434   3.743940     1.9307      98.76     0.0354 5.1273e-02 1.9438e+00     72.512 293.034902    4.60298    33.7590    33.7766    25.8858    1491.41    1497.41 0.0000e+00
       1763     66.000    10.3950    10.3925   3.732074   3.733667     1.9180      98.76     0.0399 5.1273e-02 1.9438e+00     73.408 293.034912    4.57080    33.8152    33.8336    25.9598    1490.88    1497.31 0.0000e+00
       1784     67.000    10.1896    10.1879   3.720474   3.722010     1.9047      98.76     0.0374 5.1273e-02 1.9438e+00     74.305 293.034922    4.53757    33.8890    33.9061    26.0526    1490.25    1497.20 0.0000e+00
       1806     68.000     9.9808     9.9792   3.707583   3.709033     1.8898      74.49     0.0353 5.1266e-02 1.9438e+00     75.198 293.034933    4.49757    33.9532    33.9694    26.1382    1489.60    1497.09 0.0000e+00
       1827     69.000     9.7783     9.7754   3.695142   3.696633     1.8750      98.60     0.0354 5.1273e-02 -9.990e-29     76.096 293.034943    4.46089    34.0163    34.0344    26.2215    1488.96    1496.97 0.0000e+00
       1849     70.000     9.6102     9.6072   3.686468   3.687947     1.8581      98.76     0.0356 5.1273e-02 -9.990e-29     77.001 293.034954    4.40088    34.0860    34.1040    26.3038    1488.45    1496.85 0.0000e+00
       1870     71.000     9.3844     9.3810   3.671870   3.673285     1.8395      98.76     0.0338 5.1273e-02 -9.990e-29     77.891 293.034964    4.34599    34.1497    34.1676    26.3907    1487.72    1496.72 0.0000e+00
       1892     72.000     9.2159     9.2135   3.661983   3.663360     1.8199      98.76     0.0362 5.1273e-02 1.9438e+00     78.786 293.034974    4.28462    34.2079    34.2245    26.4635    1487.20    1496.59 0.0000e+00
       1913     73.000     9.0283     9.0249   3.650431   3.651855     1.7993      98.76     0.0379 5.1273e-02 1.9438e+00     79.683 293.034985    4.21743    34.2672    34.2854    26.5402    1486.60    1496.45 0.0000e+00
       1935     74.000     8.8331     8.8303   3.640295   3.641762     1.7765      96.61     0.0362 5.1266e-02 1.9438e+00     80.579 293.034995    4.12823    34.3491    34.3673    26.6353    1485.99    1496.31 0.0000e+00
