testdata/CTD/sta0425.cnv
* Sea-Bird SBE 9 Data File:
* FileName = C:\Seabird\CTDData\sta0425.hex
* Software Version Seasave V 7.21f
* Temperature SN = 4557
* Conductivity SN = 1337
* Number of Bytes Per Scan = 40
* Number of Voltage Words = 5
* Number of Scans Averaged by the Deck Unit = 1
* NMEA Latitude = 61 27.01 N
* NMEA Longitude = 005 29.10 E
* NMEA UTC (Time) = Oct 19 2018 22:55:48
* NMEA baud rate = 4800
** Ship: 10 F/F "G. O. Sars"
** Station: 0425
** Echodepth: 410
** Log: 5692.426
** Wind-Dir Force: 10 06
** Air-temp (dry): 7.9
** Weather Sky: 0 0
** Sea Ice: 0 0
# nquan = 20                                
# nvalues = 399                         
# units = specified
# name 0 = scan: Scan Count
# name 1 = prDM: Pressure, Digiquartz [db]
# name 2 = t068C: Temperature [ITS-68, deg C]
# name 3 = t168C: Temperature, 2 [ITS-68, deg C]
# name 4 = c0S/m: Conductivity [S/m]
# name 5 = c1S/m: Conductivity, 2 [S/m]
# name 6 = sbeox0V: Oxygen raw, SBE 43 [V]
# name 7 = altM: Altimeter [m]
# name 8 = flC: Fluorescence, Chelsea Aqua 3 Chl Con [ug/l]
# name 9 = par: PAR/Irradiance, Biospherical/Licor
# name 10 = spar: SPAR/Surface Irradiance
# name 11 = timeS: Time, Elapsed [seconds]
# name 12 = timeJ: Julian Days
# name 13 = sbeox0ML/L: Oxygen, SBE 43 [ml/l], WS = 2
# name 14 = sal00: Salinity, Practical [PSU]
# name 15 = sal11: Salinity, Practical, 2 [PSU]
# name 16 = sigma-t00: Density [sigma-t, Kg/m^3 ]
# name 17 = svCM: Sound Velocity [Chen-Millero, m/s]
# name 18 = avgsvCM: Average Sound Velocity [Chen-Millero, m/s], minP = 1, minS = 5
# name 19 = flag: flag
# span 0 =        649,       9179       
# span 1 =      2.000,    400.000       
# span 2 =     8.0600,    14.3957       
# span 3 =     8.0599,    14.3977       
# span 4 =   1.006264,   3.854981       
# span 5 =   1.073381,   3.856815       
# span 6 =     1.5163,     2.4249       
# span 7 =      17.61,      99.55       
# span 8 =     0.0221,     0.2152       
# span 9 = 5.1239e-02, 1.1028e+00       
# span 10 = 1.9438e+00, 1.9438e+00      
# span 11 =     27.015,    382.424      
# span 12 = 292.955764, 292.959878      
# span 13 =    3.47337,    7.25872      
# span 14 =     8.2540,    34.7788      
# span 15 =     8.8262,    34.7992      
# span 16 =     6.1804,    27.0906      
# span 17 =    1456.13,    1500.67      
# span 18 =    1456.13,    1495.71      
# span 19 = 0.0000e+00, 0.0000e+00      
# interval = decibars: 1                
# start_time = Oct 19 2018 22:55:51 [System UTC, header]
# bad_flag = -9.990e-29
*END*
[from data line 290]
       6872    292.000     8.0608     8.0607   3.619090   3.620975     1.7171      98.80     0.0259 5.1266e-02 1.9438e+00    286.271 292.958765    4.32204    34.7775    34.7977    27.0903    1487.22    1487.85 0.0000e+00
       6893    293.000     8.0608     8.0608   3.619153   3.621023     1.7173      98.80     0.0276 5.1266e-02 1.9438e+00    287.165 292.958775    4.32812    34.7777    34.7977    27.0904    1487.24    1487.85 0.0000e+00
       6914    294.000     8.0609     8.0609   3.619204   3.620988     1.7171      98.80     0.0277 5.1273e-02 -9.990e-29    288.058 292.958785    4.32394    34.7776    34.7967    27.0904    1487.26    1487.84 0.0000e+00
       6936    295.000     8.0610     8.0609   3.619251   3.621139     1.7166      98.80     0.0285 5.1273e-02 -9.990e-29    288.954 292.958796    4.31867    34.7776    34.7979    27.0903    1487.27    1487.84 0.0000e+00
       6957    296.000     8.0611     8.0610   3.619314   3.621189     1.7158      98.80     0.0290 5.1266e-02 -9.990e-29    289.854 292.958806    4.31753    34.7777    34.7978    27.0904    1487.29    1487.84 0.0000e+00
       6979    297.000     8.0612     8.0611   3.619360   3.621245     1.7154      98.80     0.0293 5.1273e-02 -9.990e-29    290.749 292.958817    4.31826    34.7776    34.7978    27.0903    1487.31    1487.84 0.0000e+00
       7000    298.000     8.0612     8.0612   3.619417   3.621279     1.7147      98.80     0.0301 5.1273e-02 1.9438e+00    291.645 292.958827    4.31542    34.7777    34.7976    27.0904    1487.32    1487.84 0.0000e+00
       7022    299.000     8.0614     8.0613   3.619469   3.621349     1.7145      98.80     0.0278 5.1246e-02 1.9438e+00    292.542 292.958837    4.31500    34.7776    34.7978    27.0903    1487.34    1487.83 0.0000e+00
       7043    300.000     8.0614     8.0614   3.619522   3.621403     1.7135      98.80     0.0285 5.1273e-02 1.9438e+00    293.434 292.958848    4.30938    34.7777    34.7978    27.0903    1487.36    1487.83 0.0000e+00
       7065    301.000     8.0615     8.0615   3.619577   3.621462     1.7130      98.80     0.0303 5.1273e-02 1.9438e+00    294.334 292.958858    4.31427    34.7777    34.7979    27.0903    1487.37    1487.83 0.0000e+00
       7086    302.000     8.0615     8.0616   3.619630   3.621510     1.7130      98.80     0.0297 5.1273e-02 1.9438e+00    295.227 292.958868    4.31737    34.7778    34.7978    27.0904    1487.39    1487.83 0.0000e+00
       7108    303.000     8.0616     8.0616   3.619683   3.621563     1.7131      98.80     0.0303 5.1273e-02 1.9438e+00    296.120 292.958879    4.31808    34.7778    34.7979    27.0904    1487.41    1487.83 0.0000e+00
       7129    304.000     8.0617     8.0616   3.619726   3.621618     1.7131      98.80     0.0270 5.1273e-02 -9.990e-29    297.016 292.958889    4.31823    34.7777    34.7980    27.0903    1487.42    1487.83 0.0000e+00
       7151    305.000     8.0616     8.0616   3.619777   3.621655     1.7131      98.80     0.0249 5.1273e-02 -9.990e-29    297.908 292.958899    4.31775    34.7778    34.7979    27.0904    1487.44    1487.83 0.0000e+00
       7172    306.000     8.0617     8.0617   3.619831   3.621717     1.7128      98.80     0.0270 5.1273e-02 -9.990e-29    298.806 292.958910    4.31118    34.7778    34.7980    27.0904    1487.46    1487.82 0.0000e+00
       7194    307.000     8.0618     8.0618   3.619881   3.621765     1.7119      98.80     0.0264 5.1273e-02 1.9438e+00    299.701 292.958920    4.31154    34.7778    34.7979    27.0903    1487.47    1487.82 0.0000e+00
       7215    308.000     8.0619     8.0619   3.619941   3.621822     1.7119      98.80     0.0254 5.1273e-02 1.9438e+00    300.588 292.958930    4.31076    34.7778    34.7980    27.0904    1487.49    1487.82 0.0000e+00
       7236    309.000     8.0620     8.0620   3.619996   3.621875     1.7106      44.96     0.0241 5.1315e-02 1.9438e+00    301.472 292.958941    4.30189    34.7779    34.7980    27.0904    1487.51    1487.82 0.0000e+00
       7257    310.000     8.0621     8.0620   3.620052   3.621931     1.7105      77.98     0.0273 5.1280e-02 1.9438e+00    302.353 292.958951    4.31795    34.7779    34.7981    27.0904    1487.52    1487.82 0.0000e+00
       7279    311.000     8.0621     8.0621   3.620107   3.621985     1.7113      98.40     0.0297 5.1273e-02 1.9438e+00    303.233 292.958961    4.31553    34.7780    34.7981    27.0905    1487.54    1487.82 0.0000e+00
       7300    312.000     8.0622     8.0622   3.620159   3.622032     1.7108      98.80     0.0306 5.1259e-02 1.9438e+00    304.114 292.958971    4.31101    34.7780    34.7980    27.0904    1487.56    1487.82 0.0000e+00
       7321    313.000     8.0621     8.0622   3.620206   3.622089     1.7106      98.80     0.0344 5.1259e-02 1.9438e+00    304.990 292.958981    4.31326    34.7781    34.7981    27.0905    1487.57    1487.82 0.0000e+00
       7342    314.000     8.0623     8.0622   3.620261   3.622143     1.7106      98.79     0.0343 5.1266e-02 1.9438e+00    305.874 292.958992    4.31096    34.7780    34.7982    27.0904    1487.59    1487.82 0.0000e+00
       7363    315.000     8.0623     8.0623   3.620309   3.622201     1.7098      98.80     0.0326 5.1273e-02 1.9438e+00    306.755 292.959002    4.29554    34.7780    34.7983    27.0905    1487.61    1487.82 0.0000e+00
       7384    316.000     8.0624     8.0624   3.620374   3.622256     1.7073      30.26     0.0299 5.1280e-02 1.9438e+00    307.632 292.959012    4.29081    34.7782    34.7983    27.0906    1487.62    1487.82 0.0000e+00
       7405    317.000     8.0625     8.0625   3.620420   3.622305     1.7077      95.12     0.0280 5.1266e-02 1.9438e+00    308.512 292.959022    4.31044    34.7781    34.7982    27.0905    1487.64    1487.82 0.0000e+00
       7426    318.000     8.0627     8.0626   3.620479   3.622359     1.7078      98.87     0.0296 5.1273e-02 -9.990e-29    309.389 292.959032    4.29840    34.7780    34.7982    27.0904    1487.66    1487.82 0.0000e+00
       7447    319.000     8.0628     8.0627   3.620526   3.622413     1.7061      67.64     0.0322 5.1259e-02 -9.990e-29    310.267 292.959042    4.28405    34.7780    34.7983    27.0903    1487.68    1487.81 0.0000e+00
       7469    320.000     8.0628     8.0628   3.620580   3.622463     1.7050      57.79     0.0299 5.1286e-02 -9.990e-29    311.150 292.959053    4.29210    34.7781    34.7982    27.0904    1487.69    1487.81 0.0000e+00
       7490    321.000     8.0629     8.0628   3.620634   3.622519     1.7047      98.14     0.0289 5.1273e-02 -9.990e-29    312.027 292.959063    4.29608    34.7781    34.7983    27.0904    1487.71    1487.81 0.0000e+00
       7511    322.000     8.0629     8.0628   3.620687   3.622561     1.7050      98.80     0.0293 5.1266e-02 1.9438e+00    312.910 292.959073    4.30542    34.7782    34.7983    27.0905    1487.73    1487.81 0.0000e+00
       7532    323.000     8.0629     8.0628   3.620736   3.622622     1.7058      98.80     0.0265 5.1266e-02 1.9438e+00    313.790 292.959083    4.30741    34.7782    34.7985    27.0905    1487.74    1487.81 0.0000e+00
       7553    324.000     8.0630     8.0629   3.620782   3.622672     1.7061      98.80     0.0281 5.1273e-02 1.9438e+00    314.667 292.959093    4.30378    34.7781    34.7984    27.0904    1487.76    1487.81 0.0000e+00
       7574    325.000     8.0631     8.0631   3.620843   3.622717     1.7058      98.80     0.0307 5.1266e-02 1.9438e+00    315.549 292.959104    4.29582    34.7782    34.7982    27.0905    1487.78    1487.81 0.0000e+00
       7595    326.000     8.0632     8.0631   3.620896   3.622778     1.7047      98.80     0.0291 5.1273e-02 1.9438e+00    316.429 292.959114    4.29331    34.7782    34.7984    27.0905    1487.79    1487.81 0.0000e+00
       7616    327.000     8.0632     8.0632   3.620945   3.622828     1.7046      98.80     0.0244 5.1273e-02 -9.990e-29    317.310 292.959124    4.29956    34.7782    34.7984    27.0905    1487.81    1487.81 0.0000e+00
       7638    328.000     8.0634     8.0633   3.621003   3.622887     1.7046      98.80     0.0262 5.1273e-02 -9.990e-29    318.191 292.959134    4.30048    34.7782    34.7984    27.0904    1487.83    1487.81 0.0000e+00
       7659    329.000     8.0635     8.0634   3.621056   3.622940     1.7045      86.55     0.0282 5.1266e-02 -9.990e-29    319.067 292.959144    4.29513    34.7782    34.7984    27.0904    1487.84    1487.81 0.0000e+00
       7680    330.000     8.0636     8.0635   3.621102   3.622998     1.7037      40.94     0.0297 5.1300e-02 -9.990e-29    319.952 292.959155    4.29952    34.7781    34.7985    27.0903    1487.86    1487.81 0.0000e+00
       7701    331.000     8.0637     8.0636   3.621167   3.623054     1.7046      98.74     0.0296 5.1273e-02 1.9438e+00    320.832 292.959165    4.30610    34.7782    34.7985    27.0904    1487.88    1487.81 0.0000e+00
       7722    332.000     8.0638     8.0638   3.621218   3.623115     1.7045      98.80     0.0279 5.1259e-02 1.9438e+00    321.710 292.959175    4.29611    34.7782    34.7985    27.0904    1487.89    1487.81 0.0000e+00
       7743    333.000     8.0639     8.0638   3.621269   3.623157     1.7032      37.44     0.0263 5.1287e-02 1.9438e+00    322.591 292.959185    4.28912    34.7781    34.7984    27.0903    1487.91    1487.81 0.0000e+00
       7764    334.000     8.0639     8.0639   3.621328   3.623210     1.7033      90.50     0.0255 5.1266e-02 1.9438e+00    323.467 292.959195    4.30004    34.7783    34.7984    27.0904    1487.93    1487.81 0.0000e+00
       7785    335.000     8.0640     8.0639   3.621383   3.623263     1.7030      98.91     0.0255 5.1273e-02 1.9438e+00    324.344 292.959205    4.29009    34.7783    34.7985    27.0904    1487.94    1487.81 0.0000e+00
       7806    336.000     8.0641     8.0641   3.621441   3.623333     1.7018      74.09     0.0263 5.1273e-02 1.9438e+00    325.226 292.959216    4.28302    34.7784    34.7986    27.0905    1487.96    1487.82 0.0000e+00
       7827    337.000     8.0643     8.0642   3.621501   3.623382     1.7012      60.16     0.0277 5.1286e-02 1.9438e+00    326.103 292.959226    4.30246    34.7783    34.7985    27.0904    1487.98    1487.82 0.0000e+00
       7849    338.000     8.0643     8.0643   3.621552   3.623437     1.7029      98.21     0.0283 5.1266e-02 1.9438e+00    326.987 292.959236    4.30399    34.7784    34.7986    27.0904    1487.99    1487.82 0.0000e+00
       7870    339.000     8.0644     8.0644   3.621612   3.623487     1.7023      98.80     0.0284 5.1266e-02 1.9438e+00    327.867 292.959246    4.28398    34.7785    34.7985    27.0905    1488.01    1487.82 0.0000e+00
       7891    340.000     8.0645     8.0646   3.621661   3.623550     1.7001      31.20     0.0269 5.1280e-02 1.9438e+00    328.742 292.959256    4.28265    34.7784    34.7985    27.0904    1488.03    1487.82 0.0000e+00
       7912    341.000     8.0646     8.0646   3.621721   3.623603     1.7009      99.19     0.0283 5.1273e-02 -9.990e-29    329.628 292.959267    4.29926    34.7785    34.7986    27.0905    1488.04    1487.82 0.0000e+00
       7933    342.000     8.0647     8.0647   3.621768   3.623651     1.7010      98.79     0.0270 5.1259e-02 -9.990e-29    330.508 292.959277    4.29022    34.7784    34.7985    27.0904    1488.06    1487.82 0.0000e+00
       7954    343.000     8.0648     8.0648   3.621828   3.623709     1.6998      58.00     0.0286 5.1266e-02 -9.990e-29    331.381 292.959287    4.28010    34.7785    34.7986    27.0904    1488.08    1487.82 0.0000e+00
       7975    344.000     8.0649     8.0649   3.621884   3.623762     1.6994      69.46     0.0306 5.1273e-02 -9.990e-29    332.260 292.959297    4.29755    34.7785    34.7986    27.0904    1488.10    1487.82 0.0000e+00
       7996    345.000     8.0650     8.0650   3.621938   3.623817     1.7008      99.04     0.0305 5.1273e-02 1.9438e+00    333.132 292.959307    4.30367    34.7785    34.7986    27.0904    1488.11    1487.82 0.0000e+00
       8017    346.000     8.0651     8.0651   3.621987   3.623869     1.7009      95.38     0.0312 5.1266e-02 1.9438e+00    334.015 292.959317    4.29146    34.7784    34.7986    27.0904    1488.13    1487.82 0.0000e+00
       8038    347.000     8.0652     8.0653   3.622041   3.623928     1.6999      31.53     0.0306 5.1294e-02 1.9438e+00    334.895 292.959327    4.29527    34.7784    34.7985    27.0904    1488.15    1487.82 0.0000e+00
       8060    348.000     8.0654     8.0654   3.622096   3.623979     1.7011      98.95     0.0309 5.1260e-02 1.9438e+00    335.773 292.959338    4.30355    34.7784    34.7985    27.0903    1488.16    1487.82 0.0000e+00
       8081    349.000     8.0654     8.0655   3.622159   3.624040     1.7010      98.80     0.0305 5.1273e-02 1.9438e+00    336.653 292.959348    4.29490    34.7786    34.7986    27.0904    1488.18    1487.83 0.0000e+00
       8102    350.000     8.0656     8.0655   3.622205   3.624092     1.7001      44.03     0.0312 5.1273e-02 1.9438e+00    337.527 292.959358    4.29268    34.7784    34.7987    27.0902    1488.20    1487.83 0.0000e+00
       8123    351.000     8.0656     8.0656   3.622257   3.624143     1.7008      84.90     0.0313 5.1273e-02 -9.990e-29    338.400 292.959368    4.30733    34.7785    34.7986    27.0903    1488.21    1487.83 0.0000e+00
       8144    352.000     8.0658     8.0658   3.622313   3.624199     1.7015      98.66     0.0300 5.1273e-02 -9.990e-29    339.282 292.959378    4.30722    34.7784    34.7986    27.0902    1488.23    1487.83 0.0000e+00
       8165    353.000     8.0659     8.0659   3.622366   3.624266     1.7015      82.31     0.0301 5.1273e-02 -9.990e-29    340.155 292.959388    4.29223    34.7784    34.7987    27.0902    1488.25    1487.83 0.0000e+00
       8186    354.000     8.0659     8.0659   3.622419   3.624307     1.7000      54.32     0.0306 5.1273e-02 -9.990e-29    341.037 292.959399    4.29405    34.7785    34.7987    27.0903    1488.26    1487.83 0.0000e+00
       8207    355.000     8.0660     8.0660   3.622485   3.624359     1.7005      98.97     0.0319 5.1273e-02 1.9438e+00    341.920 292.959409    4.30419    34.7786    34.7986    27.0904    1488.28    1487.83 0.0000e+00
       8228    356.000     8.0662     8.0661   3.622529   3.624419     1.7009      98.80     0.0320 5.1273e-02 1.9438e+00    342.795 292.959419    4.29726    34.7784    34.7987    27.0902    1488.30    1487.83 0.0000e+00
       8249    357.000     8.0663     8.0663   3.622585   3.624468     1.6993      32.54     0.0298 5.1280e-02 1.9438e+00    343.680 292.959429    4.28927    34.7784    34.7986    27.0902    1488.31    1487.83 0.0000e+00
       8270    358.000     8.0663     8.0663   3.622642   3.624528     1.6998      98.75     0.0304 5.1273e-02 1.9438e+00    344.558 292.959439    4.30350    34.7786    34.7987    27.0903    1488.33    1487.84 0.0000e+00
       8291    359.000     8.0664     8.0664   3.622697   3.624573     1.6999      98.82     0.0311 5.1273e-02 1.9438e+00    345.435 292.959449    4.29474    34.7786    34.7986    27.0903    1488.35    1487.84 0.0000e+00
       8313    360.000     8.0665     8.0665   3.622748   3.624633     1.6985      68.58     0.0324 5.1273e-02 -9.990e-29    346.317 292.959460    4.28061    34.7785    34.7987    27.0902    1488.37    1487.84 0.0000e+00
       8334    361.000     8.0666     8.0666   3.622796   3.624690     1.6977      68.31     0.0307 5.1280e-02 -9.990e-29    347.192 292.959470    4.29567    34.7785    34.7987    27.0902    1488.38    1487.84 0.0000e+00
       8355    362.000     8.0666     8.0666   3.622858   3.624749     1.6985      98.31     0.0315 5.1273e-02 -9.990e-29    348.069 292.959480    4.30090    34.7787    34.7989    27.0903    1488.40    1487.84 0.0000e+00
