testdata/CTD/sta0427.cnv
* Sea-Bird SBE 9 Data File:
* FileName = C:\Seabird\CTDData\sta0427.hex
* Software Version Seasave V 7.21f
* Temperature SN = 4557
* Conductivity SN = 1337
* Number of Bytes Per Scan = 40
* Number of Voltage Words = 5
* Number of Scans Averaged by the Deck Unit = 1
* NMEA Latitude = 61 31.36 N
* NMEA Longitude = 005 02.87 E
* NMEA UTC (Time) = Oct 20 2018 03:22:46
* NMEA baud rate = 4800
** Ship: 10 F/F "G. O. Sars"
** Station: 0427
** Echodepth: 279
** Log: 5715.357
** Wind-Dir Force: 12 08
** Air-temp (dry): 8.2
** Weather Sky: 0 0
** Sea Ice: 0 0
# nquan = 20                                
# nvalues = 270                         
# units = specified
# name 0 = scan: Scan Count
# name 1 = prDM: Pressure, Digiquartz [db]
# name 2 = t068C: Temperature [ITS-68, deg C]
# name 3 = t168C: Temperature, 2 [ITS-68, deg C]
# name 4 = c0S/m: Conductivity [S/m]
# name 5 = c1S/m: Conductivity, 2 [S/m]
# name 6 = sbeox0V: Oxygen raw, SBE 43 [V]
# name 7 = altM: Altimeter [m]
# name 8 = flC: Fluorescence, Chelsea Aqua 3 Chl Con [ug/l]
# name 9 = par: PAR/Irradiance, Biospherical/Licor
# name 10 = spar: SPAR/Surface Irradiance
# name 11 = timeS: Time, Elapsed [seconds]
# name 12 = timeJ: Julian Days
# name 13 = sbeox0ML/L: Oxygen, SBE 43 [ml/l], WS = 2
# name 14 = sal00: Salinity, Practical [PSU]
# name 15 = sal11: Salinity, Practical, 2 [PSU]
# name 16 = sigma-t00: Density [sigma-t, Kg/m^3 ]
# name 17 = svCM: Sound Velocity [Chen-Millero, m/s]
# name 18 = avgsvCM: Average Sound Velocity [Chen-Millero, m/s], minP = 1, minS = 5
# name 19 = flag: flag
# span 0 =       2331,       8108       
# span 1 =      2.000,    271.000       
# span 2 =     7.6639,    13.3541       
# span 3 =     7.6639,    13.3558       
# span 4 =   3.168202,   3.844513       
# span 5 =   3.165500,   3.846425       
# span 6 =     1.9074,     2.3116       
# span 7 =      -3.94,     102.51       
# span 8 =     0.0196,     0.2712       
# span 9 = 5.1234e-02, 1.2503e+00       
# span 10 = 1.9438e+00, 1.9438e+00      
# span 11 =     97.069,    337.773      
# span 12 = 293.141957, 293.144743      
# span 13 =    4.87818,    6.03632      
# span 14 =    27.5199,    35.0286      
# span 15 =    27.4985,    35.0488      
# span 16 =    20.9057,    27.3466      
# span 17 =    1484.62,    1498.02      
# span 18 =    1485.52,    1494.54      
# span 19 = 0.0000e+00, 0.0000e+00      
# interval = decibars: 1                
# start_time = Oct 20 2018 03:22:48 [System UTC, header]
# bad_flag = -9.990e-29
*END*
[from data line 218]
       7006    220.000     7.7626     7.7626   3.605548   3.607446     1.9710      89.45     0.0255 5.1266e-02 1.9438e+00    291.866 293.144211    5.22864    34.9637    34.9842    27.2811    1485.14    1489.68 0.0000e+00
       7028    221.000     7.7609     7.7609   3.605519   3.607419     1.9714      98.87     0.0256 5.1273e-02 -9.990e-29    292.780 293.144222    5.22613    34.9646    34.9851    27.2820    1485.15    1489.66 0.0000e+00
       7049    222.000     7.7583     7.7583   3.605536   3.607440     1.9707      98.78     0.0256 5.1273e-02 -9.990e-29    293.677 293.144232    5.22503    34.9669    34.9875    27.2842    1485.16    1489.64 0.0000e+00
       7071    223.000     7.7579     7.7580   3.605783   3.607667     1.9707      98.78     0.0243 5.1280e-02 -9.990e-29    294.578 293.144243    5.23151    34.9695    34.9898    27.2863    1485.18    1489.62 0.0000e+00
       7093    224.000     7.7581     7.7583   3.605899   3.607815     1.9714      98.78     0.0252 5.1273e-02 1.9438e+00    295.494 293.144253    5.23941    34.9701    34.9906    27.2867    1485.20    1489.60 0.0000e+00
       7114    225.000     7.7577     7.7576   3.605901   3.607769     1.9722      98.78     0.0291 5.1273e-02 1.9438e+00    296.389 293.144264    5.24450    34.9700    34.9903    27.2867    1485.21    1489.58 0.0000e+00
       7136    226.000     7.7556     7.7557   3.605977   3.607884     1.9732      98.78     0.0303 5.1273e-02 1.9438e+00    297.311 293.144274    5.24577    34.9725    34.9929    27.2889    1485.22    1489.56 0.0000e+00
       7158    227.000     7.7534     7.7536   3.606079   3.607962     1.9735      94.28     0.0295 5.1260e-02 1.9438e+00    298.223 293.144285    5.24289    34.9753    34.9954    27.2915    1485.24    1489.54 0.0000e+00
       7180    228.000     7.7533     7.7534   3.606182   3.608086     1.9736      94.82     0.0262 5.1260e-02 1.9438e+00    299.137 293.144296    5.24564    34.9760    34.9965    27.2921    1485.25    1489.52 0.0000e+00
       7203    229.000     7.7531     7.7532   3.606307   3.608207     1.9740      98.79     0.0253 5.1266e-02 1.9438e+00    300.066 293.144306    5.25360    34.9771    34.9975    27.2929    1485.27    1489.50 0.0000e+00
       7225    230.000     7.7539     7.7540   3.606579   3.608486     1.9753      97.91     0.0233 5.1273e-02 -9.990e-29    300.982 293.144317    5.25840    34.9787    34.9992    27.2941    1485.29    1489.48 0.0000e+00
       7247    231.000     7.7530     7.7531   3.606660   3.608546     1.9757      92.39     0.0246 5.1280e-02 -9.990e-29    301.900 293.144328    5.25992    34.9800    35.0003    27.2953    1485.31    1489.47 0.0000e+00
       7269    232.000     7.7523     7.7523   3.606718   3.608596     1.9769      98.82     0.0245 5.1273e-02 -9.990e-29    302.818 293.144338    5.26289    34.9808    35.0011    27.2960    1485.32    1489.45 0.0000e+00
       7290    233.000     7.7517     7.7519   3.606753   3.608653     1.9767      98.78     0.0241 5.1267e-02 1.9438e+00    303.721 293.144349    5.25047    34.9813    35.0017    27.2965    1485.34    1489.43 0.0000e+00
       7312    234.000     7.7510     7.7510   3.606813   3.608712     1.9757      91.39     0.0231 5.1260e-02 1.9438e+00    304.636 293.144359    5.25047    34.9822    35.0027    27.2973    1485.35    1489.41 0.0000e+00
       7334    235.000     7.7496     7.7497   3.606952   3.608836     1.9760      98.74     0.0261 5.1266e-02 1.9438e+00    305.538 293.144370    5.26219    34.9846    35.0049    27.2994    1485.36    1489.40 0.0000e+00
       7356    236.000     7.7492     7.7492   3.606983   3.608882     1.9768      98.78     0.0264 5.1273e-02 1.9438e+00    306.438 293.144380    5.26214    34.9849    35.0054    27.2996    1485.38    1489.38 0.0000e+00
       7377    237.000     7.7485     7.7487   3.607039   3.608921     1.9763      91.62     0.0241 5.1267e-02 1.9438e+00    307.346 293.144391    5.25059    34.9857    35.0058    27.3004    1485.39    1489.36 0.0000e+00
       7399    238.000     7.7468     7.7469   3.607104   3.608998     1.9755      95.95     0.0213 5.1259e-02 1.9438e+00    308.231 293.144401    5.25011    34.9876    35.0080    27.3022    1485.41    1489.35 0.0000e+00
       7420    239.000     7.7454     7.7456   3.607144   3.609036     1.9748      98.75     0.0226 5.1273e-02 -9.990e-29    309.135 293.144411    5.25061    34.9890    35.0092    27.3034    1485.42    1489.33 0.0000e+00
       7442    240.000     7.7439     7.7440   3.607127   3.609005     1.9746      97.02     0.0255 5.1273e-02 -9.990e-29    310.033 293.144422    5.25296    34.9898    35.0100    27.3043    1485.43    1489.31 0.0000e+00
       7463    241.000     7.7431     7.7431   3.607137   3.609028     1.9745      91.71     0.0245 5.1254e-02 -9.990e-29    310.924 293.144432    5.26018    34.9902    35.0106    27.3047    1485.45    1489.30 0.0000e+00
       7485    242.000     7.7382     7.7381   3.606851   3.608717     1.9755      98.80     0.0201 5.1273e-02 -9.990e-29    311.837 293.144443    5.26947    34.9915    35.0118    27.3065    1485.44    1489.28 0.0000e+00
       7507    243.000     7.7317     7.7317   3.606540   3.608422     1.9763      98.78     0.0196 5.1266e-02 1.9438e+00    312.741 293.144453    5.26954    34.9942    35.0145    27.3096    1485.44    1489.27 0.0000e+00
       7528    244.000     7.7312     7.7313   3.606614   3.608494     1.9765      89.86     0.0199 5.1266e-02 1.9438e+00    313.635 293.144463    5.27009    34.9950    35.0152    27.3103    1485.46    1489.25 0.0000e+00
       7549    245.000     7.7309     7.7311   3.606651   3.608532     1.9771      98.75     0.0216 5.1280e-02 1.9438e+00    314.518 293.144474    5.27619    34.9952    35.0154    27.3105    1485.47    1489.23 0.0000e+00
       7571    246.000     7.7300     7.7299   3.606841   3.608725     1.9778      98.78     0.0207 5.1273e-02 1.9438e+00    315.399 293.144484    5.27709    34.9977    35.0182    27.3126    1485.49    1489.22 0.0000e+00
       7592    247.000     7.7271     7.7272   3.606902   3.608791     1.9781      96.12     0.0245 5.1273e-02 1.9438e+00    316.294 293.144494    5.27581    35.0008    35.0211    27.3154    1485.50    1489.20 0.0000e+00
       7614    248.000     7.7207     7.7208   3.606513   3.608386     1.9781      97.03     0.0267 5.1280e-02 1.9438e+00    317.197 293.144505    5.27803    35.0025    35.0227    27.3177    1485.49    1489.19 0.0000e+00
       7635    249.000     7.7195     7.7195   3.606551   3.608415     1.9787      98.76     0.0261 5.1273e-02 1.9438e+00    318.095 293.144515    5.28605    35.0036    35.0238    27.3188    1485.50    1489.17 0.0000e+00
       7657    250.000     7.7176     7.7178   3.606444   3.608325     1.9793      98.73     0.0282 5.1273e-02 1.9438e+00    318.998 293.144525    5.28681    35.0039    35.0240    27.3193    1485.51    1489.16 0.0000e+00
       7678    251.000     7.7157     7.7158   3.606400   3.608281     1.9799      98.25     0.0261 5.1266e-02 1.9438e+00    319.890 293.144536    5.28160    35.0049    35.0251    27.3203    1485.52    1489.14 0.0000e+00
       7700    252.000     7.7146     7.7147   3.606420   3.608308     1.9786      43.39     0.0250 5.1273e-02 1.9438e+00    320.773 293.144546    5.27051    35.0057    35.0260    27.3211    1485.54    1489.13 0.0000e+00
       7721    253.000     7.7130     7.7130   3.606307   3.608181     1.9780      30.03     0.0250 5.1273e-02 -9.990e-29    321.667 293.144556    5.27471    35.0056    35.0258    27.3213    1485.55    1489.12 0.0000e+00
       7742    254.000     7.7131     7.7131   3.606409   3.608280     1.9776      29.08     0.0269 5.1286e-02 -9.990e-29    322.554 293.144567    5.27723    35.0061    35.0263    27.3217    1485.57    1489.10 0.0000e+00
       7764    255.000     7.7122     7.7122   3.606375   3.608256     1.9778      28.25     0.0281 5.1280e-02 -9.990e-29    323.459 293.144577    5.28367    35.0061    35.0265    27.3218    1485.58    1489.09 0.0000e+00
       7786    256.000     7.7115     7.7117   3.606410   3.608298     1.9780      27.30     0.0246 5.1273e-02 -9.990e-29    324.357 293.144587    5.28273    35.0067    35.0270    27.3224    1485.59    1489.07 0.0000e+00
       7807    257.000     7.7125     7.7125   3.606605   3.608475     1.9780      26.13     0.0243 5.1280e-02 1.9438e+00    325.240 293.144598    5.28219    35.0074    35.0276    27.3227    1485.61    1489.06 0.0000e+00
       7828    258.000     7.7116     7.7115   3.606646   3.608524     1.9780      25.09     0.0242 5.1273e-02 1.9438e+00    326.133 293.144608    5.28366    35.0082    35.0286    27.3236    1485.63    1489.05 0.0000e+00
       7850    259.000     7.7097     7.7099   3.606647   3.608533     1.9781      24.09     0.0229 5.1300e-02 1.9438e+00    327.026 293.144618    5.28480    35.0097    35.0298    27.3250    1485.64    1489.03 0.0000e+00
       7871    260.000     7.7076     7.7077   3.606571   3.608446     1.9781      23.12     0.0243 5.1286e-02 1.9438e+00    327.930 293.144629    5.28489    35.0104    35.0306    27.3259    1485.65    1489.02 0.0000e+00
       7893    261.000     7.7048     7.7047   3.606409   3.608281     1.9780      22.12     0.0248 5.1294e-02 1.9438e+00    328.839 293.144639    5.28419    35.0110    35.0314    27.3268    1485.65    1489.01 0.0000e+00
       7915    262.000     7.7033     7.7034   3.606580   3.608458     1.9779      21.18     0.0251 5.1273e-02 1.9438e+00    329.730 293.144650    5.28748    35.0139    35.0341    27.3292    1485.67    1489.00 0.0000e+00
       7936    263.000     7.7003     7.7006   3.606598   3.608475     1.9781      20.19     0.0222 5.1287e-02 1.9438e+00    330.621 293.144660    5.29010    35.0166    35.0366    27.3318    1485.68    1488.98 0.0000e+00
       7957    264.000     7.6934     7.6935   3.606212   3.608088     1.9784      19.19     0.0207 5.1273e-02 1.9438e+00    331.512 293.144670    5.29231    35.0189    35.0391    27.3346    1485.67    1488.97 0.0000e+00
       7979    265.000     7.6903     7.6905   3.606128   3.607994     1.9784      18.17     0.0211 5.1293e-02 1.9438e+00    332.405 293.144681    5.29328    35.0206    35.0406    27.3364    1485.68    1488.96 0.0000e+00
       8000    266.000     7.6903     7.6905   3.606248   3.608140     1.9787      17.13     0.0208 5.1286e-02 1.9438e+00    333.310 293.144691    5.29809    35.0214    35.0417    27.3371    1485.69    1488.95 0.0000e+00
       8022    267.000     7.6865     7.6864   3.606117   3.607974     1.9793      16.16     0.0235 5.1294e-02 -9.990e-29    334.202 293.144701    5.30241    35.0233    35.0435    27.3391    1485.70    1488.93 0.0000e+00
       8043    268.000     7.6818     7.6816   3.605833   3.607675     1.9799      15.16     0.0232 5.1294e-02 -9.990e-29    335.090 293.144712    5.30407    35.0245    35.0446    27.3407    1485.70    1488.92 0.0000e+00
       8065    269.000     7.6791     7.6790   3.605649   3.607502     1.9798      14.18     0.0247 5.1273e-02 -9.990e-29    335.982 293.144722    5.29879    35.0247    35.0449    27.3413    1485.71    1488.91 0.0000e+00
       8086    270.000     7.6690     7.6690   3.604985   3.606842     1.9797      13.16     0.0255 5.1287e-02 -9.990e-29    336.877 293.144732    5.30132    35.0272    35.0473    27.3447    1485.69    1488.90 0.0000e+00
       8108    271.000     7.6639     7.6639   3.604690   3.606552     1.9794      12.18     0.0255 5.1324e-02 1.9438e+00    337.773 293.144743    5.30019    35.0286    35.0488    27.3466    1485.69    1488.89 0.0000e+00
