testdata/CTD/sta0426.cnv
* Sea-Bird SBE 9 Data File:
* FileName = C:\Seabird\CTDData\sta0426.hex
* Software Version Seasave V 7.21f
* Temperature SN = 4557
* Conductivity SN = 1337
* Number of Bytes Per Scan = 40
* Number of Voltage Words = 5
* Number of Scans Averaged by the Deck Unit = 1
* NMEA Latitude = 61 28.06 N
* NMEA Longitude = 005 38.01 E
* NMEA UTC (Time) = Oct 20 2018 00:49:00
* NMEA baud rate = 4800
** Ship: 10 F/F "G. O. Sars"
** Station: 0426
** Echodepth: 325
** Log: 5696.845
** Wind-Dir Force: 04 09
** Air-temp (dry): 7.3
** Weather Sky: 0 0
** Sea Ice: 0 0
# nquan = 20                                
# nvalues = 314                         
# units = specified
# name 0 = scan: Scan Count
# name 1 = prDM: Pressure, Digiquartz [db]
# name 2 = t068C: Temperature [ITS-68, deg C]
# name 3 = t168C: Temperature, 2 [ITS-68, deg C]
# name 4 = c0S/m: Conductivity [S/m]
# name 5 = c1S/m: Conductivity, 2 [S/m]
# name 6 = sbeox0V: Oxygen raw, SBE 43 [V]
# name 7 = altM: Altimeter [m]
# name 8 = flC: Fluorescence, Chelsea Aqua 3 Chl Con [ug/l]
# name 9 = par: PAR/Irradiance, Biospherical/Licor
# name 10 = spar: SPAR/Surface Irradiance
# name 11 = timeS: Time, Elapsed [seconds]
# name 12 = timeJ: Julian Days
# name 13 = sbeox0ML/L: Oxygen, SBE 43 [ml/l], WS = 2
# name 14 = sal00: Salinity, Practical [PSU]
# name 15 = sal11: Salinity, Practical, 2 [PSU]
# name 16 = sigma-t00: Density [sigma-t, Kg/m^3 ]
# name 17 = svCM: Sound Velocity [Chen-Millero, m/s]
# name 18 = avgsvCM: Average Sound Velocity [Chen-Millero, m/s], minP = 1, minS = 5
# name 19 = flag: flag
# span 0 =        390,       7110       
# span 1 =      3.000,    316.000       
# span 2 =     8.0627,    14.8593       
# span 3 =     8.0624,    14.8596       
# span 4 =   3.160137,   3.896680       
# span 5 =   3.177906,   3.898720       
# span 6 =     1.4920,     2.1959       
# span 7 =      16.38,      99.75       
# span 8 =     0.0223,     0.1179       
# span 9 = 5.1238e-02, 4.7944e-01       
# span 10 = 1.9438e+00, 1.9438e+00      
# span 11 =     16.221,    296.197      
# span 12 = 293.034250, 293.037491      
# span 13 =    3.38356,    5.49053      
# span 14 =    26.1710,    34.7795      
# span 15 =    26.3278,    34.8002      
# span 16 =    19.5477,    27.0912      
# span 17 =    1484.26,    1502.23      
# span 18 =    1488.22,    1498.51      
# span 19 = 0.0000e+00, 0.0000e+00      
# interval = decibars: 1                
# start_time = Oct 20 2018 00:49:03 [System UTC, header]
# bad_flag = -9.990e-29
*END*
[from data line 145]
       3506    148.000     8.0973     8.0968   3.613756   3.615729     1.7539      98.75     0.0288 5.1273e-02 1.9438e+00    146.051 293.035753    4.39003    34.7534    34.7750    27.0658    1484.96    1490.42 0.0000e+00
       3527    149.000     8.0972     8.0968   3.613801   3.615773     1.7547      54.38     0.0269 5.1280e-02 -9.990e-29    146.936 293.035763    4.38593    34.7535    34.7750    27.0659    1484.98    1490.38 0.0000e+00
       3549    150.000     8.0969     8.0965   3.613848   3.615812     1.7560      72.37     0.0250 5.1280e-02 -9.990e-29    147.815 293.035773    4.39241    34.7538    34.7752    27.0662    1484.99    1490.35 0.0000e+00
       3570    151.000     8.0967     8.0963   3.613884   3.615848     1.7561      98.45     0.0255 5.1273e-02 -9.990e-29    148.698 293.035784    4.38439    34.7539    34.7753    27.0663    1485.01    1490.31 0.0000e+00
       3591    152.000     8.0966     8.0961   3.613927   3.615885     1.7564      87.89     0.0260 5.1280e-02 1.9438e+00    149.579 293.035794    4.38583    34.7540    34.7754    27.0664    1485.02    1490.28 0.0000e+00
       3612    153.000     8.0954     8.0949   3.613934   3.615901     1.7561      35.72     0.0259 5.1280e-02 1.9438e+00    150.460 293.035804    4.39489    34.7548    34.7763    27.0672    1485.04    1490.24 0.0000e+00
       3633    154.000     8.0942     8.0937   3.613937   3.615908     1.7582      99.41     0.0289 5.1245e-02 1.9438e+00    151.342 293.035814    4.40470    34.7555    34.7771    27.0680    1485.05    1490.21 0.0000e+00
       3654    155.000     8.0936     8.0933   3.613975   3.615935     1.7586      98.74     0.0291 5.1273e-02 1.9438e+00    152.221 293.035824    4.39853    34.7560    34.7773    27.0685    1485.07    1490.17 0.0000e+00
       3676    156.000     8.0932     8.0927   3.614007   3.615964     1.7586      36.50     0.0286 5.1299e-02 1.9438e+00    153.104 293.035835    4.39920    34.7563    34.7777    27.0687    1485.08    1490.14 0.0000e+00
       3697    157.000     8.0925     8.0921   3.614027   3.615988     1.7597      88.69     0.0301 5.1280e-02 1.9438e+00    153.989 293.035845    4.40977    34.7567    34.7781    27.0692    1485.09    1490.11 0.0000e+00
       3718    158.000     8.0919     8.0915   3.614050   3.616014     1.7604      94.50     0.0296 5.1266e-02 1.9438e+00    154.866 293.035855    4.40942    34.7571    34.7785    27.0695    1485.11    1490.08 0.0000e+00
       3739    159.000     8.0915     8.0911   3.614083   3.616051     1.7607      96.45     0.0313 5.1273e-02 1.9438e+00    155.751 293.035865    4.40630    34.7573    34.7788    27.0698    1485.12    1490.05 0.0000e+00
       3760    160.000     8.0909     8.0902   3.614128   3.616068     1.7607      98.78     0.0326 5.1273e-02 1.9438e+00    156.635 293.035875    4.40559    34.7579    34.7794    27.0704    1485.14    1490.02 0.0000e+00
       3781    161.000     8.0898     8.0894   3.614119   3.616083     1.7606      98.75     0.0312 5.1266e-02 1.9438e+00    157.513 293.035886    4.40660    34.7584    34.7799    27.0709    1485.15    1489.99 0.0000e+00
       3802    162.000     8.0894     8.0889   3.614155   3.616114     1.7607      98.20     0.0292 5.1273e-02 1.9438e+00    158.395 293.035896    4.40710    34.7587    34.7802    27.0712    1485.17    1489.96 0.0000e+00
       3824    163.000     8.0887     8.0883   3.614175   3.616142     1.7606      96.32     0.0285 5.1273e-02 -9.990e-29    159.275 293.035906    4.40588    34.7592    34.7806    27.0717    1485.18    1489.93 0.0000e+00
       3845    164.000     8.0886     8.0882   3.614231   3.616185     1.7604      97.88     0.0306 5.1273e-02 -9.990e-29    160.160 293.035916    4.40224    34.7594    34.7807    27.0719    1485.20    1489.90 0.0000e+00
       3866    165.000     8.0877     8.0872   3.614257   3.616196     1.7596      98.69     0.0332 5.1259e-02 -9.990e-29    161.044 293.035926    4.39775    34.7601    34.7813    27.0725    1485.21    1489.87 0.0000e+00
       3887    166.000     8.0873     8.0869   3.614282   3.616245     1.7589      98.75     0.0313 5.1280e-02 -9.990e-29    161.923 293.035937    4.40166    34.7602    34.7817    27.0727    1485.23    1489.84 0.0000e+00
       3908    167.000     8.0865     8.0861   3.614314   3.616262     1.7594      98.75     0.0282 5.1273e-02 1.9438e+00    162.804 293.035947    4.40945    34.7609    34.7822    27.0734    1485.24    1489.81 0.0000e+00
       3930    168.000     8.0853     8.0849   3.614322   3.616261     1.7596      98.76     0.0276 5.1273e-02 1.9438e+00    163.688 293.035957    4.40822    34.7617    34.7829    27.0742    1485.25    1489.79 0.0000e+00
       3951    169.000     8.0847     8.0843   3.614343   3.616287     1.7596      98.75     0.0280 5.1273e-02 1.9438e+00    164.567 293.035967    4.40407    34.7620    34.7832    27.0745    1485.27    1489.76 0.0000e+00
       3972    170.000     8.0838     8.0834   3.614359   3.616307     1.7589      98.75     0.0267 5.1259e-02 1.9438e+00    165.451 293.035977    4.39909    34.7626    34.7839    27.0751    1485.28    1489.73 0.0000e+00
       3993    171.000     8.0831     8.0827   3.614381   3.616329     1.7584      98.75     0.0274 5.1273e-02 1.9438e+00    166.334 293.035988    4.40362    34.7631    34.7843    27.0756    1485.30    1489.71 0.0000e+00
       4014    172.000     8.0826     8.0822   3.614411   3.616359     1.7586      98.75     0.0282 5.1266e-02 -9.990e-29    167.214 293.035998    4.40777    34.7634    34.7847    27.0759    1485.31    1489.68 0.0000e+00
       4035    173.000     8.0821     8.0817   3.614439   3.616388     1.7588      98.59     0.0270 5.1266e-02 -9.990e-29    168.096 293.036008    4.41130    34.7637    34.7850    27.0762    1485.33    1489.66 0.0000e+00
       4056    174.000     8.0815     8.0811   3.614471   3.616424     1.7593      98.65     0.0284 5.1280e-02 -9.990e-29    168.975 293.036018    4.40888    34.7642    34.7855    27.0767    1485.34    1489.63 0.0000e+00
       4078    175.000     8.0806     8.0802   3.614484   3.616436     1.7587      98.75     0.0301 5.1280e-02 -9.990e-29    169.859 293.036029    4.40314    34.7647    34.7860    27.0773    1485.36    1489.61 0.0000e+00
       4099    176.000     8.0795     8.0791   3.614485   3.616445     1.7583      98.73     0.0295 5.1273e-02 1.9438e+00    170.738 293.036039    4.40769    34.7653    34.7867    27.0779    1485.37    1489.58 0.0000e+00
       4120    177.000     8.0786     8.0782   3.614509   3.616450     1.7588      98.69     0.0252 5.1273e-02 1.9438e+00    171.615 293.036049    4.41602    34.7660    34.7872    27.0786    1485.38    1489.56 0.0000e+00
       4141    178.000     8.0783     8.0778   3.614547   3.616489     1.7595      98.46     0.0259 5.1273e-02 1.9438e+00    172.499 293.036059    4.41613    34.7662    34.7875    27.0788    1485.40    1489.54 0.0000e+00
       4162    179.000     8.0778     8.0774   3.614582   3.616517     1.7594      98.44     0.0233 5.1273e-02 1.9438e+00    173.383 293.036069    4.41132    34.7666    34.7877    27.0792    1485.41    1489.51 0.0000e+00
       4183    180.000     8.0776     8.0773   3.614625   3.616566     1.7590      98.71     0.0240 5.1273e-02 1.9438e+00    174.260 293.036079    4.40574    34.7668    34.7879    27.0793    1485.43    1489.49 0.0000e+00
       4205    181.000     8.0776     8.0773   3.614677   3.616623     1.7583      98.73     0.0237 5.1266e-02 1.9438e+00    175.147 293.036090    4.40742    34.7669    34.7880    27.0794    1485.45    1489.47 0.0000e+00
       4226    182.000     8.0776     8.0772   3.614728   3.616661     1.7583      98.73     0.0240 5.1259e-02 -9.990e-29    176.028 293.036100    4.40857    34.7669    34.7880    27.0794    1485.46    1489.44 0.0000e+00
       4247    183.000     8.0773     8.0770   3.614762   3.616708     1.7577      98.73     0.0255 5.1273e-02 -9.990e-29    176.908 293.036110    4.40225    34.7671    34.7882    27.0796    1485.48    1489.42 0.0000e+00
       4268    184.000     8.0764     8.0760   3.614777   3.616719     1.7570      98.73     0.0271 5.1266e-02 -9.990e-29    177.787 293.036120    4.40166    34.7677    34.7889    27.0802    1485.49    1489.40 0.0000e+00
       4289    185.000     8.0761     8.0758   3.614821   3.616755     1.7564      98.73     0.0281 5.1266e-02 -9.990e-29    178.665 293.036130    4.40096    34.7680    34.7890    27.0805    1485.51    1489.38 0.0000e+00
       4310    186.000     8.0760     8.0756   3.614859   3.616803     1.7561      98.73     0.0308 5.1273e-02 1.9438e+00    179.546 293.036141    4.40257    34.7680    34.7892    27.0805    1485.52    1489.36 0.0000e+00
       4331    187.000     8.0758     8.0754   3.614894   3.616841     1.7558      98.73     0.0250 5.1273e-02 1.9438e+00    180.427 293.036151    4.40342    34.7681    34.7893    27.0806    1485.54    1489.34 0.0000e+00
       4352    188.000     8.0757     8.0754   3.614957   3.616885     1.7557      98.67     0.0249 5.1273e-02 1.9438e+00    181.307 293.036161    4.40327    34.7684    34.7893    27.0809    1485.56    1489.32 0.0000e+00
       4374    189.000     8.0757     8.0754   3.615004   3.616941     1.7554      98.59     0.0274 5.1266e-02 1.9438e+00    182.190 293.036171    4.39917    34.7684    34.7894    27.0809    1485.57    1489.30 0.0000e+00
       4395    190.000     8.0758     8.0754   3.615052   3.616991     1.7547      98.64     0.0256 5.1273e-02 1.9438e+00    183.070 293.036181    4.39918    34.7683    34.7895    27.0808    1485.59    1489.28 0.0000e+00
       4416    191.000     8.0757     8.0754   3.615108   3.617044     1.7546      98.65     0.0249 5.1273e-02 1.9438e+00    183.949 293.036192    4.40289    34.7685    34.7896    27.0810    1485.61    1489.26 0.0000e+00
       4437    192.000     8.0758     8.0754   3.615166   3.617092     1.7547      98.62     0.0271 5.1273e-02 1.9438e+00    184.832 293.036202    4.40187    34.7686    34.7896    27.0810    1485.62    1489.24 0.0000e+00
       4458    193.000     8.0758     8.0753   3.615212   3.617142     1.7541      98.56     0.0270 5.1273e-02 1.9438e+00    185.710 293.036212    4.39559    34.7686    34.7898    27.0810    1485.64    1489.22 0.0000e+00
       4479    194.000     8.0755     8.0751   3.615249   3.617181     1.7535      98.53     0.0253 5.1273e-02 1.9438e+00    186.597 293.036222    4.39860    34.7688    34.7899    27.0812    1485.65    1489.20 0.0000e+00
       4501    195.000     8.0753     8.0750   3.615293   3.617223     1.7536      98.54     0.0263 5.1273e-02 1.9438e+00    187.491 293.036233    4.40200    34.7690    34.7900    27.0814    1485.67    1489.19 0.0000e+00
       4522    196.000     8.0750     8.0748   3.615324   3.617261     1.7536      98.51     0.0291 5.1266e-02 -9.990e-29    188.374 293.036243    4.39954    34.7691    34.7901    27.0816    1485.69    1489.17 0.0000e+00
       4544    197.000     8.0750     8.0747   3.615369   3.617304     1.7530      98.50     0.0275 5.1260e-02 -9.990e-29    189.271 293.036253    4.39304    34.7691    34.7902    27.0816    1485.70    1489.15 0.0000e+00
       4565    198.000     8.0751     8.0747   3.615418   3.617352     1.7522      98.48     0.0258 5.1253e-02 -9.990e-29    190.162 293.036263    4.39527    34.7691    34.7902    27.0815    1485.72    1489.13 0.0000e+00
       4586    199.000     8.0751     8.0748   3.615472   3.617398     1.7522      98.46     0.0270 5.1259e-02 -9.990e-29    191.038 293.036274    4.39898    34.7692    34.7901    27.0816    1485.74    1489.12 0.0000e+00
       4607    200.000     8.0751     8.0748   3.615517   3.617448     1.7522      98.46     0.0282 5.1273e-02 1.9438e+00    191.933 293.036284    4.39805    34.7692    34.7902    27.0816    1485.75    1489.10 0.0000e+00
       4629    201.000     8.0750     8.0746   3.615558   3.617490     1.7519      98.47     0.0291 5.1266e-02 1.9438e+00    192.818 293.036294    4.39417    34.7692    34.7903    27.0817    1485.77    1489.08 0.0000e+00
       4650    202.000     8.0748     8.0745   3.615599   3.617529     1.7514      98.49     0.0276 5.1273e-02 1.9438e+00    193.716 293.036305    4.40037    34.7694    34.7904    27.0818    1485.78    1489.07 0.0000e+00
       4672    203.000     8.0748     8.0745   3.615652   3.617576     1.7522      98.61     0.0275 5.1273e-02 1.9438e+00    194.627 293.036315    4.40484    34.7695    34.7904    27.0819    1485.80    1489.05 0.0000e+00
       4693    204.000     8.0749     8.0745   3.615705   3.617636     1.7522      98.65     0.0295 5.1273e-02 1.9438e+00    195.518 293.036325    4.40168    34.7695    34.7905    27.0818    1485.82    1489.03 0.0000e+00
       4715    205.000     8.0748     8.0745   3.615752   3.617677     1.7521      98.68     0.0318 5.1273e-02 -9.990e-29    196.425 293.036336    4.39530    34.7696    34.7905    27.0820    1485.83    1489.02 0.0000e+00
       4737    206.000     8.0748     8.0745   3.615796   3.617739     1.7506      98.68     0.0308 5.1273e-02 -9.990e-29    197.327 293.036346    4.38402    34.7696    34.7907    27.0819    1485.85    1489.00 0.0000e+00
       4758    207.000     8.0747     8.0744   3.615854   3.617788     1.7497      98.65     0.0292 5.1279e-02 -9.990e-29    198.215 293.036357    4.39061    34.7698    34.7908    27.0822    1485.87    1488.99 0.0000e+00
       4780    208.000     8.0748     8.0745   3.615911   3.617841     1.7497      98.61     0.0257 5.1273e-02 -9.990e-29    199.124 293.036367    4.39344    34.7699    34.7908    27.0822    1485.88    1488.97 0.0000e+00
       4801    209.000     8.0749     8.0746   3.615961   3.617895     1.7493      98.52     0.0272 5.1266e-02 1.9438e+00    200.015 293.036377    4.39184    34.7698    34.7908    27.0821    1485.90    1488.96 0.0000e+00
       4823    210.000     8.0747     8.0743   3.616017   3.617942     1.7493      98.60     0.0291 5.1273e-02 1.9438e+00    200.920 293.036388    4.39468    34.7701    34.7911    27.0824    1485.92    1488.94 0.0000e+00
       4845    211.000     8.0743     8.0740   3.616037   3.617977     1.7490      98.63     0.0274 5.1273e-02 1.9438e+00    201.828 293.036398    4.39143    34.7703    34.7913    27.0826    1485.93    1488.93 0.0000e+00
       4866    212.000     8.0740     8.0736   3.616076   3.617999     1.7490      98.71     0.0258 5.1273e-02 1.9438e+00    202.724 293.036409    4.39896    34.7705    34.7915    27.0828    1485.95    1488.92 0.0000e+00
       4888    213.000     8.0739     8.0735   3.616105   3.618040     1.7497      98.75     0.0267 5.1273e-02 1.9438e+00    203.644 293.036419    4.40127    34.7704    34.7915    27.0827    1485.96    1488.90 0.0000e+00
       4910    214.000     8.0738     8.0735   3.616156   3.618082     1.7497      98.75     0.0301 5.1280e-02 1.9438e+00    204.561 293.036430    4.39881    34.7706    34.7915    27.0829    1485.98    1488.89 0.0000e+00
       4932    215.000     8.0736     8.0733   3.616191   3.618120     1.7498      98.75     0.0320 5.1273e-02 -9.990e-29    205.469 293.036441    4.40251    34.7707    34.7916    27.0830    1485.99    1488.87 0.0000e+00
       4954    216.000     8.0737     8.0733   3.616246   3.618169     1.7502      98.76     0.0301 5.1260e-02 -9.990e-29    206.394 293.036451    4.40597    34.7707    34.7917    27.0830    1486.01    1488.86 0.0000e+00
       4976    217.000     8.0738     8.0735   3.616303   3.618236     1.7507      98.76     0.0297 5.1254e-02 -9.990e-29    207.300 293.036462    4.40047    34.7707    34.7917    27.0830    1486.03    1488.85 0.0000e+00
       4999    218.000     8.0738     8.0735   3.616366   3.618294     1.7493      98.76     0.0292 5.1273e-02 1.9438e+00    208.238 293.036473    4.38666    34.7709    34.7918    27.0831    1486.05    1488.84 0.0000e+00
       5021    219.000     8.0738     8.0735   3.616425   3.618345     1.7483      98.75     0.0297 5.1266e-02 1.9438e+00    209.168 293.036483    4.39240    34.7711    34.7919    27.0833    1486.06    1488.82 0.0000e+00
