testdata/CTD/sta0408.cnv
* Sea-Bird SBE 9 Data File:
* FileName = C:\Seabird\CTDData\sta0408.hex
* Software Version Seasave V 7.21f
* Temperature SN = 4557
* Conductivity SN = 1337
* Number of Bytes Per Scan = 40
* Number of Voltage Words = 5
* Number of Scans Averaged by the Deck Unit = 1
* NMEA Latitude = 60 50.58 N
* NMEA Longitude = 005 20.87 E
* NMEA UTC (Time) = Oct 14 2018 07:33:37
* NMEA baud rate = 4800
** Ship: 10 F/F "G. O. Sars"
** Station: 0408
** Echodepth: 367
** Log: 5341.18
** Wind-Dir Force: 19 15
** Air-temp (dry): 18.1
** Weather Sky: 2 8
** Sea Ice: 1 0
# nquan = 20                                
# nvalues = 357                         
# units = specified
# name 0 = scan: Scan Count
# name 1 = prDM: Pressure, Digiquartz [db]
# name 2 = t068C: Temperature [ITS-68, deg C]
# name 3 = t168C: Temperature, 2 [ITS-68, deg C]
# name 4 = c0S/m: Conductivity [S/m]
# name 5 = c1S/m: Conductivity, 2 [S/m]
# name 6 = sbeox0V: Oxygen raw, SBE 43 [V]
# name 7 = altM: Altimeter [m]
# name 8 = flC: Fluorescence, Chelsea Aqua 3 Chl Con [ug/l]
# name 9 = par: PAR/Irradiance, Biospherical/Licor
# name 10 = spar: SPAR/Surface Irradiance
# name 11 = timeS: Time, Elapsed [seconds]
# name 12 = timeJ: Julian Days
# name 13 = sbeox0ML/L: Oxygen, SBE 43 [ml/l], WS = 2
# name 14 = sal00: Salinity, Practical [PSU]
# name 15 = sal11: Salinity, Practical, 2 [PSU]
# name 16 = sigma-t00: Density [sigma-t, Kg/m^3 ]
# name 17 = svCM: Sound Velocity [Chen-Millero, m/s]
# name 18 = avgsvCM: Average Sound Velocity [Chen-Millero, m/s], minP = 1, minS = 5
# name 19 = flag: flag
# span 0 =        418,       8044       
# span 1 =      4.000,    360.000       
# span 2 =     8.0844,    15.2023       
# span 3 =     8.0841,    15.1998       
# span 4 =   2.801268,   3.952034       
# span 5 =   2.783852,   3.954317       
# span 6 =     1.0510,     2.2331       
# span 7 =      14.28,      99.94       
# span 8 =     0.0222,     0.1977       
# span 9 = 5.1194e-02, 1.1968e+00       
# span 10 = 7.0359e+00, 1.9465e+01      
# span 11 =     17.377,    335.117      
# span 12 = 287.315247, 287.318925      
# span 13 =    1.89903,    5.67094      
# span 14 =    22.6276,    35.0110      
# span 15 =    22.4910,    35.0337      
# span 16 =    16.7283,    27.2566      
# span 17 =    1485.01,    1503.66      
# span 18 =    1487.93,    1498.75      
# span 19 = 0.0000e+00, 0.0000e+00      
# interval = decibars: 1                
# start_time = Oct 14 2018 07:33:40 [System UTC, header]
# bad_flag = -9.990e-29
*END*
[from data line 290]
       6646    294.000     8.0977     8.0976   3.640621   3.642710     1.6270      94.61     0.0247 5.1273e-02 1.1663e+01    276.884 287.318251    3.95588    34.9703    34.9927    27.2361    1487.63    1488.68 0.0000e+00
       6668    295.000     8.0983     8.0980   3.640742   3.642809     1.6227      98.72     0.0279 5.1273e-02 1.1663e+01    277.781 287.318261    3.92524    34.9705    34.9929    27.2362    1487.65    1488.68 0.0000e+00
       6689    296.000     8.0991     8.0987   3.640891   3.642963     1.6165      81.26     0.0301 5.1245e-02 1.1663e+01    278.676 287.318272    3.89163    34.9708    34.9934    27.2363    1487.67    1488.68 0.0000e+00
       6711    297.000     8.0996     8.0993   3.641012   3.643077     1.6102      74.55     0.0301 5.1194e-02 1.1663e+01    279.567 287.318282    3.87418    34.9711    34.9935    27.2365    1487.69    1488.67 0.0000e+00
       6732    298.000     8.0999     8.0997   3.641111   3.643195     1.6048      76.71     0.0317 5.1245e-02 1.1663e+01    280.455 287.318292    3.86503    34.9714    34.9939    27.2367    1487.71    1488.67 0.0000e+00
       6753    299.000     8.1005     8.1002   3.641252   3.643314     1.5998      81.30     0.0309 5.1232e-02 9.8302e+00    281.342 287.318303    3.84246    34.9718    34.9942    27.2369    1487.73    1488.67 0.0000e+00
       6774    300.000     8.1012     8.1008   3.641419   3.643477     1.5946      84.50     0.0291 5.1253e-02 1.1360e+01    282.227 287.318313    3.82722    34.9724    34.9949    27.2373    1487.75    1488.66 0.0000e+00
       6796    301.000     8.1026     8.1024   3.641704   3.643787     1.5891      71.38     0.0300 5.1218e-02 1.1664e+01    283.127 287.318323    3.80783    34.9736    34.9961    27.2380    1487.77    1488.66 0.0000e+00
       6817    302.000     8.1036     8.1034   3.641894   3.643977     1.5847      68.90     0.0321 5.1234e-02 1.1663e+01    284.019 287.318334    3.80013    34.9742    34.9967    27.2383    1487.79    1488.66 0.0000e+00
       6839    303.000     8.1040     8.1035   3.642006   3.644041     1.5802      68.87     0.0337 5.1259e-02 1.1663e+01    284.918 287.318344    3.77869    34.9745    34.9968    27.2385    1487.81    1488.66 0.0000e+00
       6860    304.000     8.1044     8.1039   3.642096   3.644158     1.5749      68.56     0.0303 5.1210e-02 1.1663e+01    285.811 287.318354    3.74888    34.9746    34.9971    27.2385    1487.83    1488.65 0.0000e+00
       6881    305.000     8.1047     8.1043   3.642185   3.644255     1.5683      67.31     0.0292 5.1247e-02 1.1663e+01    286.687 287.318364    3.71436    34.9748    34.9973    27.2386    1487.85    1488.65 0.0000e+00
       6903    306.000     8.1048     8.1045   3.642250   3.644326     1.5609      66.22     0.0293 5.1252e-02 1.1663e+01    287.570 287.318375    3.68967    34.9749    34.9974    27.2386    1487.86    1488.65 0.0000e+00
       6924    307.000     8.1054     8.1051   3.642375   3.644447     1.5546      64.65     0.0289 5.1259e-02 1.1663e+01    288.451 287.318385    3.67525    34.9751    34.9976    27.2388    1487.88    1488.64 0.0000e+00
       6945    308.000     8.1058     8.1054   3.642476   3.644536     1.5489      61.97     0.0305 5.1252e-02 1.1663e+01    289.329 287.318395    3.66239    34.9753    34.9978    27.2389    1487.90    1488.64 0.0000e+00
       6966    309.000     8.1063     8.1061   3.642610   3.644698     1.5438      62.98     0.0286 5.1266e-02 1.1663e+01    290.214 287.318405    3.65214    34.9758    34.9983    27.2391    1487.92    1488.64 0.0000e+00
       6987    310.000     8.1072     8.1069   3.642804   3.644875     1.5397      61.71     0.0283 5.1245e-02 1.0491e+01    291.096 287.318415    3.64907    34.9765    34.9989    27.2396    1487.94    1488.64 0.0000e+00
       7008    311.000     8.1073     8.1070   3.642894   3.644954     1.5367      60.58     0.0320 5.1246e-02 7.0359e+00    291.971 287.318426    3.64063    34.9769    34.9992    27.2398    1487.96    1488.64 0.0000e+00
       7030    312.000     8.1095     8.1091   3.643266   3.645327     1.5332      59.43     0.0314 5.1266e-02 -9.990e-29    292.856 287.318436    3.62440    34.9782    35.0006    27.2405    1487.98    1488.63 0.0000e+00
       7051    313.000     8.1107     8.1104   3.643468   3.645542     1.5293      60.32     0.0348 5.1266e-02 -9.990e-29    293.730 287.318446    3.60599    34.9787    35.0012    27.2407    1488.01    1488.63 0.0000e+00
       7072    314.000     8.1119     8.1116   3.643699   3.645761     1.5251      57.93     0.0348 5.1273e-02 -9.990e-29    294.604 287.318456    3.58599    34.9795    35.0018    27.2412    1488.03    1488.63 0.0000e+00
       7093    315.000     8.1134     8.1131   3.643950   3.646032     1.5200      57.12     0.0304 5.1266e-02 1.1239e+01    295.483 287.318466    3.55407    34.9802    35.0027    27.2415    1488.05    1488.63 0.0000e+00
       7113    316.000     8.1155     8.1155   3.644322   3.646432     1.5133      56.22     0.0290 5.1273e-02 1.1661e+01    296.352 287.318476    3.51783    34.9816    35.0042    27.2423    1488.08    1488.63 0.0000e+00
       7135    317.000     8.1183     8.1182   3.644764   3.646861     1.5057      54.55     0.0279 5.1266e-02 1.1663e+01    297.234 287.318487    3.48546    34.9831    35.0056    27.2430    1488.11    1488.62 0.0000e+00
       7156    318.000     8.1205     8.1202   3.645119   3.647196     1.4981      53.32     0.0304 5.1273e-02 1.1663e+01    298.111 287.318497    3.45623    34.9842    35.0067    27.2436    1488.13    1488.62 0.0000e+00
       7177    319.000     8.1230     8.1227   3.645522   3.647602     1.4899      53.87     0.0312 5.1273e-02 1.1663e+01    298.988 287.318507    3.41069    34.9855    35.0081    27.2442    1488.16    1488.62 0.0000e+00
       7198    320.000     8.1249     8.1246   3.645841   3.647935     1.4793      50.58     0.0308 5.1273e-02 1.1663e+01    299.872 287.318517    3.35200    34.9866    35.0092    27.2448    1488.18    1488.62 0.0000e+00
       7219    321.000     8.1268     8.1264   3.646163   3.648242     1.4671      50.31     0.0303 5.1273e-02 1.1663e+01    300.747 287.318527    3.29233    34.9876    35.0103    27.2453    1488.21    1488.62 0.0000e+00
       7240    322.000     8.1282     8.1279   3.646429   3.648492     1.4534      49.97     0.0306 5.1273e-02 1.1643e+01    301.633 287.318537    3.23399    34.9886    35.0110    27.2459    1488.23    1488.62 0.0000e+00
       7261    323.000     8.1318     8.1313   3.646991   3.649037     1.4393      48.34     0.0314 5.1259e-02 1.0099e+01    302.517 287.318548    3.17727    34.9905    35.0129    27.2469    1488.27    1488.62 0.0000e+00
       7283    324.000     8.1337     8.1334   3.647301   3.649381     1.4244      46.92     0.0356 5.1273e-02 1.1667e+01    303.398 287.318558    3.12285    34.9915    35.0140    27.2473    1488.29    1488.62 0.0000e+00
       7304    325.000     8.1366     8.1363   3.647757   3.649843     1.4103      46.60     0.0335 5.1266e-02 1.1663e+01    304.282 287.318568    3.07735    34.9930    35.0156    27.2481    1488.32    1488.61 0.0000e+00
       7325    326.000     8.1373     8.1369   3.647897   3.649978     1.3962      47.27     0.0324 5.1273e-02 1.1663e+01    305.163 287.318578    3.01771    34.9933    35.0160    27.2482    1488.34    1488.61 0.0000e+00
       7346    327.000     8.1403     8.1400   3.648390   3.650469     1.3806      46.65     0.0338 5.1273e-02 1.1663e+01    306.044 287.318588    2.95067    34.9951    35.0176    27.2492    1488.37    1488.61 0.0000e+00
       7367    328.000     8.1444     8.1442   3.649009   3.651116     1.3643      45.72     0.0356 5.1280e-02 1.1663e+01    306.926 287.318599    2.88992    34.9972    35.0199    27.2502    1488.40    1488.61 0.0000e+00
       7388    329.000     8.1462     8.1460   3.649312   3.651416     1.3489      44.77     0.0341 5.1273e-02 1.1663e+01    307.799 287.318609    2.84258    34.9982    35.0208    27.2506    1488.43    1488.61 0.0000e+00
       7409    330.000     8.1475     8.1471   3.649571   3.651635     1.3337      43.81     0.0334 5.1273e-02 1.1663e+01    308.674 287.318619    2.78175    34.9991    35.0216    27.2512    1488.45    1488.61 0.0000e+00
       7430    331.000     8.1549     8.1548   3.650662   3.652788     1.3172      42.83     0.0347 5.1273e-02 1.1663e+01    309.554 287.318629    2.70778    35.0030    35.0258    27.2531    1488.50    1488.61 0.0000e+00
       7451    332.000     8.1564     8.1562   3.650902   3.653019     1.2997      41.87     0.0346 5.1280e-02 1.1662e+01    310.417 287.318639    2.63936    35.0036    35.0264    27.2533    1488.52    1488.61 0.0000e+00
       7472    333.000     8.1589     8.1585   3.651311   3.653394     1.2821      40.91     0.0351 5.1266e-02 9.2414e+00    311.297 287.318649    2.57065    35.0050    35.0276    27.2541    1488.55    1488.61 0.0000e+00
       7493    334.000     8.1602     8.1599   3.651538   3.653625     1.2628      39.96     0.0366 5.1273e-02 1.1689e+01    312.176 287.318659    2.47563    35.0056    35.0282    27.2544    1488.57    1488.61 0.0000e+00
       7514    335.000     8.1615     8.1613   3.651760   3.653863     1.2411      38.97     0.0373 5.1273e-02 1.1663e+01    313.052 287.318670    2.38686    35.0062    35.0289    27.2546    1488.59    1488.61 0.0000e+00
       7535    336.000     8.1623     8.1621   3.651909   3.654020     1.2194      38.00     0.0413 5.1273e-02 1.1663e+01    313.934 287.318680    2.31640    35.0065    35.0293    27.2548    1488.61    1488.61 0.0000e+00
       7556    337.000     8.1629     8.1627   3.652051   3.654140     1.1992      37.01     0.0433 5.1280e-02 1.1663e+01    314.812 287.318690    2.26293    35.0070    35.0295    27.2550    1488.63    1488.61 0.0000e+00
       7578    338.000     8.1633     8.1632   3.652147   3.654250     1.1811      36.01     0.0389 5.1266e-02 1.1663e+01    315.695 287.318700    2.21989    35.0071    35.0297    27.2551    1488.65    1488.61 0.0000e+00
       7599    339.000     8.1661     8.1662   3.652575   3.654741     1.1653      35.01     0.0396 5.1280e-02 1.1663e+01    316.577 287.318710    2.18735    35.0084    35.0315    27.2557    1488.68    1488.61 0.0000e+00
       7620    340.000     8.1679     8.1679   3.652887   3.654998     1.1519      34.00     0.0377 5.1273e-02 1.1663e+01    317.460 287.318721    2.16120    35.0095    35.0320    27.2562    1488.70    1488.61 0.0000e+00
       7641    341.000     8.1689     8.1686   3.653054   3.655145     1.1404      33.00     0.0372 5.1273e-02 1.1663e+01    318.345 287.318731    2.13477    35.0098    35.0324    27.2563    1488.72    1488.61 0.0000e+00
       7662    342.000     8.1691     8.1689   3.653130   3.655226     1.1299      31.94     0.0398 5.1273e-02 1.1663e+01    319.225 287.318741    2.09536    35.0099    35.0325    27.2564    1488.74    1488.61 0.0000e+00
       7684    343.000     8.1693     8.1691   3.653181   3.655290     1.1183      30.94     0.0411 5.1266e-02 1.1663e+01    320.105 287.318751    2.04714    35.0098    35.0325    27.2563    1488.76    1488.61 0.0000e+00
       7705    344.000     8.1694     8.1692   3.653247   3.655340     1.1065      29.95     0.0419 5.1273e-02 1.0269e+01    320.994 287.318762    2.01021    35.0099    35.0325    27.2564    1488.78    1488.61 0.0000e+00
       7726    345.000     8.1696     8.1693   3.653313   3.655396     1.0960      28.94     0.0437 5.1273e-02 1.0566e+01    321.871 287.318772    1.99096    35.0100    35.0325    27.2564    1488.79    1488.61 0.0000e+00
       7747    346.000     8.1695     8.1693   3.653334   3.655429     1.0878      27.91     0.0436 5.1273e-02 1.1665e+01    322.752 287.318782    1.98133    35.0098    35.0324    27.2563    1488.81    1488.61 0.0000e+00
       7768    347.000     8.1693     8.1690   3.653355   3.655426     1.0811      26.98     0.0422 5.1273e-02 1.1663e+01    323.624 287.318792    1.97020    35.0097    35.0322    27.2562    1488.83    1488.61 0.0000e+00
       7789    348.000     8.1692     8.1690   3.653374   3.655476     1.0757      25.96     0.0383 5.1273e-02 1.1663e+01    324.495 287.318802    1.96653    35.0096    35.0322    27.2561    1488.84    1488.62 0.0000e+00
       7810    349.000     8.1693     8.1691   3.653416   3.655511     1.0718      24.86     0.0376 5.1280e-02 1.1663e+01    325.376 287.318812    1.96385    35.0094    35.0320    27.2560    1488.86    1488.62 0.0000e+00
       7831    350.000     8.1695     8.1692   3.653483   3.655560     1.0686      23.76     0.0383 5.1280e-02 1.1663e+01    326.256 287.318822    1.96233    35.0095    35.0320    27.2560    1488.88    1488.62 0.0000e+00
       7852    351.000     8.1695     8.1693   3.653524   3.655623     1.0665      22.68     0.0409 5.1294e-02 1.1663e+01    327.131 287.318833    1.96531    35.0094    35.0321    27.2560    1488.89    1488.62 0.0000e+00
       7873    352.000     8.1698     8.1695   3.653613   3.655694     1.0654      21.72     0.0437 5.1273e-02 1.1663e+01    328.010 287.318843    1.96719    35.0096    35.0321    27.2561    1488.91    1488.62 0.0000e+00
       7894    353.000     8.1707     8.1702   3.653774   3.655835     1.0644      20.79     0.0428 5.1273e-02 1.1663e+01    328.885 287.318853    1.96505    35.0100    35.0325    27.2562    1488.93    1488.62 0.0000e+00
       7915    354.000     8.1714     8.1712   3.653912   3.656021     1.0635      19.83     0.0411 5.1287e-02 1.1663e+01    329.766 287.318863    1.96541    35.0103    35.0330    27.2563    1488.95    1488.62 0.0000e+00
       7937    355.000     8.1720     8.1717   3.654037   3.656125     1.0630      18.89     0.0377 5.1273e-02 9.7194e+00    330.649 287.318873    1.96004    35.0105    35.0331    27.2564    1488.97    1488.62 0.0000e+00
       7958    356.000     8.1725     8.1722   3.654150   3.656242     1.0618      17.92     0.0395 5.1293e-02 1.1359e+01    331.531 287.318883    1.94875    35.0108    35.0334    27.2565    1488.99    1488.62 0.0000e+00
       7979    357.000     8.1727     8.1724   3.654228   3.656300     1.0596      17.09     0.0421 5.1266e-02 1.1663e+01    332.416 287.318894    1.93405    35.0109    35.0333    27.2566    1489.00    1488.62 0.0000e+00
       8000    358.000     8.1727     8.1724   3.654262   3.656342     1.0570      16.20     0.0430 5.1280e-02 1.1663e+01    333.298 287.318904    1.92095    35.0108    35.0333    27.2565    1489.02    1488.62 0.0000e+00
       8021    359.000     8.1732     8.1729   3.654373   3.656461     1.0543      15.27     0.0402 5.1280e-02 1.1663e+01    334.172 287.318914    1.91053    35.0110    35.0336    27.2566    1489.04    1488.63 0.0000e+00
       8044    360.000     8.1742     8.1735   3.654459   3.656571     1.0510      14.28     0.0444 5.1400e-02 1.1663e+01    335.117 287.318925    1.89903    35.0105    35.0337    27.2560    1489.06    1488.63 0.0000e+00
