testdata/CTD/sta0428.cnv
* Sea-Bird SBE 9 Data File:
* FileName = C:\Seabird\CTDData\sta0428.hex
* Software Version Seasave V 7.21f
* Temperature SN = 4557
* Conductivity SN = 1337
* Number of Bytes Per Scan = 40
* Number of Voltage Words = 5
* Number of Scans Averaged by the Deck Unit = 1
* NMEA Latitude = 61 26.75 N
* NMEA Longitude = 004 56.51 E
* NMEA UTC (Time) = Oct 20 2018 04:25:36
* NMEA baud rate = 4800
** Ship: 10 F/F "G. O. Sars"
** Station: 0428
** Echodepth: 122
** Log: 5721.36
** Wind-Dir Force: 19 06
** Air-temp (dry): 9.6
** Weather Sky: 2 7
** Sea Ice: 3 0
# nquan = 20                                
# nvalues = 112                         
# units = specified
# name 0 = scan: Scan Count
# name 1 = prDM: Pressure, Digiquartz [db]
# name 2 = t068C: Temperature [ITS-68, deg C]
# name 3 = t168C: Temperature, 2 [ITS-68, deg C]
# name 4 = c0S/m: Conductivity [S/m]
# name 5 = c1S/m: Conductivity, 2 [S/m]
# name 6 = sbeox0V: Oxygen raw, SBE 43 [V]
# name 7 = altM: Altimeter [m]
# name 8 = flC: Fluorescence, Chelsea Aqua 3 Chl Con [ug/l]
# name 9 = par: PAR/Irradiance, Biospherical/Licor
# name 10 = spar: SPAR/Surface Irradiance
# name 11 = timeS: Time, Elapsed [seconds]
# name 12 = timeJ: Julian Days
# name 13 = sbeox0ML/L: Oxygen, SBE 43 [ml/l], WS = 2
# name 14 = sal00: Salinity, Practical [PSU]
# name 15 = sal11: Salinity, Practical, 2 [PSU]
# name 16 = sigma-t00: Density [sigma-t, Kg/m^3 ]
# name 17 = svCM: Sound Velocity [Chen-Millero, m/s]
# name 18 = avgsvCM: Average Sound Velocity [Chen-Millero, m/s], minP = 1, minS = 5
# name 19 = flag: flag
# span 0 =        285,       2739       
# span 1 =      5.000,    116.000       
# span 2 =     9.0831,    12.9719       
# span 3 =     9.0431,    12.9755       
# span 4 =   3.199547,   3.844269       
# span 5 =   3.202878,   3.846126       
# span 6 =     2.0324,     2.3029       
# span 7 =       7.61,      98.67       
# span 8 =     0.0334,     0.2323       
# span 9 = 5.1201e-02, 4.3937e-01       
# span 10 = 1.9438e+00, 1.9438e+00      
# span 11 =     11.823,    114.066      
# span 12 = 293.184604, 293.185788      
# span 13 =    5.14404,    5.98419      
# span 14 =    27.6474,    34.5209      
# span 15 =    27.6758,    34.5454      
# span 16 =    20.9654,    26.7300      
# span 17 =    1486.54,    1497.09      
# span 18 =    1486.54,    1494.61      
# span 19 = 0.0000e+00, 0.0000e+00      
# interval = decibars: 1                
# start_time = Oct 20 2018 04:25:38 [System UTC, header]
# bad_flag = -9.990e-29
*END*
        285      5.000    11.5472    11.5517   3.199547   3.202878     2.3029      91.13     0.2275 4.3937e-01 1.9438e+00     11.823 293.184604    5.98202    27.6474    27.6758    20.9654    1486.54    1486.54 0.0000e+00
        315      6.000    11.5457    11.5485   3.200109   3.202983     2.3000      92.04     0.2314 2.8486e-01 -9.990e-29     13.079 293.184619    5.97402    27.6535    27.6789    20.9704    1486.56    1486.54 0.0000e+00
        336      7.000    11.5710    11.5696   3.207158   3.208751     2.2992      98.52     0.2323 1.6796e-01 -9.990e-29     13.964 293.184629    5.97340    27.7016    27.7178    21.0034    1486.72    1486.57 0.0000e+00
        357      8.000    11.5735    11.5726   3.207538   3.209217     2.2988      94.25     0.2319 1.6593e-01 -9.990e-29     14.832 293.184639    5.97316    27.7030    27.7197    21.0040    1486.75    1486.59 0.0000e+00
        379      9.000    11.5739    11.5728   3.207969   3.209606     2.2987      73.40     0.2295 1.1120e-01 -9.990e-29     15.758 293.184650    5.98419    27.7064    27.7229    21.0066    1486.77    1486.61 0.0000e+00
        403     10.000    11.6638    11.6504   3.224117   3.223806     2.3004      98.29     0.2229 8.7901e-02 1.9438e+00     16.753 293.184661    5.97341    27.7930    27.8001    21.0582    1487.20    1486.67 0.0000e+00
        426     11.000    11.7273    11.7248   3.234657   3.236210     2.3004      98.13     0.2040 6.3386e-02 1.9438e+00     17.718 293.184673    5.96102    27.8456    27.8623    21.0880    1487.51    1486.74 0.0000e+00
        448     12.000    11.7178    11.7131   3.233209   3.234584     2.3013      61.88     0.1960 5.1221e-02 1.9438e+00     18.607 293.184683    5.97505    27.8385    27.8552    21.0842    1487.48    1486.81 0.0000e+00
        468     13.000    11.7655    11.7621   3.244303   3.245278     2.3028      98.56     0.1919 5.1273e-02 1.9438e+00     19.456 293.184693    5.95438    27.9081    27.9199    21.1298    1487.75    1486.88 0.0000e+00
        489     14.000    11.8157    11.8118   3.263799   3.264786     2.2998      94.06     0.1858 5.1266e-02 1.9438e+00     20.323 293.184703    5.91598    28.0555    28.0678    21.2352    1488.12    1486.97 0.0000e+00
        511     15.000    12.1117    12.1004   3.326635   3.326629     2.2964      77.30     0.1754 5.1266e-02 1.9438e+00     21.230 293.184713    5.85214    28.4274    28.4359    21.4710    1489.61    1487.14 0.0000e+00
        533     16.000    12.6023    12.5932   3.491560   3.488731     2.2935      85.84     0.1503 5.1260e-02 -9.990e-29     22.159 293.184724    5.76267    29.6040    29.5845    22.2922    1492.71    1487.49 0.0000e+00
        554     17.000    12.9703    12.9698   3.746716   3.745746     2.2963      94.59     0.1205 5.1244e-02 -9.990e-29     23.030 293.184734    5.67186    31.7061    31.6974    23.8488    1496.46    1488.01 0.0000e+00
        573     18.000    12.9719    12.9755   3.800941   3.802823     2.2990      96.91     0.0908 5.1281e-02 -9.990e-29     23.844 293.184744    5.62384    32.2155    32.2302    24.2427    1497.09    1488.51 0.0000e+00
        593     19.000    12.8709    12.8770   3.796443   3.798778     2.2906      69.95     0.0684 5.1273e-02 1.9438e+00     24.658 293.184753    5.51774    32.2586    32.2755    24.2957    1496.82    1488.95 0.0000e+00
        615     20.000    12.6789    12.6860   3.790575   3.792640     2.2658      98.52     0.0567 5.1267e-02 1.9438e+00     25.576 293.184764    5.38592    32.3669    32.3804    24.4167    1496.31    1489.32 0.0000e+00
        639     21.000    12.6887    12.6839   3.817423   3.818449     2.2341      92.64     0.0541 5.1267e-02 1.9438e+00     26.599 293.184775    5.29602    32.6134    32.6273    24.6058    1496.66    1489.66 0.0000e+00
        663     22.000    12.6011    12.6142   3.811881   3.815355     2.2131      93.79     0.0510 5.1247e-02 1.9438e+00     27.573 293.184787    5.32296    32.6360    32.6578    24.6402    1496.40    1489.97 0.0000e+00
        685     23.000    12.4706    12.4681   3.802999   3.804643     2.2084      98.67     0.0527 5.1273e-02 1.9438e+00     28.490 293.184797    5.37032    32.6641    32.6820    24.6870    1496.01    1490.23 0.0000e+00
        705     24.000    12.4938    12.4977   3.810176   3.812439     2.2030      60.71     0.0574 5.1252e-02 1.9438e+00     29.345 293.184807    5.35751    32.7121    32.7304    24.7198    1496.16    1490.48 0.0000e+00
        725     25.000    12.4174    12.4211   3.803514   3.805873     2.2029      93.32     0.0610 5.1273e-02 -9.990e-29     30.159 293.184817    5.40012    32.7145    32.7339    24.7362    1495.92    1490.69 0.0000e+00
        745     26.000    12.3753    12.3782   3.800812   3.802912     2.2052      98.39     0.0648 5.1273e-02 -9.990e-29     31.019 293.184827    5.40150    32.7249    32.7425    24.7523    1495.81    1490.89 0.0000e+00
        767     27.000    12.3344    12.3414   3.800660   3.802694     2.2028      86.39     0.0695 5.1266e-02 -9.990e-29     31.922 293.184837    5.38530    32.7587    32.7721    24.7863    1495.73    1491.07 0.0000e+00
        789     28.000    12.2995    12.3017   3.803312   3.805177     2.2018      58.96     0.0776 5.1266e-02 -9.990e-29     32.821 293.184848    5.40060    32.8143    32.8303    24.8361    1495.69    1491.23 0.0000e+00
        809     29.000    12.2799    12.2806   3.806626   3.808448     2.2031      77.98     0.0816 5.1252e-02 -9.990e-29     33.683 293.184857    5.41944    32.8629    32.8798    24.8775    1495.70    1491.39 0.0000e+00
        829     30.000    12.2714    12.2718   3.808193   3.810122     2.2059      77.46     0.0815 5.1237e-02 -9.990e-29     34.507 293.184867    5.44342    32.8850    32.9032    24.8962    1495.71    1491.53 0.0000e+00
        850     31.000    12.2652    12.2654   3.811959   3.813537     2.2110      76.41     0.0789 5.1218e-02 -9.990e-29     35.361 293.184877    5.46288    32.9263    32.9413    24.9294    1495.76    1491.67 0.0000e+00
        873     32.000    12.3009    12.2977   3.821309   3.822637     2.2149      75.25     0.0775 5.1215e-02 -9.990e-29     36.326 293.184888    5.45787    32.9844    33.0000    24.9677    1495.96    1491.80 0.0000e+00
        898     33.000    12.3202    12.3207   3.826858   3.828770     2.2182      74.14     0.0809 5.1251e-02 1.9438e+00     37.386 293.184900    5.46748    33.0203    33.0383    24.9919    1496.09    1491.93 0.0000e+00
        924     34.000    12.3109    12.3111   3.827740   3.829697     2.2225      72.83     0.0864 5.1231e-02 1.9438e+00     38.444 293.184913    5.48574    33.0366    33.0552    25.0063    1496.09    1492.05 0.0000e+00
        947     35.000    12.3084    12.3091   3.828589   3.830631     2.2264      72.03     0.0891 5.1232e-02 1.9438e+00     39.396 293.184923    5.49552    33.0465    33.0656    25.0145    1496.11    1492.17 0.0000e+00
        967     36.000    12.3143    12.3141   3.829993   3.831979     2.2289      71.36     0.0839 5.1246e-02 1.9438e+00     40.262 293.184934    5.48873    33.0544    33.0737    25.0195    1496.16    1492.28 0.0000e+00
        988     37.000    12.3170    12.3168   3.830692   3.832620     2.2287      70.34     0.0780 5.1240e-02 1.9438e+00     41.137 293.184944    5.48092    33.0584    33.0771    25.0220    1496.19    1492.38 0.0000e+00
       1011     38.000    12.3141    12.3141   3.831229   3.833216     2.2287      69.44     0.0750 5.1242e-02 1.9438e+00     42.073 293.184955    5.46829    33.0657    33.0848    25.0282    1496.20    1492.48 0.0000e+00
       1033     39.000    12.3036    12.3046   3.832185   3.834089     2.2249      68.59     0.0762 5.1240e-02 -9.990e-29     43.019 293.184965    5.44363    33.0837    33.1011    25.0442    1496.21    1492.58 0.0000e+00
       1054     40.000    12.3003    12.3006   3.832371   3.834345     2.2214      67.75     0.0744 5.1235e-02 -9.990e-29     43.878 293.184975    5.43678    33.0880    33.1067    25.0482    1496.22    1492.67 0.0000e+00
       1072     41.000    12.2964    12.2958   3.832395   3.834260     2.2185      66.80     0.0739 5.1249e-02 -9.990e-29     44.644 293.184984    5.43085    33.0913    33.1097    25.0514    1496.22    1492.76 0.0000e+00
       1090     42.000    12.2909    12.2905   3.832344   3.834313     2.2163      65.80     0.0749 5.1201e-02 -9.990e-29     45.391 293.184993    5.42807    33.0952    33.1145    25.0555    1496.23    1492.84 0.0000e+00
       1109     43.000    12.2856    12.2860   3.832719   3.834650     2.2142      64.93     0.0786 5.1243e-02 1.9438e+00     46.173 293.185002    5.42591    33.1031    33.1213    25.0627    1496.23    1492.92 0.0000e+00
       1130     44.000    12.2828    12.2831   3.834078   3.835937     2.2126      63.88     0.0848 5.1239e-02 1.9438e+00     47.030 293.185012    5.43278    33.1182    33.1358    25.0749    1496.26    1492.99 0.0000e+00
       1152     45.000    12.2856    12.2856   3.835424   3.837396     2.2136      62.82     0.0854 5.1242e-02 1.9438e+00     47.966 293.185023    5.45026    33.1283    33.1473    25.0822    1496.30    1493.07 0.0000e+00
       1176     46.000    12.2877    12.2876   3.836686   3.838598     2.2161      61.68     0.0861 5.1255e-02 1.9438e+00     48.953 293.185034    5.46030    33.1381    33.1566    25.0895    1496.33    1493.14 0.0000e+00
       1200     47.000    12.2875    12.2875   3.837421   3.839380     2.2174      60.96     0.0869 5.1213e-02 1.9438e+00     49.949 293.185046    5.45729    33.1450    33.1638    25.0948    1496.36    1493.21 0.0000e+00
       1223     48.000    12.2875    12.2876   3.837693   3.839630     2.2182      59.83     0.0912 5.1254e-02 -9.990e-29     50.919 293.185057    5.46131    33.1472    33.1657    25.0965    1496.38    1493.27 0.0000e+00
       1245     49.000    12.2868    12.2869   3.838090   3.840084     2.2193      58.75     0.0978 5.1273e-02 -9.990e-29     51.849 293.185068    5.47074    33.1512    33.1703    25.0998    1496.39    1493.33 0.0000e+00
       1268     50.000    12.2858    12.2859   3.838627   3.840589     2.2216      57.71     0.0952 5.1273e-02 -9.990e-29     52.782 293.185079    5.47811    33.1568    33.1756    25.1043    1496.41    1493.40 0.0000e+00
       1291     51.000    12.2845    12.2847   3.839209   3.841121     2.2229      56.72     0.0931 5.1267e-02 1.9438e+00     53.757 293.185090    5.48501    33.1632    33.1814    25.1095    1496.43    1493.46 0.0000e+00
       1314     52.000    12.2819    12.2823   3.840068   3.841984     2.2255      55.91     0.0942 5.1273e-02 1.9438e+00     54.705 293.185101    5.49872    33.1733    33.1914    25.1179    1496.45    1493.51 0.0000e+00
       1335     53.000    12.2780    12.2786   3.841109   3.843008     2.2280      55.03     0.0941 5.1273e-02 1.9438e+00     55.589 293.185111    5.49976    33.1864    33.2041    25.1287    1496.47    1493.57 0.0000e+00
       1355     54.000    12.2547    12.2562   3.842612   3.844362     2.2284      54.09     0.0935 5.1273e-02 1.9438e+00     56.419 293.185121    5.49582    33.2211    33.2366    25.1601    1496.45    1493.62 0.0000e+00
       1375     55.000    12.2401    12.2408   3.844269   3.846126     2.2288      53.01     0.0847 5.1266e-02 1.9438e+00     57.264 293.185130    5.49927    33.2496    33.2669    25.1850    1496.45    1493.67 0.0000e+00
       1396     56.000    12.2079    12.2098   3.842278   3.844340     2.2290      52.02     0.0686 5.1273e-02 1.9438e+00     58.139 293.185140    5.47979    33.2586    33.2768    25.1981    1496.37    1493.72 0.0000e+00
       1417     57.000    12.1865    12.1886   3.840486   3.842613     2.2227      50.93     0.0588 5.1273e-02 -9.990e-29     59.011 293.185151    5.41072    33.2599    33.2786    25.2032    1496.31    1493.77 0.0000e+00
       1438     58.000    12.1748    12.1761   3.839817   3.841873     2.2094      50.01     0.0597 5.1273e-02 -9.990e-29     59.872 293.185161    5.34627    33.2634    33.2821    25.2081    1496.29    1493.81 0.0000e+00
       1459     59.000    12.1574    12.1600   3.839475   3.841514     2.1966      49.12     0.0600 5.1280e-02 -9.990e-29     60.742 293.185171    5.33072    33.2752    33.2926    25.2205    1496.27    1493.85 0.0000e+00
       1480     60.000    12.1552    12.1559   3.839479   3.841487     2.1894      48.26     0.0547 5.1273e-02 -9.990e-29     61.631 293.185181    5.34100    33.2768    33.2956    25.2222    1496.28    1493.89 0.0000e+00
       1502     61.000    12.1520    12.1524   3.839856   3.841823     2.1848      47.27     0.0522 5.1280e-02 1.9438e+00     62.558 293.185192    5.34370    33.2829    33.3015    25.2275    1496.29    1493.93 0.0000e+00
       1525     62.000    12.1517    12.1518   3.840000   3.841984     2.1822      46.27     0.0510 5.1273e-02 1.9438e+00     63.490 293.185202    5.33865    33.2841    33.3032    25.2285    1496.31    1493.97 0.0000e+00
       1546     63.000    12.1518    12.1519   3.840109   3.842085     2.1786      45.48     0.0517 5.1273e-02 1.9438e+00     64.362 293.185213    5.32276    33.2846    33.3036    25.2289    1496.32    1494.01 0.0000e+00
       1565     64.000    12.1505    12.1509   3.840644   3.842502     2.1754      44.49     0.0552 5.1273e-02 1.9438e+00     65.175 293.185222    5.32278    33.2905    33.3081    25.2337    1496.34    1494.04 0.0000e+00
       1584     65.000    12.1403    12.1424   3.842068   3.843899     2.1745      43.61     0.0595 5.1273e-02 1.9438e+00     65.976 293.185231    5.32769    33.3130    33.3288    25.2531    1496.35    1494.08 0.0000e+00
       1606     66.000    12.1168    12.1197   3.841257   3.843330     2.1726      42.89     0.0570 5.1273e-02 1.9438e+00     66.891 293.185242    5.32017    33.3257    33.3431    25.2674    1496.30    1494.11 0.0000e+00
       1633     67.000    12.1147    12.1149   3.841464   3.843436     2.1706      41.72     0.0533 5.1273e-02 1.9438e+00     68.006 293.185255    5.32548    33.3291    33.3480    25.2704    1496.32    1494.15 0.0000e+00
       1661     68.000    12.1150    12.1147   3.841611   3.843565     2.1710      40.73     0.0498 5.1273e-02 1.9438e+00     69.182 293.185268    5.33006    33.3298    33.3490    25.2710    1496.33    1494.18 0.0000e+00
       1684     69.000    12.1098    12.1103   3.841299   3.843293     2.1702      39.76     0.0522 5.1280e-02 1.9438e+00     70.145 293.185279    5.31298    33.3310    33.3499    25.2729    1496.33    1494.21 0.0000e+00
       1703     70.000    12.0846    12.0878   3.840027   3.842124     2.1670      39.20     0.0541 5.1281e-02 1.9438e+00     70.937 293.185289    5.29805    33.3408    33.3582    25.2852    1496.28    1494.24 0.0000e+00
       1722     71.000    12.0564    12.0614   3.839767   3.841816     2.1643      38.21     0.0531 5.1273e-02 -9.990e-29     71.695 293.185297    5.29584    33.3631    33.3784    25.3078    1496.22    1494.27 0.0000e+00
       1742     72.000    12.0148    12.0204   3.838761   3.840912     2.1619      37.25     0.0517 5.1273e-02 -9.990e-29     72.530 293.185307    5.30320    33.3901    33.4059    25.3366    1496.13    1494.29 0.0000e+00
       1765     73.000    11.9907    11.9940   3.838487   3.840510     2.1621      36.33     0.0518 5.1279e-02 -9.990e-29     73.499 293.185318    5.31893    33.4086    33.4253    25.3555    1496.09    1494.32 0.0000e+00
       1790     74.000    11.9712    11.9727   3.837601   3.839622     2.1614      35.87     0.0534 5.1273e-02 1.9438e+00     74.527 293.185330    5.30094    33.4170    33.4353    25.3657    1496.05    1494.34 0.0000e+00
       1812     75.000    11.9659    11.9667   3.838066   3.840008     2.1577      35.00     0.0521 5.1273e-02 1.9438e+00     75.466 293.185341    5.28714    33.4259    33.4440    25.3736    1496.05    1494.36 0.0000e+00
       1833     76.000    11.9649    11.9654   3.838742   3.840676     2.1563      33.65     0.0508 5.1280e-02 1.9438e+00     76.319 293.185351    5.29771    33.4329    33.4512    25.3793    1496.08    1494.39 0.0000e+00
