testdata/CTD/sta0427.cnv
* Sea-Bird SBE 9 Data File:
* FileName = C:\Seabird\CTDData\sta0427.hex
* Software Version Seasave V 7.21f
* Temperature SN = 4557
* Conductivity SN = 1337
* Number of Bytes Per Scan = 40
* Number of Voltage Words = 5
* Number of Scans Averaged by the Deck Unit = 1
* NMEA Latitude = 61 31.36 N
* NMEA Longitude = 005 02.87 E
* NMEA UTC (Time) = Oct 20 2018 03:22:46
* NMEA baud rate = 4800
** Ship: 10 F/F "G. O. Sars"
** Station: 0427
** Echodepth: 279
** Log: 5715.357
** Wind-Dir Force: 12 08
** Air-temp (dry): 8.2
** Weather Sky: 0 0
** Sea Ice: 0 0
# nquan = 20                                
# nvalues = 270                         
# units = specified
# name 0 = scan: Scan Count
# name 1 = prDM: Pressure, Digiquartz [db]
# name 2 = t068C: Temperature [ITS-68, deg C]
# name 3 = t168C: Temperature, 2 [ITS-68, deg C]
# name 4 = c0S/m: Conductivity [S/m]
# name 5 = c1S/m: Conductivity, 2 [S/m]
# name 6 = sbeox0V: Oxygen raw, SBE 43 [V]
# name 7 = altM: Altimeter [m]
# name 8 = flC: Fluorescence, Chelsea Aqua 3 Chl Con [ug/l]
# name 9 = par: PAR/Irradiance, Biospherical/Licor
# name 10 = spar: SPAR/Surface Irradiance
# name 11 = timeS: Time, Elapsed [seconds]
# name 12 = timeJ: Julian Days
# name 13 = sbeox0ML/L: Oxygen, SBE 43 [ml/l], WS = 2
# name 14 = sal00: Salinity, Practical [PSU]
# name 15 = sal11: Salinity, Practical, 2 [PSU]
# name 16 = sigma-t00: Density [sigma-t, Kg/m^3 ]
# name 17 = svCM: Sound Velocity [Chen-Millero, m/s]
# name 18 = avgsvCM: Average Sound Velocity [Chen-Millero, m/s], minP = 1, minS = 5
# name 19 = flag: flag
# span 0 =       2331,       8108       
# span 1 =      2.000,    271.000       
# span 2 =     7.6639,    13.3541       
# span 3 =     7.6639,    13.3558       
# span 4 =   3.168202,   3.844513       
# span 5 =   3.165500,   3.846425       
# span 6 =     1.9074,     2.3116       
# span 7 =      -3.94,     102.51       
# span 8 =     0.0196,     0.2712       
# span 9 = 5.1234e-02, 1.2503e+00       
# span 10 = 1.9438e+00, 1.9438e+00      
# span 11 =     97.069,    337.773      
# span 12 = 293.141957, 293.144743      
# span 13 =    4.87818,    6.03632      
# span 14 =    27.5199,    35.0286      
# span 15 =    27.4985,    35.0488      
# span 16 =    20.9057,    27.3466      
# span 17 =    1484.62,    1498.02      
# span 18 =    1485.52,    1494.54      
# span 19 = 0.0000e+00, 0.0000e+00      
# interval = decibars: 1                
# start_time = Oct 20 2018 03:22:48 [System UTC, header]
# bad_flag = -9.990e-29
*END*
[from data line 145]
       5450    147.000     8.0454     8.0454   3.613595   3.615522     1.9123      81.57     0.0345 5.1273e-02 1.9438e+00    227.031 293.143461    4.99510    34.8036    34.8243    27.1131    1484.81    1492.12 0.0000e+00
       5471    148.000     8.0439     8.0440   3.613523   3.615468     1.9194      59.05     0.0307 5.1273e-02 1.9438e+00    227.925 293.143471    5.04387    34.8039    34.8246    27.1135    1484.82    1492.07 0.0000e+00
       5492    149.000     8.0350     8.0346   3.613095   3.614987     1.9281      98.31     0.0260 5.1273e-02 1.9438e+00    228.802 293.143481    5.07109    34.8076    34.8283    27.1178    1484.81    1492.02 0.0000e+00
       5513    150.000     8.0139     8.0135   3.611577   3.613446     1.9342      66.20     0.0272 5.1266e-02 -9.990e-29    229.675 293.143492    5.08350    34.8119    34.8323    27.1243    1484.75    1491.97 0.0000e+00
       5534    151.000     7.9900     7.9899   3.609792   3.611718     1.9401      64.51     0.0267 5.1273e-02 -9.990e-29    230.551 293.143502    5.09424    34.8160    34.8368    27.1311    1484.68    1491.92 0.0000e+00
       5555    152.000     7.9900     7.9898   3.610033   3.611939     1.9440      86.77     0.0294 5.1259e-02 -9.990e-29    231.423 293.143512    5.09146    34.8181    34.8387    27.1328    1484.70    1491.88 0.0000e+00
       5576    153.000     7.9888     7.9886   3.610310   3.612225     1.9455      81.38     0.0314 5.1273e-02 -9.990e-29    232.304 293.143522    5.08202    34.8218    34.8425    27.1358    1484.72    1491.83 0.0000e+00
       5598    154.000     7.9749     7.9747   3.609396   3.611308     1.9476      78.61     0.0293 5.1260e-02 1.9438e+00    233.190 293.143532    5.10113    34.8253    34.8460    27.1407    1484.69    1491.78 0.0000e+00
       5619    155.000     7.9615     7.9617   3.608288   3.610214     1.9501      63.44     0.0256 5.1266e-02 1.9438e+00    234.073 293.143543    5.11698    34.8262    34.8467    27.1434    1484.65    1491.74 0.0000e+00
       5640    156.000     7.9510     7.9510   3.607556   3.609479     1.9530      96.00     0.0280 5.1259e-02 1.9438e+00    234.959 293.143553    5.12075    34.8283    34.8490    27.1467    1484.63    1491.69 0.0000e+00
       5661    157.000     7.9497     7.9496   3.607651   3.609581     1.9544      78.01     0.0302 5.1266e-02 1.9438e+00    235.839 293.143563    5.11917    34.8302    34.8510    27.1483    1484.65    1491.64 0.0000e+00
       5682    158.000     7.9589     7.9593   3.609007   3.611011     1.9551      50.12     0.0300 5.1273e-02 1.9438e+00    236.712 293.143573    5.11421    34.8351    34.8562    27.1508    1484.70    1491.60 0.0000e+00
       5703    159.000     7.9513     7.9513   3.608510   3.610433     1.9560      98.30     0.0288 5.1266e-02 1.9438e+00    237.594 293.143583    5.11208    34.8368    34.8575    27.1533    1484.69    1491.56 0.0000e+00
       5724    160.000     7.9413     7.9410   3.607892   3.609809     1.9545      77.57     0.0255 5.1252e-02 1.9438e+00    238.476 293.143593    5.09949    34.8397    34.8606    27.1570    1484.68    1491.51 0.0000e+00
       5745    161.000     7.9306     7.9293   3.607084   3.608859     1.9542      77.35     0.0272 5.1273e-02 1.9438e+00    239.347 293.143604    5.11378    34.8411    34.8615    27.1598    1484.65    1491.47 0.0000e+00
       5766    162.000     7.9207     7.9197   3.606096   3.607924     1.9553      74.10     0.0295 5.1273e-02 1.9438e+00    240.226 293.143614    5.13332    34.8399    34.8606    27.1603    1484.63    1491.43 0.0000e+00
       5788    163.000     7.9191     7.9190   3.606202   3.608139     1.9571      89.61     0.0293 5.1246e-02 1.9438e+00    241.109 293.143624    5.13654    34.8421    34.8631    27.1623    1484.65    1491.39 0.0000e+00
       5809    164.000     7.9075     7.9072   3.605663   3.607600     1.9585      84.26     0.0302 5.1252e-02 1.9438e+00    242.009 293.143634    5.14106    34.8474    34.8686    27.1682    1484.62    1491.35 0.0000e+00
       5830    165.000     7.9098     7.9100   3.606590   3.608537     1.9586      48.40     0.0320 5.1259e-02 -9.990e-29    242.892 293.143645    5.13605    34.8546    34.8754    27.1735    1484.66    1491.30 0.0000e+00
       5851    166.000     7.9032     7.9030   3.606097   3.608005     1.9597      99.15     0.0354 5.1259e-02 -9.990e-29    243.757 293.143655    5.13265    34.8554    34.8761    27.1751    1484.65    1491.26 0.0000e+00
       5872    167.000     7.8977     7.8976   3.605864   3.607789     1.9578      71.92     0.0355 5.1273e-02 -9.990e-29    244.631 293.143665    5.12536    34.8579    34.8787    27.1778    1484.65    1491.22 0.0000e+00
       5893    168.000     7.8973     7.8973   3.606202   3.608139     1.9587      65.61     0.0358 5.1273e-02 1.9438e+00    245.510 293.143675    5.14711    34.8614    34.8823    27.1807    1484.67    1491.19 0.0000e+00
       5914    169.000     7.8980     7.8980   3.606521   3.608462     1.9606      82.87     0.0333 5.1273e-02 1.9438e+00    246.396 293.143685    5.16203    34.8637    34.8846    27.1824    1484.69    1491.15 0.0000e+00
       5936    170.000     7.8957     7.8957   3.606482   3.608409     1.9619      81.39     0.0311 5.1253e-02 1.9438e+00    247.281 293.143695    5.16110    34.8651    34.8858    27.1838    1484.70    1491.11 0.0000e+00
       5957    171.000     7.8908     7.8906   3.606203   3.608116     1.9639      78.90     0.0296 5.1266e-02 1.9438e+00    248.156 293.143706    5.17526    34.8665    34.8873    27.1856    1484.70    1491.07 0.0000e+00
       5978    172.000     7.8791     7.8788   3.605537   3.607423     1.9657      56.33     0.0288 5.1266e-02 1.9438e+00    249.034 293.143716    5.18759    34.8705    34.8911    27.1905    1484.68    1491.03 0.0000e+00
       5999    173.000     7.8715     7.8716   3.604933   3.606861     1.9683      97.21     0.0301 5.1266e-02 1.9438e+00    249.919 293.143726    5.18717    34.8711    34.8918    27.1921    1484.67    1491.00 0.0000e+00
       6020    174.000     7.8629     7.8627   3.604512   3.606421     1.9683      79.01     0.0316 5.1234e-02 -9.990e-29    250.805 293.143736    5.18261    34.8747    34.8954    27.1962    1484.65    1490.96 0.0000e+00
       6042    175.000     7.8609     7.8609   3.604421   3.606347     1.9691      39.77     0.0278 5.1272e-02 -9.990e-29    251.696 293.143747    5.19427    34.8752    34.8959    27.1969    1484.66    1490.92 0.0000e+00
       6063    176.000     7.8592     7.8592   3.604357   3.606266     1.9712      94.61     0.0277 5.1273e-02 -9.990e-29    252.574 293.143757    5.19743    34.8757    34.8963    27.1976    1484.67    1490.89 0.0000e+00
       6084    177.000     7.8525     7.8526   3.603934   3.605850     1.9706      75.27     0.0277 5.1273e-02 -9.990e-29    253.445 293.143767    5.19419    34.8773    34.8979    27.1998    1484.67    1490.85 0.0000e+00
       6105    178.000     7.8493     7.8492   3.603742   3.605668     1.9726      67.20     0.0253 5.1273e-02 1.9438e+00    254.316 293.143777    5.21657    34.8780    34.8988    27.2008    1484.67    1490.82 0.0000e+00
       6126    179.000     7.8409     7.8408   3.603329   3.605243     1.9746      63.28     0.0251 5.1280e-02 1.9438e+00    255.192 293.143787    5.22973    34.8814    34.9022    27.2048    1484.66    1490.78 0.0000e+00
       6147    180.000     7.8365     7.8364   3.603187   3.605099     1.9769      92.02     0.0282 5.1246e-02 1.9438e+00    256.077 293.143797    5.22021    34.8838    34.9045    27.2073    1484.66    1490.75 0.0000e+00
       6168    181.000     7.8335     7.8335   3.603134   3.605045     1.9763      85.10     0.0268 5.1253e-02 1.9438e+00    256.969 293.143807    5.20481    34.8858    34.9064    27.2093    1484.67    1490.72 0.0000e+00
       6189    182.000     7.8291     7.8290   3.603073   3.604989     1.9746      30.15     0.0261 5.1273e-02 1.9438e+00    257.849 293.143818    5.19971    34.8890    34.9098    27.2125    1484.68    1490.68 0.0000e+00
       6210    183.000     7.8267     7.8267   3.603255   3.605180     1.9746      95.89     0.0248 5.1280e-02 1.9438e+00    258.723 293.143828    5.19803    34.8929    34.9136    27.2159    1484.69    1490.65 0.0000e+00
       6231    184.000     7.8234     7.8235   3.603239   3.605161     1.9724      77.13     0.0245 5.1238e-02 1.9438e+00    259.597 293.143838    5.19117    34.8955    34.9161    27.2184    1484.69    1490.62 0.0000e+00
       6252    185.000     7.8177     7.8180   3.603079   3.604995     1.9724      59.27     0.0280 5.1267e-02 1.9438e+00    260.474 293.143848    5.20600    34.8990    34.9194    27.2220    1484.69    1490.59 0.0000e+00
       6273    186.000     7.8135     7.8135   3.602948   3.604857     1.9732      74.79     0.0294 5.1273e-02 1.9438e+00    261.354 293.143858    5.21870    34.9013    34.9219    27.2245    1484.70    1490.55 0.0000e+00
       6295    187.000     7.8099     7.8099   3.602918   3.604829     1.9738      83.57     0.0239 5.1259e-02 1.9438e+00    262.236 293.143869    5.21177    34.9041    34.9247    27.2272    1484.70    1490.52 0.0000e+00
       6316    188.000     7.8068     7.8068   3.602908   3.604808     1.9738      78.07     0.0263 5.1273e-02 -9.990e-29    263.117 293.143879    5.21750    34.9066    34.9271    27.2296    1484.71    1490.49 0.0000e+00
       6337    189.000     7.8050     7.8050   3.602915   3.604818     1.9748      43.55     0.0260 5.1280e-02 -9.990e-29    263.998 293.143889    5.23447    34.9080    34.9285    27.2310    1484.72    1490.46 0.0000e+00
       6358    190.000     7.8027     7.8027   3.602947   3.604856     1.9773      96.52     0.0227 5.1273e-02 -9.990e-29    264.876 293.143899    5.23815    34.9101    34.9307    27.2330    1484.73    1490.43 0.0000e+00
       6379    191.000     7.8007     7.8007   3.602956   3.604891     1.9772      76.20     0.0237 5.1252e-02 -9.990e-29    265.751 293.143909    5.23056    34.9117    34.9326    27.2346    1484.74    1490.40 0.0000e+00
       6400    192.000     7.7999     7.8000   3.603011   3.604908     1.9776      43.10     0.0250 5.1287e-02 1.9438e+00    266.632 293.143919    5.23597    34.9127    34.9330    27.2354    1484.76    1490.37 0.0000e+00
       6421    193.000     7.7984     7.7984   3.603050   3.604950     1.9790      89.59     0.0230 5.1273e-02 1.9438e+00    267.508 293.143929    5.24470    34.9141    34.9346    27.2367    1484.77    1490.34 0.0000e+00
       6442    194.000     7.7972     7.7973   3.603110   3.605016     1.9793      82.42     0.0240 5.1247e-02 1.9438e+00    268.396 293.143940    5.24980    34.9154    34.9359    27.2380    1484.78    1490.31 0.0000e+00
       6464    195.000     7.7966     7.7966   3.603157   3.605059     1.9818      66.32     0.0255 5.1280e-02 1.9438e+00    269.290 293.143950    5.26149    34.9161    34.9366    27.2386    1484.80    1490.28 0.0000e+00
       6485    196.000     7.7957     7.7957   3.603196   3.605102     1.9823      53.86     0.0256 5.1301e-02 1.9438e+00    270.172 293.143960    5.25440    34.9169    34.9375    27.2394    1484.81    1490.26 0.0000e+00
       6507    197.000     7.7922     7.7923   3.603173   3.605080     1.9826      94.67     0.0255 5.1260e-02 1.9438e+00    271.068 293.143971    5.24290    34.9197    34.9401    27.2420    1484.82    1490.23 0.0000e+00
       6528    198.000     7.7907     7.7908   3.603202   3.605110     1.9811      87.79     0.0245 5.1239e-02 -9.990e-29    271.949 293.143981    5.23381    34.9210    34.9415    27.2433    1484.83    1490.20 0.0000e+00
       6549    199.000     7.7875     7.7875   3.603197   3.605111     1.9797      24.32     0.0275 5.1315e-02 -9.990e-29    272.835 293.143991    5.23903    34.9237    34.9443    27.2459    1484.84    1490.17 0.0000e+00
       6571    200.000     7.7853     7.7853   3.603208   3.605121     1.9805      99.38     0.0288 5.1273e-02 -9.990e-29    273.736 293.144002    5.24426    34.9255    34.9461    27.2476    1484.85    1490.15 0.0000e+00
       6592    201.000     7.7843     7.7844   3.603238   3.605154     1.9794      84.31     0.0306 5.1259e-02 1.9438e+00    274.617 293.144012    5.23124    34.9263    34.9469    27.2484    1484.86    1490.12 0.0000e+00
       6613    202.000     7.7838     7.7839   3.603276   3.605191     1.9780      46.68     0.0296 5.1306e-02 1.9438e+00    275.514 293.144022    5.23166    34.9267    34.9473    27.2489    1484.88    1490.10 0.0000e+00
       6635    203.000     7.7828     7.7829   3.603338   3.605236     1.9785      79.01     0.0272 5.1280e-02 1.9438e+00    276.410 293.144033    5.25335    34.9279    34.9483    27.2499    1484.89    1490.07 0.0000e+00
       6656    204.000     7.7820     7.7820   3.603400   3.605324     1.9796      86.88     0.0281 5.1247e-02 1.9438e+00    277.297 293.144043    5.25226    34.9289    34.9497    27.2508    1484.91    1490.04 0.0000e+00
       6678    205.000     7.7815     7.7815   3.603928   3.605854     1.9799      70.44     0.0287 5.1273e-02 1.9438e+00    278.215 293.144053    5.25258    34.9346    34.9554    27.2554    1484.93    1490.02 0.0000e+00
       6700    206.000     7.7814     7.7816   3.604266   3.606160     1.9808      49.61     0.0259 5.1287e-02 1.9438e+00    279.118 293.144064    5.25759    34.9379    34.9581    27.2580    1484.95    1489.99 0.0000e+00
       6721    207.000     7.7812     7.7812   3.604525   3.606439     1.9807      95.82     0.0256 5.1267e-02 -9.990e-29    280.012 293.144074    5.23710    34.9404    34.9611    27.2600    1484.97    1489.97 0.0000e+00
       6743    208.000     7.7790     7.7791   3.604764   3.606659     1.9782      89.03     0.0254 5.1252e-02 -9.990e-29    280.924 293.144085    5.21826    34.9447    34.9650    27.2637    1484.98    1489.95 0.0000e+00
       6764    209.000     7.7782     7.7783   3.604853   3.606758     1.9756      27.63     0.0232 5.1306e-02 -9.990e-29    281.812 293.144095    5.22240    34.9460    34.9664    27.2648    1485.00    1489.92 0.0000e+00
       6786    210.000     7.7754     7.7754   3.604812   3.606713     1.9757      99.13     0.0246 5.1273e-02 -9.990e-29    282.712 293.144105    5.22633    34.9478    34.9684    27.2667    1485.01    1489.90 0.0000e+00
       6808    211.000     7.7750     7.7751   3.604963   3.606872     1.9736      80.25     0.0243 5.1247e-02 1.9438e+00    283.609 293.144116    5.22095    34.9494    34.9699    27.2679    1485.02    1489.88 0.0000e+00
       6829    212.000     7.7744     7.7745   3.605055   3.606962     1.9742      95.81     0.0268 5.1273e-02 1.9438e+00    284.505 293.144126    5.23919    34.9505    34.9710    27.2689    1485.04    1489.85 0.0000e+00
       6851    213.000     7.7732     7.7732   3.605169   3.607077     1.9747      90.13     0.0278 5.1253e-02 1.9438e+00    285.433 293.144137    5.23507    34.9524    34.9730    27.2706    1485.05    1489.83 0.0000e+00
       6873    214.000     7.7711     7.7712   3.605171   3.607055     1.9743      97.52     0.0281 5.1260e-02 1.9438e+00    286.347 293.144148    5.22462    34.9541    34.9743    27.2722    1485.06    1489.81 0.0000e+00
       6895    215.000     7.7664     7.7664   3.605115   3.606999     1.9727      92.84     0.0262 5.1260e-02 1.9438e+00    287.265 293.144158    5.21943    34.9577    34.9780    27.2757    1485.07    1489.79 0.0000e+00
       6917    216.000     7.7654     7.7655   3.605130   3.607010     1.9724      94.92     0.0273 5.1266e-02 1.9438e+00    288.180 293.144169    5.22528    34.9584    34.9786    27.2764    1485.08    1489.76 0.0000e+00
       6939    217.000     7.7653     7.7655   3.605161   3.607062     1.9717      94.40     0.0254 5.1266e-02 1.9438e+00    289.078 293.144179    5.21906    34.9583    34.9786    27.2764    1485.10    1489.74 0.0000e+00
       6961    218.000     7.7655     7.7656   3.605223   3.607124     1.9711      84.05     0.0249 5.1241e-02 1.9438e+00    290.015 293.144190    5.22769    34.9583    34.9787    27.2764    1485.11    1489.72 0.0000e+00
