testdata/CTD/sta0406.cnv
* Sea-Bird SBE 9 Data File:
* FileName = C:\Seabird\CTDData\sta0406.hex
* Software Version Seasave V 7.21f
* Temperature SN = 4557
* Conductivity SN = 1337
* Number of Bytes Per Scan = 40
* Number of Voltage Words = 5
* Number of Scans Averaged by the Deck Unit = 1
* NMEA Latitude = 60 49.37 N
* NMEA Longitude = 005 21.92 E
* NMEA UTC (Time) = Oct 14 2018 06:35:19
* NMEA baud rate = 4800
** Ship: 10 F/F "G. O. Sars"
** Station: 0406
** Echodepth: 117
** Log: 5339.64
** Wind-Dir Force: 24 19
** Air-temp (dry): 18.9
** Weather Sky: 8 8
** Sea Ice: 1 0
# nquan = 20                                
# nvalues = 121                         
# units = specified
# name 0 = scan: Scan Count
# name 1 = prDM: Pressure, Digiquartz [db]
# name 2 = t068C: Temperature [ITS-68, deg C]
# name 3 = t168C: Temperature, 2 [ITS-68, deg C]
# name 4 = c0S/m: Conductivity [S/m]
# name 5 = c1S/m: Conductivity, 2 [S/m]
# name 6 = sbeox0V: Oxygen raw, SBE 43 [V]
# name 7 = altM: Altimeter [m]
# name 8 = flC: Fluorescence, Chelsea Aqua 3 Chl Con [ug/l]
# name 9 = par: PAR/Irradiance, Biospherical/Licor
# name 10 = spar: SPAR/Surface Irradiance
# name 11 = timeS: Time, Elapsed [seconds]
# name 12 = timeJ: Julian Days
# name 13 = sbeox0ML/L: Oxygen, SBE 43 [ml/l], WS = 2
# name 14 = sal00: Salinity, Practical [PSU]
# name 15 = sal11: Salinity, Practical, 2 [PSU]
# name 16 = sigma-t00: Density [sigma-t, Kg/m^3 ]
# name 17 = svCM: Sound Velocity [Chen-Millero, m/s]
# name 18 = avgsvCM: Average Sound Velocity [Chen-Millero, m/s], minP = 1, minS = 5
# name 19 = flag: flag
# span 0 =        358,       3259       
# span 1 =      4.000,    124.000       
# span 2 =     8.1660,    15.2189       
# span 3 =     8.1653,    15.2221       
# span 4 =   2.961095,   3.935147       
# span 5 =   2.962523,   3.938118       
# span 6 =     1.6533,     2.2246       
# span 7 =       2.89,      98.79       
# span 8 =     0.0273,     0.2409       
# span 9 = 5.1227e-02, 3.5458e-01       
# span 10 = 1.9438e+00, 1.9438e+00      
# span 11 =     14.874,    135.766      
# span 12 = 287.274732, 287.276132      
# span 13 =    3.98243,    5.61920      
# span 14 =    24.3627,    34.9390      
# span 15 =    24.3772,    34.9621      
# span 16 =    18.1540,    27.2012      
# span 17 =    1484.96,    1503.39      
# span 18 =    1487.98,    1498.57      
# span 19 = 0.0000e+00, 0.0000e+00      
# interval = decibars: 1                
# start_time = Oct 14 2018 06:35:22 [System UTC, header]
# bad_flag = -9.990e-29
*END*
[from data line 73]
       1941     77.000     9.1092     9.1076   3.677745   3.679554     1.9698      52.60     0.0371 5.1273e-02 1.9438e+00     80.813 287.275496    4.88104    34.4725    34.4929    26.6879    1487.21    1496.29 0.0000e+00
       1962     78.000     9.0162     9.0122   3.672768   3.674453     1.9579      51.77     0.0397 5.1273e-02 1.9438e+00     81.710 287.275506    4.84421    34.5102    34.5317    26.7323    1486.93    1496.17 0.0000e+00
       1983     79.000     8.9845     8.9837   3.671187   3.673122     1.9458      50.72     0.0414 5.1273e-02 1.9438e+00     82.602 287.275516    4.79967    34.5239    34.5450    26.7481    1486.85    1496.05 0.0000e+00
       2005     80.000     8.9793     8.9795   3.671022   3.673037     1.9326      49.77     0.0400 5.1273e-02 1.9438e+00     83.492 287.275527    4.74683    34.5268    34.5477    26.7512    1486.85    1495.94 0.0000e+00
       2026     81.000     8.8508     8.8480   3.664692   3.666396     1.9182      48.69     0.0358 5.1273e-02 1.9438e+00     84.388 287.275537    4.70670    34.5850    34.6056    26.8172    1486.46    1495.82 0.0000e+00
       2048     82.000     8.7743     8.7773   3.660919   3.663052     1.9049      47.74     0.0340 5.1273e-02 1.9438e+00     85.275 287.275547    4.67545    34.6195    34.6390    26.8564    1486.24    1495.70 0.0000e+00
       2069     83.000     8.7468     8.7420   3.659561   3.661311     1.8915      46.40     0.0320 5.1273e-02 1.9438e+00     86.174 287.275558    4.63087    34.6316    34.6547    26.8702    1486.17    1495.59 0.0000e+00
       2091     84.000     8.7323     8.7303   3.658887   3.660884     1.8781      45.07     0.0342 5.1280e-02 1.9438e+00     87.068 287.275568    4.58500    34.6382    34.6612    26.8776    1486.14    1495.47 0.0000e+00
       2112     85.000     8.7362     8.7339   3.659208   3.661181     1.8643      43.39     0.0352 5.1273e-02 -9.990e-29     87.965 287.275578    4.54069    34.6373    34.6603    26.8763    1486.17    1495.36 0.0000e+00
       2134     86.000     8.7337     8.7308   3.659184   3.661146     1.8520      42.32     0.0323 5.1273e-02 -9.990e-29     88.859 287.275589    4.51802    34.6390    34.6625    26.8780    1486.18    1495.26 0.0000e+00
       2155     87.000     8.7050     8.7063   3.657745   3.659892     1.8423      41.13     0.0305 5.1266e-02 -9.990e-29     89.741 287.275599    4.50624    34.6514    34.6728    26.8923    1486.10    1495.15 0.0000e+00
       2176     88.000     8.6457     8.6450   3.654767   3.656819     1.8342      40.03     0.0324 5.1273e-02 -9.990e-29     90.627 287.275609    4.49251    34.6776    34.7000    26.9221    1485.93    1495.05 0.0000e+00
       2197     89.000     8.5948     8.5945   3.652477   3.654552     1.8264      38.82     0.0339 5.1280e-02 1.9438e+00     91.515 287.275619    4.47536    34.7029    34.7252    26.9499    1485.79    1494.94 0.0000e+00
       2219     90.000     8.5725     8.5715   3.651489   3.653540     1.8194      37.68     0.0434 5.1273e-02 1.9438e+00     92.398 287.275630    4.45846    34.7139    34.7366    26.9620    1485.74    1494.84 0.0000e+00
       2240     91.000     8.5271     8.5272   3.649567   3.651633     1.8125      36.73     0.0385 5.1273e-02 1.9438e+00     93.286 287.275640    4.44024    34.7377    34.7595    26.9877    1485.61    1494.74 0.0000e+00
       2261     92.000     8.4850     8.4838   3.647852   3.649899     1.8059      35.30     0.0357 5.1273e-02 1.9438e+00     94.168 287.275650    4.42090    34.7605    34.7834    27.0122    1485.50    1494.63 0.0000e+00
       2282     93.000     8.4510     8.4501   3.646420   3.648466     1.7989      34.31     0.0356 5.1273e-02 1.9438e+00     95.047 287.275660    4.39383    34.7784    34.8010    27.0314    1485.41    1494.53 0.0000e+00
       2303     94.000     8.4234     8.4220   3.645388   3.647427     1.7909      33.07     0.0352 5.1273e-02 1.9438e+00     95.929 287.275670    4.35550    34.7942    34.8172    27.0481    1485.35    1494.44 0.0000e+00
       2324     95.000     8.4003     8.3991   3.644591   3.646664     1.7814      32.83     0.0291 5.1266e-02 -9.990e-29     96.806 287.275681    4.31942    34.8080    34.8313    27.0625    1485.29    1494.34 0.0000e+00
       2345     96.000     8.3956     8.3950   3.644472   3.646594     1.7721      33.36     0.0318 5.1273e-02 -9.990e-29     97.678 287.275691    4.28633    34.8109    34.8341    27.0655    1485.30    1494.25 0.0000e+00
       2366     97.000     8.3899     8.3894   3.644361   3.646480     1.7621      32.36     0.0322 5.1273e-02 -9.990e-29     98.555 287.275701    4.23960    34.8149    34.8380    27.0695    1485.30    1494.15 0.0000e+00
       2387     98.000     8.3672     8.3651   3.643563   3.645608     1.7504      31.38     0.0316 5.1273e-02 -9.990e-29     99.429 287.275711    4.19717    34.8284    34.8522    27.0836    1485.24    1494.06 0.0000e+00
       2408     99.000     8.3497     8.3484   3.642958   3.645051     1.7395      30.30     0.0321 5.1259e-02 1.9438e+00    100.303 287.275721    4.16678    34.8388    34.8624    27.0945    1485.21    1493.97 0.0000e+00
       2429    100.000     8.3247     8.3238   3.642067   3.644180     1.7290      29.46     0.0321 5.1266e-02 1.9438e+00    101.185 287.275731    4.14193    34.8536    34.8770    27.1099    1485.15    1493.88 0.0000e+00
       2451    101.000     8.3135     8.3126   3.641717   3.643821     1.7202      28.43     0.0319 5.1273e-02 1.9438e+00    102.066 287.275742    4.12795    34.8605    34.8838    27.1170    1485.13    1493.80 0.0000e+00
       2472    102.000     8.2865     8.2850   3.640734   3.642806     1.7124      27.42     0.0310 5.1273e-02 1.9438e+00    102.948 287.275752    4.10337    34.8763    34.8999    27.1336    1485.07    1493.71 0.0000e+00
       2493    103.000     8.2648     8.2638   3.639930   3.642044     1.7040      26.50     0.0302 5.1259e-02 1.9438e+00    103.831 287.275762    4.07256    34.8888    34.9123    27.1467    1485.02    1493.62 0.0000e+00
       2514    104.000     8.2548     8.2538   3.639552   3.641658     1.6955      25.58     0.0293 5.1280e-02 1.9438e+00    104.712 287.275772    4.04727    34.8942    34.9177    27.1525    1485.00    1493.54 0.0000e+00
       2535    105.000     8.2497     8.2489   3.639378   3.641503     1.6877      24.60     0.0301 5.1280e-02 1.9438e+00    105.600 287.275782    4.03118    34.8969    34.9204    27.1554    1485.00    1493.46 0.0000e+00
       2557    106.000     8.2426     8.2417   3.639149   3.641273     1.6815      23.49     0.0300 5.1280e-02 1.9438e+00    106.480 287.275793    4.02881    34.9010    34.9246    27.1597    1485.00    1493.38 0.0000e+00
       2578    107.000     8.2366     8.2358   3.638967   3.641101     1.6773      22.47     0.0316 5.1273e-02 1.9438e+00    107.368 287.275803    4.02245    34.9046    34.9281    27.1634    1485.00    1493.30 0.0000e+00
       2599    108.000     8.2234     8.2228   3.638525   3.640651     1.6727      21.52     0.0319 5.1280e-02 1.9438e+00    108.255 287.275813    4.01068    34.9125    34.9358    27.1716    1484.97    1493.22 0.0000e+00
       2620    109.000     8.2137     8.2129   3.638116   3.640252     1.6692      20.61     0.0300 5.1280e-02 -9.990e-29    109.132 287.275823    4.00779    34.9173    34.9409    27.1769    1484.96    1493.15 0.0000e+00
       2641    110.000     8.2081     8.2074   3.637898   3.640043     1.6662      19.61     0.0307 5.1273e-02 -9.990e-29    110.016 287.275833    4.00430    34.9200    34.9436    27.1799    1484.96    1493.07 0.0000e+00
       2663    111.000     8.2050     8.2045   3.637839   3.639982     1.6642      18.63     0.0276 5.1293e-02 -9.990e-29    110.899 287.275844    4.00778    34.9220    34.9454    27.1819    1484.97    1493.00 0.0000e+00
       2683    112.000     8.2021     8.2015   3.637771   3.639919     1.6631      17.69     0.0273 5.1307e-02 -9.990e-29    111.770 287.275854    4.01056    34.9237    34.9472    27.1837    1484.97    1492.93 0.0000e+00
       2705    113.000     8.2002     8.1996   3.637838   3.639991     1.6623      16.76     0.0283 5.1294e-02 1.9438e+00    112.649 287.275864    4.00590    34.9258    34.9494    27.1856    1484.99    1492.86 0.0000e+00
       2726    114.000     8.1971     8.1962   3.637747   3.639868     1.6608      15.78     0.0299 5.1295e-02 1.9438e+00    113.526 287.275874    3.99845    34.9274    34.9510    27.1874    1484.99    1492.79 0.0000e+00
       2960    115.000     8.2057     8.2008   3.638131   3.640049     1.6585      14.31     0.0309 5.1285e-02 1.9438e+00    123.278 287.275987    3.99620    34.9225    34.9478    27.1822    1485.04    1492.72 0.0000e+00
       3094    116.000     8.2139     8.2022   3.638570   3.640148     1.6566      13.39     0.0348 5.1284e-02 1.9438e+00    128.867 287.276052    3.99400    34.9185    34.9470    27.1778    1485.08    1492.65 0.0000e+00
       3114    117.000     8.1980     8.1953   3.637840   3.639834     1.6567      12.64     0.0360 5.1273e-02 1.9438e+00    129.689 287.276061    3.99618    34.9260    34.9501    27.1862    1485.04    1492.59 0.0000e+00
       3134    118.000     8.1787     8.1778   3.636908   3.639001     1.6559      11.77     0.0322 5.1280e-02 1.9438e+00    130.533 287.276071    3.98834    34.9348    34.9581    27.1960    1485.00    1492.52 0.0000e+00
       3154    119.000     8.1760     8.1754   3.636768   3.638871     1.6546      10.82     0.0330 5.1295e-02 1.9438e+00    131.393 287.276081    3.98243    34.9355    34.9586    27.1969    1485.01    1492.46 0.0000e+00
       3175    120.000     8.1750     8.1746   3.636729   3.638846     1.6533       5.24     0.0324 5.1391e-02 1.9438e+00    132.258 287.276091    3.98665    34.9356    34.9586    27.1972    1485.02    1492.40 0.0000e+00
       3196    121.000     8.1723     8.1718   3.636614   3.638722     1.6537       3.27     0.0347 5.1425e-02 1.9438e+00    133.140 287.276101    4.00152    34.9366    34.9596    27.1983    1485.03    1492.34 0.0000e+00
       3217    122.000     8.1703     8.1697   3.636599   3.638703     1.6550       3.08     0.0359 5.1418e-02 1.9438e+00    134.020 287.276111    4.01435    34.9379    34.9610    27.1997    1485.04    1492.28 0.0000e+00
       3238    123.000     8.1677     8.1671   3.636496   3.638603     1.6570       2.89     0.0342 5.1418e-02 1.9438e+00    134.895 287.276121    4.02159    34.9389    34.9621    27.2009    1485.04    1492.22 0.0000e+00
       3259    124.000     8.1660     8.1653   3.636391   3.638480     1.6583       3.94     0.0335 5.1398e-02 1.9438e+00    135.766 287.276132    4.01877    34.9390    34.9621    27.2012    1485.05    1492.16 0.0000e+00
