testdata/CTD/sta0423.cnv
* Sea-Bird SBE 9 Data File:
* FileName = C:\Seabird\CTDData\sta0423.hex
* Software Version Seasave V 7.21f
* Temperature SN = 4557
* Conductivity SN = 1337
* Number of Bytes Per Scan = 40
* Number of Voltage Words = 5
* Number of Scans Averaged by the Deck Unit = 1
* NMEA Latitude = 61 28.93 N
* NMEA Longitude = 005 25.89 E
* NMEA UTC (Time) = Oct 19 2018 05:01:18
* NMEA baud rate = 4800
** Ship: 10 F/F "G. O. Sars"
** Station: 0423
** Echodepth: 306
** Log: 5679.83
** Wind-Dir Force: 90 01
** Air-temp (dry): 7.5
** Weather Sky: 0 4
** Sea Ice: 1 0
# nquan = 20                                
# nvalues = 297                         
# units = specified
# name 0 = scan: Scan Count
# name 1 = prDM: Pressure, Digiquartz [db]
# name 2 = t068C: Temperature [ITS-68, deg C]
# name 3 = t168C: Temperature, 2 [ITS-68, deg C]
# name 4 = c0S/m: Conductivity [S/m]
# name 5 = c1S/m: Conductivity, 2 [S/m]
# name 6 = sbeox0V: Oxygen raw, SBE 43 [V]
# name 7 = altM: Altimeter [m]
# name 8 = flC: Fluorescence, Chelsea Aqua 3 Chl Con [ug/l]
# name 9 = par: PAR/Irradiance, Biospherical/Licor
# name 10 = spar: SPAR/Surface Irradiance
# name 11 = timeS: Time, Elapsed [seconds]
# name 12 = timeJ: Julian Days
# name 13 = sbeox0ML/L: Oxygen, SBE 43 [ml/l], WS = 2
# name 14 = sal00: Salinity, Practical [PSU]
# name 15 = sal11: Salinity, Practical, 2 [PSU]
# name 16 = sigma-t00: Density [sigma-t, Kg/m^3 ]
# name 17 = svCM: Sound Velocity [Chen-Millero, m/s]
# name 18 = avgsvCM: Average Sound Velocity [Chen-Millero, m/s], minP = 1, minS = 5
# name 19 = flag: flag
# span 0 =        430,       6778       
# span 1 =      4.000,    300.000       
# span 2 =     7.6953,    13.8104       
# span 3 =     7.6950,    13.8109       
# span 4 =   3.305676,   3.857034       
# span 5 =   3.310547,   3.859213       
# span 6 =     1.8238,     2.2355       
# span 7 =      11.79,      99.50       
# span 8 =     0.0145,     0.1275       
# span 9 = 5.1208e-02, 2.4349e-01       
# span 10 = 1.9438e+00, 1.9438e+00      
# span 11 =     17.862,    282.361      
# span 12 = 292.209478, 292.212539      
# span 13 =    4.53791,    5.63901      
# span 14 =    27.9535,    35.0629      
# span 15 =    27.9964,    35.0858      
# span 16 =    21.0367,    27.3689      
# span 17 =    1484.35,    1499.09      
# span 18 =    1488.93,    1496.56      
# span 19 = 0.0000e+00, 0.0000e+00      
# interval = decibars: 1                
# start_time = Oct 19 2018 05:01:21 [System UTC, header]
# bad_flag = -9.990e-29
*END*
        430      4.000    12.4855    12.4891   3.305676   3.310547     2.2355      79.62     0.1275 2.4349e-01 -9.990e-29     17.862 292.209478    5.63901    27.9535    27.9964    21.0367    1490.16    1490.16 0.0000e+00
        460      5.000    12.4944    12.4940   3.311668   3.313966     2.2337      99.02     0.1216 1.5389e-01 -9.990e-29     19.144 292.209492    5.60768    28.0026    28.0244    21.0731    1490.26    1490.18 0.0000e+00
        481      6.000    12.5064    12.5031   3.316323   3.317909     2.2304      98.75     0.1214 1.1242e-01 -9.990e-29     20.010 292.209502    5.59432    28.0369    28.0542    21.0974    1490.36    1490.21 0.0000e+00
        502      7.000    12.6768    12.6892   3.373050   3.379822     2.2276      61.83     0.1212 7.3899e-02 1.9438e+00     20.894 292.209513    5.56709    28.4393    28.4932    21.3774    1491.44    1490.38 0.0000e+00
        524      8.000    12.7755    12.7794   3.410538   3.415623     2.2287      98.50     0.1140 5.2987e-02 1.9438e+00     21.804 292.209523    5.56664    28.7142    28.7587    21.5716    1492.12    1490.60 0.0000e+00
        546      9.000    12.8667    12.8650   3.455439   3.458650     2.2307      98.80     0.1026 5.1287e-02 1.9438e+00     22.700 292.209534    5.54584    29.0630    29.0943    21.8243    1492.85    1490.85 0.0000e+00
        567     10.000    13.2454    13.2411   3.561898   3.563252     2.2301      80.79     0.0938 5.1266e-02 1.9438e+00     23.580 292.209544    5.45673    29.7593    29.7752    22.2903    1494.97    1491.26 0.0000e+00
        588     11.000    13.3664    13.3713   3.601950   3.607020     2.2273      52.22     0.0815 5.1273e-02 1.9438e+00     24.465 292.209554    5.43444    30.0352    30.0782    22.4799    1495.72    1491.66 0.0000e+00
        610     12.000    13.4852    13.4854   3.645852   3.648665     2.2283      76.85     0.0729 5.1273e-02 1.9438e+00     25.373 292.209564    5.39880    30.3471    30.3729    22.6976    1496.50    1492.07 0.0000e+00
        632     13.000    13.6127    13.6149   3.693914   3.698059     2.2206      99.16     0.0684 5.1273e-02 1.9438e+00     26.285 292.209575    5.30489    30.6891    30.7256    22.9365    1497.34    1492.47 0.0000e+00
        653     14.000    13.8001    13.8008   3.780601   3.783652     2.2092      67.13     0.0624 5.1273e-02 1.9438e+00     27.177 292.209585    5.22055    31.3371    31.3647    23.3994    1498.74    1492.92 0.0000e+00
        675     15.000    13.8104    13.8109   3.800589   3.803617     2.1989      64.76     0.0530 5.1273e-02 1.9438e+00     28.068 292.209596    5.18963    31.5127    31.5402    23.5328    1499.00    1493.32 0.0000e+00
        696     16.000    13.7755    13.7731   3.815261   3.818027     2.1885      98.94     0.0455 5.1273e-02 1.9438e+00     28.962 292.209606    5.13227    31.6765    31.7041    23.6664    1499.09    1493.68 0.0000e+00
        717     17.000    13.6953    13.6947   3.826840   3.829363     2.1718      85.27     0.0414 5.1266e-02 -9.990e-29     29.852 292.209616    5.06220    31.8497    31.8736    23.8163    1499.05    1493.99 0.0000e+00
        739     18.000    13.6760    13.6740   3.827567   3.829915     2.1546      75.51     0.0416 5.1254e-02 -9.990e-29     30.759 292.209627    5.01938    31.8721    31.8956    23.8375    1499.03    1494.27 0.0000e+00
        761     19.000    13.5763    13.5749   3.833002   3.835406     2.1402      98.65     0.0444 5.1266e-02 -9.990e-29     31.661 292.209637    5.00276    32.0054    32.0289    23.9606    1498.87    1494.51 0.0000e+00
        782     20.000    13.5336    13.5331   3.838124   3.840495     2.1303      98.80     0.0464 5.1266e-02 -9.990e-29     32.556 292.209648    4.99244    32.0885    32.1110    24.0333    1498.84    1494.73 0.0000e+00
        804     21.000    13.4882    13.4878   3.841132   3.843424     2.1215      43.99     0.0432 5.1273e-02 1.9438e+00     33.451 292.209658    4.99448    32.1543    32.1760    24.0933    1498.79    1494.92 0.0000e+00
        825     22.000    13.4823    13.4820   3.841570   3.843864     2.1201      74.79     0.0415 5.1273e-02 1.9438e+00     34.345 292.209668    5.01895    32.1629    32.1846    24.1011    1498.79    1495.10 0.0000e+00
        847     23.000    13.4518    13.4502   3.842975   3.845319     2.1191      98.72     0.0385 5.1273e-02 1.9438e+00     35.247 292.209679    5.01720    32.2014    32.2246    24.1369    1498.75    1495.26 0.0000e+00
        869     24.000    13.4241    13.4236   3.845070   3.847368     2.1184      98.62     0.0373 5.1266e-02 1.9438e+00     36.149 292.209689    5.02086    32.2439    32.2658    24.1754    1498.73    1495.40 0.0000e+00
        890     25.000    13.4079    13.4075   3.846812   3.849097     2.1177      96.51     0.0365 5.1273e-02 1.9438e+00     37.035 292.209699    5.01524    32.2735    32.2952    24.2015    1498.73    1495.53 0.0000e+00
        911     26.000    13.3909    13.3890   3.848459   3.850815     2.1162      95.92     0.0359 5.1260e-02 -9.990e-29     37.929 292.209710    5.00658    32.3029    32.3265    24.2276    1498.72    1495.66 0.0000e+00
        933     27.000    13.2959    13.2942   3.852069   3.854330     2.1134      37.33     0.0361 5.1273e-02 -9.990e-29     38.830 292.209720    5.00204    32.4170    32.4396    24.3347    1498.56    1495.76 0.0000e+00
        955     28.000    13.2760    13.2754   3.854039   3.856298     2.1111      48.11     0.0363 5.1266e-02 -9.990e-29     39.732 292.209731    4.99092    32.4520    32.4737    24.3658    1498.55    1495.86 0.0000e+00
        976     29.000    13.2560    13.2554   3.856097   3.858255     2.1068      67.90     0.0349 5.1260e-02 -9.990e-29     40.635 292.209741    4.98161    32.4880    32.5088    24.3976    1498.54    1495.95 0.0000e+00
        998     30.000    13.2238    13.2235   3.854148   3.856384     2.1053      95.48     0.0349 5.1266e-02 1.9438e+00     41.527 292.209751    4.99069    32.4968    32.5181    24.4108    1498.46    1496.04 0.0000e+00
       1019     31.000    13.1784    13.1777   3.855941   3.858168     2.1035      84.96     0.0348 5.1273e-02 1.9438e+00     42.426 292.209762    4.98085    32.5521    32.5736    24.4626    1498.39    1496.11 0.0000e+00
       1041     32.000    13.1425    13.1421   3.857010   3.859180     2.1005      72.93     0.0348 5.1266e-02 1.9438e+00     43.331 292.209772    4.97620    32.5925    32.6133    24.5010    1498.34    1496.18 0.0000e+00
       1062     33.000    13.0857    13.0842   3.855571   3.857674     2.0983      95.87     0.0335 5.1266e-02 1.9438e+00     44.221 292.209783    4.96885    32.6274    32.6485    24.5391    1498.20    1496.24 0.0000e+00
       1084     34.000    13.0238    13.0232   3.854899   3.857055     2.0942      96.07     0.0306 5.1259e-02 1.9438e+00     45.124 292.209793    4.95096    32.6739    32.6948    24.5873    1498.07    1496.30 0.0000e+00
       1106     35.000    12.9736    12.9726   3.856226   3.858477     2.0886      63.69     0.0331 5.1273e-02 1.9438e+00     46.024 292.209804    4.93509    32.7294    32.7515    24.6401    1497.98    1496.35 0.0000e+00
       1127     36.000    12.9584    12.9581   3.857034   3.859213     2.0840      96.05     0.0365 5.1273e-02 1.9438e+00     46.917 292.209814    4.92820    32.7498    32.7706    24.6589    1497.97    1496.39 0.0000e+00
       1148     37.000    12.9086    12.9071   3.854514   3.856590     2.0800      96.01     0.0390 5.1247e-02 1.9438e+00     47.811 292.209824    4.92399    32.7686    32.7896    24.6832    1497.84    1496.43 0.0000e+00
       1170     38.000    12.8421    12.8414   3.852247   3.854385     2.0762      77.18     0.0371 5.1273e-02 1.9438e+00     48.697 292.209834    4.91965    32.8044    32.8253    24.7239    1497.68    1496.46 0.0000e+00
       1191     39.000    12.7777    12.7749   3.850645   3.852691     2.0735      87.99     0.0349 5.1252e-02 1.9438e+00     49.588 292.209845    4.92456    32.8447    32.8666    24.7677    1497.53    1496.49 0.0000e+00
       1213     40.000    12.6620    12.6594   3.847149   3.849223     2.0706      96.12     0.0312 5.1273e-02 -9.990e-29     50.493 292.209855    4.91574    32.9119    32.9339    24.8422    1497.23    1496.51 0.0000e+00
       1234     41.000    12.6157    12.6150   3.846156   3.848270     2.0655      96.62     0.0287 5.1252e-02 -9.990e-29     51.385 292.209866    4.88979    32.9425    32.9633    24.8749    1497.13    1496.52 0.0000e+00
       1256     42.000    12.5798    12.5798   3.844441   3.846601     2.0586      98.27     0.0308 5.1260e-02 -9.990e-29     52.281 292.209876    4.85825    32.9571    32.9777    24.8931    1497.04    1496.54 0.0000e+00
       1277     43.000    12.5256    12.5253   3.841963   3.844118     2.0495      98.66     0.0338 5.1266e-02 -9.990e-29     53.182 292.209886    4.82989    32.9805    33.0014    24.9217    1496.90    1496.54 0.0000e+00
       1299     44.000    12.5046    12.5037   3.841524   3.843649     2.0412      56.75     0.0363 5.1280e-02 1.9438e+00     54.081 292.209897    4.81881    32.9943    33.0154    24.9364    1496.86    1496.55 0.0000e+00
       1321     45.000    12.4648    12.4639   3.839887   3.842008     2.0360      80.49     0.0318 5.1266e-02 1.9438e+00     54.980 292.209907    4.82043    33.0132    33.0343    24.9587    1496.77    1496.56 0.0000e+00
       1342     46.000    12.4359    12.4351   3.838492   3.840617     2.0314      98.77     0.0331 5.1266e-02 1.9438e+00     55.873 292.209918    4.81217    33.0248    33.0459    24.9733    1496.70    1496.56 0.0000e+00
       1363     47.000    12.4077    12.4082   3.837044   3.839252     2.0272      82.42     0.0319 5.1279e-02 1.9438e+00     56.764 292.209928    4.79379    33.0353    33.0560    24.9868    1496.63    1496.56 0.0000e+00
       1385     48.000    12.3688    12.3675   3.835110   3.837202     2.0210      53.10     0.0339 5.1266e-02 1.9438e+00     57.658 292.209938    4.77661    33.0506    33.0718    25.0061    1496.54    1496.56 0.0000e+00
       1406     49.000    12.3206    12.3199   3.832761   3.834901     2.0158      98.33     0.0334 5.1273e-02 1.9438e+00     58.554 292.209949    4.76775    33.0701    33.0913    25.0304    1496.41    1496.56 0.0000e+00
       1428     50.000    12.3003    12.3003   3.831914   3.834096     2.0106      98.41     0.0327 5.1273e-02 -9.990e-29     59.452 292.209959    4.75548    33.0794    33.1004    25.0415    1496.37    1496.55 0.0000e+00
       1450     51.000    12.2918    12.2913   3.831818   3.833986     2.0060      43.69     0.0335 5.1260e-02 -9.990e-29     60.357 292.209969    4.76097    33.0856    33.1069    25.0479    1496.37    1496.55 0.0000e+00
       1471     52.000    12.2590    12.2579   3.830388   3.832532     2.0061      97.84     0.0336 5.1259e-02 -9.990e-29     61.249 292.209980    4.77168    33.1004    33.1220    25.0657    1496.29    1496.55 0.0000e+00
       1493     53.000    12.2241    12.2223   3.829164   3.831296     2.0031      98.78     0.0346 5.1266e-02 1.9438e+00     62.151 292.209990    4.74733    33.1191    33.1412    25.0867    1496.21    1496.54 0.0000e+00
       1514     54.000    12.1885    12.1882   3.827415   3.829609     1.9987      98.43     0.0364 5.1266e-02 1.9438e+00     63.047 292.210001    4.74023    33.1333    33.1547    25.1045    1496.12    1496.53 0.0000e+00
       1535     55.000    12.1749    12.1750   3.826767   3.828976     1.9963      97.13     0.0409 5.1260e-02 1.9438e+00     63.934 292.210011    4.73692    33.1387    33.1599    25.1113    1496.10    1496.52 0.0000e+00
       1557     56.000    12.1577    12.1571   3.826420   3.828604     1.9926      95.15     0.0368 5.1259e-02 1.9438e+00     64.833 292.210021    4.72178    33.1502    33.1718    25.1234    1496.07    1496.52 0.0000e+00
       1579     57.000    12.1422    12.1415   3.825951   3.828114     1.9886      83.04     0.0345 5.1280e-02 1.9438e+00     65.732 292.210032    4.70878    33.1590    33.1805    25.1332    1496.04    1496.51 0.0000e+00
       1600     58.000    12.0903    12.0887   3.823674   3.825783     1.9850      44.61     0.0340 5.1280e-02 1.9438e+00     66.627 292.210042    4.71431    33.1826    33.2044    25.1614    1495.91    1496.50 0.0000e+00
       1622     59.000    12.0283    12.0272   3.820903   3.823028     1.9835      99.50     0.0320 5.1273e-02 -9.990e-29     67.532 292.210052    4.71890    33.2105    33.2321    25.1947    1495.75    1496.48 0.0000e+00
       1643     60.000    11.9799    11.9781   3.819171   3.821276     1.9813      98.81     0.0294 5.1273e-02 -9.990e-29     68.429 292.210063    4.70842    33.2364    33.2584    25.2239    1495.63    1496.47 0.0000e+00
       1665     61.000    11.9446    11.9437   3.818167   3.820316     1.9773      31.24     0.0317 5.1266e-02 -9.990e-29     69.324 292.210073    4.70152    33.2577    33.2794    25.2470    1495.55    1496.45 0.0000e+00
       1686     62.000    11.9234    11.9218   3.817011   3.819088     1.9763      98.50     0.0322 5.1273e-02 -9.990e-29     70.224 292.210084    4.70829    33.2650    33.2866    25.2566    1495.50    1496.44 0.0000e+00
       1708     63.000    11.8929    11.8921   3.815293   3.817449     1.9739      98.80     0.0341 5.1266e-02 -9.990e-29     71.121 292.210094    4.69916    33.2751    33.2968    25.2702    1495.43    1496.42 0.0000e+00
       1729     64.000    11.8660    11.8655   3.814116   3.816291     1.9717      57.23     0.0347 5.1273e-02 -9.990e-29     72.020 292.210104    4.69644    33.2873    33.3089    25.2847    1495.36    1496.41 0.0000e+00
       1751     65.000    11.8319    11.8305   3.812768   3.814897     1.9699      73.03     0.0327 5.1273e-02 -9.990e-29     72.922 292.210115    4.69341    33.3043    33.3263    25.3042    1495.28    1496.39 0.0000e+00
       1773     66.000    11.8132    11.8112   3.812032   3.814129     1.9669      99.01     0.0314 5.1273e-02 -9.990e-29     73.819 292.210125    4.67486    33.3134    33.3357    25.3148    1495.25    1496.37 0.0000e+00
       1794     67.000    11.7654    11.7636   3.810313   3.812430     1.9626      98.82     0.0324 5.1273e-02 1.9438e+00     74.717 292.210136    4.66409    33.3391    33.3614    25.3437    1495.13    1496.35 0.0000e+00
       1816     68.000    11.7402    11.7400   3.810785   3.813026     1.9594      98.81     0.0318 5.1273e-02 1.9438e+00     75.606 292.210146    4.66244    33.3659    33.3880    25.3691    1495.09    1496.34 0.0000e+00
       1837     69.000    11.7439    11.7434   3.812202   3.814447     1.9565      98.81     0.0336 5.1273e-02 1.9438e+00     76.507 292.210156    4.65914    33.3760    33.3983    25.3763    1495.13    1496.32 0.0000e+00
       1859     70.000    11.7053    11.7035   3.810775   3.812875     1.9549      98.82     0.0316 5.1273e-02 1.9438e+00     77.410 292.210167    4.66618    33.3963    33.4185    25.3992    1495.04    1496.30 0.0000e+00
       1880     71.000    11.7064    11.7067   3.812147   3.814493     1.9545      98.81     0.0324 5.1273e-02 1.9438e+00     78.307 292.210177    4.67336    33.4083    33.4310    25.4083    1495.07    1496.28 0.0000e+00
       1902     72.000    11.7319    11.7320   3.816680   3.819010     1.9548      98.81     0.0347 5.1266e-02 1.9438e+00     79.206 292.210188    4.66811    33.4292    33.4518    25.4198    1495.20    1496.27 0.0000e+00
       1923     73.000    11.7350    11.7347   3.817767   3.820006     1.9538      98.81     0.0331 5.1273e-02 -9.990e-29     80.100 292.210198    4.65953    33.4366    33.4587    25.4250    1495.24    1496.25 0.0000e+00
       1945     74.000    11.7304    11.7302   3.818232   3.820444     1.9528      98.81     0.0336 5.1266e-02 -9.990e-29     80.990 292.210208    4.66298    33.4448    33.4666    25.4323    1495.25    1496.24 0.0000e+00
       1966     75.000    11.7056    11.7038   3.816712   3.818754     1.9533      79.93     0.0339 5.1208e-02 -9.990e-29     81.893 292.210219    4.68590    33.4519    33.4735    25.4424    1495.19    1496.23 0.0000e+00
