testdata/CTD/sta0423.cnv
* Sea-Bird SBE 9 Data File:
* FileName = C:\Seabird\CTDData\sta0423.hex
* Software Version Seasave V 7.21f
* Temperature SN = 4557
* Conductivity SN = 1337
* Number of Bytes Per Scan = 40
* Number of Voltage Words = 5
* Number of Scans Averaged by the Deck Unit = 1
* NMEA Latitude = 61 28.93 N
* NMEA Longitude = 005 25.89 E
* NMEA UTC (Time) = Oct 19 2018 05:01:18
* NMEA baud rate = 4800
** Ship: 10 F/F "G. O. Sars"
** Station: 0423
** Echodepth: 306
** Log: 5679.83
** Wind-Dir Force: 90 01
** Air-temp (dry): 7.5
** Weather Sky: 0 4
** Sea Ice: 1 0
# nquan = 20                                
# nvalues = 297                         
# units = specified
# name 0 = scan: Scan Count
# name 1 = prDM: Pressure, Digiquartz [db]
# name 2 = t068C: Temperature [ITS-68, deg C]
# name 3 = t168C: Temperature, 2 [ITS-68, deg C]
# name 4 = c0S/m: Conductivity [S/m]
# name 5 = c1S/m: Conductivity, 2 [S/m]
# name 6 = sbeox0V: Oxygen raw, SBE 43 [V]
# name 7 = altM: Altimeter [m]
# name 8 = flC: Fluorescence, Chelsea Aqua 3 Chl Con [ug/l]
# name 9 = par: PAR/Irradiance, Biospherical/Licor
# name 10 = spar: SPAR/Surface Irradiance
# name 11 = timeS: Time, Elapsed [seconds]
# name 12 = timeJ: Julian Days
# name 13 = sbeox0ML/L: Oxygen, SBE 43 [ml/l], WS = 2
# name 14 = sal00: Salinity, Practical [PSU]
# name 15 = sal11: Salinity, Practical, 2 [PSU]
# name 16 = sigma-t00: Density [sigma-t, Kg/m^3 ]
# name 17 = svCM: Sound Velocity [Chen-Millero, m/s]
# name 18 = avgsvCM: Average Sound Velocity [Chen-Millero, m/s], minP = 1, minS = 5
# name 19 = flag: flag
# span 0 =        430,       6778       
# span 1 =      4.000,    300.000       
# span 2 =     7.6953,    13.8104       
# span 3 =     7.6950,    13.8109       
# span 4 =   3.305676,   3.857034       
# span 5 =   3.310547,   3.859213       
# span 6 =     1.8238,     2.2355       
# span 7 =      11.79,      99.50       
# span 8 =     0.0145,     0.1275       
# span 9 = 5.1208e-02, 2.4349e-01       
# span 10 = 1.9438e+00, 1.9438e+00      
# span 11 =     17.862,    282.361      
# span 12 = 292.209478, 292.212539      
# span 13 =    4.53791,    5.63901      
# span 14 =    27.9535,    35.0629      
# span 15 =    27.9964,    35.0858      
# span 16 =    21.0367,    27.3689      
# span 17 =    1484.35,    1499.09      
# span 18 =    1488.93,    1496.56      
# span 19 = 0.0000e+00, 0.0000e+00      
# interval = decibars: 1                
# start_time = Oct 19 2018 05:01:21 [System UTC, header]
# bad_flag = -9.990e-29
*END*
[from data line 73]
       2010     77.000    11.5081    11.5054   3.803408   3.805438     1.9595      98.82     0.0350 5.1273e-02 1.9438e+00     83.688 292.210240    4.71866    33.4991    33.5215    25.5155    1494.60    1496.19 0.0000e+00
       2031     78.000    11.4615    11.4615   3.801648   3.803817     1.9594      98.81     0.0343 5.1267e-02 1.9438e+00     84.593 292.210250    4.70206    33.5236    33.5450    25.5430    1494.48    1496.16 0.0000e+00
       2053     79.000    11.3858    11.3847   3.798357   3.800444     1.9558      90.10     0.0342 5.1259e-02 1.9438e+00     85.490 292.210260    4.67679    33.5595    33.5811    25.5848    1494.28    1496.14 0.0000e+00
       2074     80.000    11.3189    11.3178   3.795878   3.797985     1.9512      84.21     0.0326 5.1253e-02 1.9438e+00     86.386 292.210271    4.66967    33.5955    33.6173    25.6249    1494.10    1496.11 0.0000e+00
       2096     81.000    11.2694    11.2666   3.793959   3.796043     1.9466      98.67     0.0319 5.1273e-02 1.9438e+00     87.283 292.210281    4.65711    33.6212    33.6444    25.6539    1493.98    1496.09 0.0000e+00
       2117     82.000    11.2094    11.2051   3.792245   3.794312     1.9426      98.81     0.0302 5.1266e-02 -9.990e-29     88.173 292.210291    4.65952    33.6586    33.6830    25.6939    1493.83    1496.06 0.0000e+00
       2139     83.000    11.1387    11.1378   3.789749   3.791804     1.9399      74.80     0.0319 5.1227e-02 -9.990e-29     89.071 292.210302    4.67078    33.6981    33.7193    25.7374    1493.65    1496.03 0.0000e+00
       2160     84.000    11.0838    11.0824   3.787273   3.789408     1.9395      99.14     0.0358 5.1267e-02 -9.990e-29     89.971 292.210312    4.68250    33.7235    33.7459    25.7670    1493.50    1496.00 0.0000e+00
       2182     85.000    11.0637    11.0634   3.787096   3.789495     1.9389      98.81     0.0362 5.1266e-02 -9.990e-29     90.865 292.210323    4.68178    33.7397    33.7638    25.7832    1493.47    1495.97 0.0000e+00
       2203     86.000    11.0555    11.0547   3.788955   3.791139     1.9379      86.55     0.0319 5.1240e-02 1.9438e+00     91.766 292.210333    4.67845    33.7653    33.7877    25.8046    1493.49    1495.94 0.0000e+00
       2225     87.000    11.0402    11.0396   3.788400   3.790557     1.9379      95.77     0.0304 5.1252e-02 1.9438e+00     92.663 292.210343    4.69008    33.7734    33.7954    25.8136    1493.46    1495.91 0.0000e+00
       2247     88.000    11.0064    11.0055   3.785882   3.787974     1.9386      98.82     0.0301 5.1253e-02 1.9438e+00     93.563 292.210354    4.69508    33.7790    33.8006    25.8241    1493.36    1495.88 0.0000e+00
       2268     89.000    10.9669    10.9653   3.782636   3.784673     1.9383      92.25     0.0296 5.1266e-02 1.9438e+00     94.464 292.210364    4.68806    33.7826    33.8044    25.8339    1493.24    1495.86 0.0000e+00
       2289     90.000    10.8900    10.8855   3.777199   3.779040     1.9370      82.89     0.0321 5.1266e-02 1.9438e+00     95.351 292.210374    4.69990    33.7989    33.8214    25.8603    1493.01    1495.82 0.0000e+00
       2310     91.000    10.8528    10.8506   3.774832   3.776855     1.9378      98.80     0.0336 5.1266e-02 1.9438e+00     96.229 292.210385    4.70664    33.8091    33.8314    25.8749    1492.91    1495.79 0.0000e+00
       2332     92.000    10.7759    10.7688   3.768834   3.770336     1.9370      98.80     0.0330 5.1273e-02 -9.990e-29     97.110 292.210395    4.69899    33.8198    33.8414    25.8968    1492.67    1495.76 0.0000e+00
       2353     93.000    10.6295    10.6277   3.757639   3.759662     1.9344      78.23     0.0292 5.1253e-02 -9.990e-29     97.987 292.210405    4.69747    33.8428    33.8647    25.9405    1492.19    1495.72 0.0000e+00
       2374     94.000    10.6273    10.6269   3.759341   3.761553     1.9313      98.69     0.0293 5.1273e-02 -9.990e-29     98.868 292.210415    4.67379    33.8614    33.8840    25.9554    1492.22    1495.68 0.0000e+00
       2395     95.000    10.6059    10.6053   3.758867   3.761002     1.9260      98.80     0.0333 5.1266e-02 -9.990e-29     99.743 292.210425    4.64918    33.8761    33.8981    25.9706    1492.18    1495.64 0.0000e+00
       2416     96.000    10.5753    10.5743   3.756932   3.759030     1.9198      91.01     0.0366 5.1246e-02 -9.990e-29    100.621 292.210435    4.62433    33.8846    33.9066    25.9826    1492.10    1495.61 0.0000e+00
       2437     97.000    10.5241    10.5222   3.753448   3.755526     1.9134      91.75     0.0373 5.1266e-02 -9.990e-29    101.506 292.210446    4.61846    33.8968    33.9194    26.0010    1491.95    1495.57 0.0000e+00
       2458     98.000    10.4678    10.4670   3.749119   3.751238     1.9091      98.71     0.0314 5.1273e-02 -9.990e-29    102.389 292.210456    4.62524    33.9051    33.9272    26.0173    1491.78    1495.53 0.0000e+00
       2480     99.000    10.4141    10.4113   3.744557   3.746511     1.9064      98.41     0.0281 5.1266e-02 -9.990e-29    103.271 292.210466    4.62173    33.9087    33.9310    26.0294    1491.61    1495.49 0.0000e+00
       2501    100.000    10.3405    10.3414   3.739732   3.741930     1.9021      83.76     0.0294 5.1246e-02 1.9438e+00    104.157 292.210476    4.61186    33.9282    33.9496    26.0573    1491.38    1495.45 0.0000e+00
       2522    101.000    10.2725    10.2711   3.735706   3.737758     1.8985      98.66     0.0316 5.1259e-02 1.9438e+00    105.041 292.210487    4.60285    33.9506    33.9727    26.0865    1491.18    1495.41 0.0000e+00
       2543    102.000    10.2026    10.2011   3.731850   3.733911     1.8932      98.66     0.0292 5.1273e-02 1.9438e+00    105.928 292.210497    4.57154    33.9765    33.9988    26.1187    1490.98    1495.36 0.0000e+00
       2564    103.000    10.1257    10.1235   3.728273   3.730212     1.8848      82.94     0.0283 5.1259e-02 1.9438e+00    106.804 292.210507    4.54111    34.0119    34.0336    26.1594    1490.77    1495.32 0.0000e+00
       2585    104.000    10.0146    10.0110   3.721669   3.723532     1.8780      95.07     0.0288 5.1260e-02 1.9438e+00    107.679 292.210517    4.54900    34.0487    34.0711    26.2070    1490.43    1495.27 0.0000e+00
       2607    105.000     9.9289     9.9271   3.718005   3.720035     1.8732      98.69     0.0329 5.1273e-02 1.9438e+00    108.569 292.210527    4.54774    34.0917    34.1141    26.2551    1490.19    1495.22 0.0000e+00
       2628    106.000     9.8597     9.8573   3.713233   3.715166     1.8683      93.76     0.0330 5.1266e-02 -9.990e-29    109.458 292.210538    4.53791    34.1078    34.1299    26.2793    1489.97    1495.17 0.0000e+00
       2649    107.000     9.7579     9.7552   3.707731   3.709664     1.8639      85.28     0.0347 5.1252e-02 -9.990e-29    110.337 292.210548    4.54854    34.1474    34.1698    26.3273    1489.67    1495.12 0.0000e+00
       2670    108.000     9.6306     9.6275   3.700636   3.702467     1.8619      98.59     0.0360 5.1266e-02 -9.990e-29    111.214 292.210558    4.55728    34.1950    34.2168    26.3857    1489.28    1495.07 0.0000e+00
       2691    109.000     9.4618     9.4578   3.690508   3.692330     1.8588      98.80     0.0323 5.1259e-02 1.9438e+00    112.087 292.210568    4.55663    34.2511    34.2737    26.4574    1488.76    1495.01 0.0000e+00
       2712    110.000     9.3940     9.3928   3.686669   3.688669     1.8550      88.22     0.0310 5.1245e-02 1.9438e+00    112.973 292.210578    4.54607    34.2758    34.2976    26.4878    1488.56    1494.95 0.0000e+00
       2734    111.000     9.3374     9.3355   3.683639   3.685606     1.8511      98.86     0.0342 5.1267e-02 1.9438e+00    113.860 292.210589    4.54310    34.2982    34.3204    26.5145    1488.39    1494.89 0.0000e+00
       2755    112.000     9.2596     9.2575   3.679107   3.681037     1.8481      98.76     0.0337 5.1266e-02 1.9438e+00    114.743 292.210599    4.54889    34.3253    34.3474    26.5484    1488.16    1494.83 0.0000e+00
       2776    113.000     9.2008     9.1986   3.675804   3.677728     1.8460      89.78     0.0288 5.1259e-02 1.9438e+00    115.622 292.210609    4.55328    34.3471    34.3692    26.5750    1487.99    1494.77 0.0000e+00
       2797    114.000     9.1556     9.1531   3.672973   3.674886     1.8444      90.84     0.0318 5.1259e-02 1.9438e+00    116.498 292.210619    4.55512    34.3607    34.3830    26.5929    1487.85    1494.71 0.0000e+00
       2818    115.000     9.0378     9.0332   3.665898   3.667717     1.8426      98.89     0.0352 5.1280e-02 1.9438e+00    117.383 292.210629    4.56060    34.4001    34.4235    26.6426    1487.48    1494.65 0.0000e+00
       2840    116.000     8.9627     8.9608   3.661836   3.663815     1.8413      98.63     0.0361 5.1273e-02 1.9438e+00    118.275 292.210640    4.56298    34.4298    34.4523    26.6779    1487.26    1494.58 0.0000e+00
       2861    117.000     8.9310     8.9298   3.659861   3.661878     1.8389      83.74     0.0333 5.1239e-02 1.9438e+00    119.160 292.210650    4.56338    34.4393    34.4616    26.6904    1487.17    1494.52 0.0000e+00
       2882    118.000     8.8943     8.8925   3.657739   3.659708     1.8388      98.83     0.0323 5.1273e-02 1.9438e+00    120.043 292.210660    4.57744    34.4522    34.4746    26.7063    1487.07    1494.46 0.0000e+00
       2903    119.000     8.8647     8.8640   3.656190   3.658256     1.8388      98.82     0.0330 5.1259e-02 1.9438e+00    120.929 292.210670    4.57821    34.4642    34.4866    26.7204    1486.99    1494.39 0.0000e+00
       2924    120.000     8.8313     8.8299   3.654083   3.656103     1.8379      90.77     0.0327 5.1259e-02 -9.990e-29    121.803 292.210681    4.56775    34.4741    34.4966    26.7334    1486.90    1494.33 0.0000e+00
       2945    121.000     8.7439     8.7420   3.648838   3.650816     1.8359      96.82     0.0310 5.1259e-02 -9.990e-29    122.679 292.210691    4.56565    34.5035    34.5261    26.7702    1486.62    1494.27 0.0000e+00
       2966    122.000     8.6997     8.6983   3.646494   3.648533     1.8336      98.86     0.0275 5.1266e-02 -9.990e-29    123.560 292.210701    4.56427    34.5214    34.5442    26.7912    1486.50    1494.20 0.0000e+00
       2988    123.000     8.6473     8.6457   3.643471   3.645474     1.8321      97.14     0.0274 5.1280e-02 -9.990e-29    124.444 292.210711    4.56614    34.5401    34.5629    26.8141    1486.34    1494.14 0.0000e+00
       3009    124.000     8.5805     8.5793   3.639605   3.641627     1.8302      93.48     0.0296 5.1252e-02 1.9438e+00    125.336 292.210721    4.56614    34.5641    34.5867    26.8433    1486.14    1494.07 0.0000e+00
       3030    125.000     8.5018     8.5007   3.635089   3.637116     1.8287      98.83     0.0320 5.1259e-02 1.9438e+00    126.212 292.210732    4.56771    34.5929    34.6155    26.8781    1485.90    1494.01 0.0000e+00
       3051    126.000     8.4533     8.4526   3.632268   3.634312     1.8263      98.81     0.0323 5.1259e-02 1.9438e+00    127.086 292.210742    4.56646    34.6101    34.6325    26.8991    1485.76    1493.94 0.0000e+00
       3072    127.000     8.4283     8.4275   3.630875   3.632942     1.8253      85.95     0.0323 5.1211e-02 1.9438e+00    127.971 292.210752    4.58487    34.6194    34.6421    26.9102    1485.69    1493.88 0.0000e+00
       3093    128.000     8.3964     8.3951   3.629117   3.631181     1.8266      98.82     0.0329 5.1273e-02 1.9438e+00    128.854 292.210762    4.59475    34.6316    34.6548    26.9247    1485.60    1493.81 0.0000e+00
       3115    129.000     8.3626     8.3615   3.627223   3.629287     1.8262      98.82     0.0310 5.1253e-02 -9.990e-29    129.732 292.210772    4.58455    34.6442    34.6673    26.9398    1485.51    1493.75 0.0000e+00
       3136    130.000     8.3238     8.3223   3.625050   3.627097     1.8249      92.57     0.0285 5.1252e-02 -9.990e-29    130.614 292.210783    4.58105    34.6588    34.6821    26.9572    1485.40    1493.68 0.0000e+00
       3157    131.000     8.2772     8.2756   3.622410   3.624452     1.8238      93.05     0.0289 5.1259e-02 -9.990e-29    131.498 292.210793    4.59192    34.6762    34.6995    26.9779    1485.26    1493.62 0.0000e+00
       3178    132.000     8.2497     8.2488   3.620868   3.622945     1.8241      98.76     0.0300 5.1266e-02 -9.990e-29    132.388 292.210803    4.60097    34.6864    34.7094    26.9901    1485.19    1493.55 0.0000e+00
       3200    133.000     8.2109     8.2097   3.618690   3.620758     1.8244      98.81     0.0332 5.1273e-02 1.9438e+00    133.275 292.210813    4.60985    34.7010    34.7242    27.0075    1485.08    1493.49 0.0000e+00
       3221    134.000     8.1685     8.1677   3.616331   3.618431     1.8250      93.29     0.0320 5.1253e-02 1.9438e+00    134.156 292.210824    4.61257    34.7172    34.7404    27.0267    1484.95    1493.42 0.0000e+00
       3242    135.000     8.1464     8.1452   3.615092   3.617156     1.8248      98.82     0.0330 5.1273e-02 1.9438e+00    135.042 292.210834    4.61777    34.7253    34.7486    27.0364    1484.90    1493.36 0.0000e+00
       3263    136.000     8.1063     8.1049   3.612990   3.615056     1.8259      98.81     0.0267 5.1273e-02 1.9438e+00    135.922 292.210844    4.63265    34.7421    34.7656    27.0556    1484.78    1493.30 0.0000e+00
       3284    137.000     8.0934     8.0927   3.612298   3.614403     1.8270      93.79     0.0267 5.1252e-02 1.9438e+00    136.804 292.210854    4.64558    34.7470    34.7702    27.0614    1484.76    1493.24 0.0000e+00
       3305    138.000     8.0703     8.0691   3.610986   3.613076     1.8297      97.49     0.0279 5.1259e-02 1.9438e+00    137.678 292.210864    4.67668    34.7553    34.7789    27.0714    1484.70    1493.17 0.0000e+00
       3326    139.000     8.0483     8.0471   3.609789   3.611883     1.8343      98.81     0.0286 5.1259e-02 -9.990e-29    138.550 292.210874    4.70391    34.7638    34.7875    27.0814    1484.64    1493.11 0.0000e+00
       3347    140.000     8.0313     8.0306   3.608885   3.611009     1.8385      96.30     0.0302 5.1266e-02 -9.990e-29    139.434 292.210885    4.70938    34.7705    34.7940    27.0892    1484.60    1493.05 0.0000e+00
       3369    141.000     8.0076     8.0065   3.607665   3.609778     1.8413      90.45     0.0333 5.1237e-02 -9.990e-29    140.313 292.210895    4.72106    34.7805    34.8043    27.1006    1484.54    1492.99 0.0000e+00
       3390    142.000     7.9902     7.9894   3.606717   3.608851     1.8449      98.87     0.0369 5.1273e-02 -9.990e-29    141.195 292.210905    4.73861    34.7871    34.8108    27.1084    1484.50    1492.93 0.0000e+00
       3411    143.000     7.9855     7.9847   3.606531   3.608652     1.8483      98.80     0.0312 5.1259e-02 1.9438e+00    142.083 292.210915    4.75352    34.7893    34.8129    27.1108    1484.50    1492.87 0.0000e+00
       3432    144.000     7.9715     7.9706   3.605765   3.607890     1.8521      87.49     0.0283 5.1252e-02 1.9438e+00    142.966 292.210926    4.77729    34.7945    34.8182    27.1170    1484.47    1492.81 0.0000e+00
       3453    145.000     7.9564     7.9554   3.605090   3.607209     1.8574      98.98     0.0260 5.1273e-02 1.9438e+00    143.849 292.210936    4.80414    34.8018    34.8256    27.1250    1484.44    1492.75 0.0000e+00
       3475    146.000     7.9407     7.9397   3.604351   3.606467     1.8621      98.69     0.0246 5.1266e-02 1.9438e+00    144.730 292.210946    4.81531    34.8090    34.8327    27.1330    1484.41    1492.70 0.0000e+00
       3496    147.000     7.9294     7.9283   3.603899   3.606020     1.8659      97.76     0.0270 5.1273e-02 1.9438e+00    145.608 292.210956    4.82556    34.8149    34.8388    27.1393    1484.39    1492.64 0.0000e+00
