testdata/CTD/sta0421.cnv
* Sea-Bird SBE 9 Data File:
* FileName = C:\Seabird\CTDData\sta0421.hex
* Software Version Seasave V 7.21f
* Temperature SN = 4557
* Conductivity SN = 1337
* Number of Bytes Per Scan = 40
* Number of Voltage Words = 5
* Number of Scans Averaged by the Deck Unit = 1
* NMEA Latitude = 61 29.30 N
* NMEA Longitude = 005 16.10 E
* NMEA UTC (Time) = Oct 18 2018 05:13:16
* NMEA baud rate = 4800
** Ship: 10 F/F "G. O. Sars"
** Station: 0421
** Echodepth: 371
** Log: 5634.90
** Wind-Dir Force: 24 10
** Air-temp (dry): 9.8
** Weather Sky: 8 8
** Sea Ice: 2 0
# nquan = 20                                
# nvalues = 362                         
# units = specified
# name 0 = scan: Scan Count
# name 1 = prDM: Pressure, Digiquartz [db]
# name 2 = t068C: Temperature [ITS-68, deg C]
# name 3 = t168C: Temperature, 2 [ITS-68, deg C]
# name 4 = c0S/m: Conductivity [S/m]
# name 5 = c1S/m: Conductivity, 2 [S/m]
# name 6 = sbeox0V: Oxygen raw, SBE 43 [V]
# name 7 = altM: Altimeter [m]
# name 8 = flC: Fluorescence, Chelsea Aqua 3 Chl Con [ug/l]
# name 9 = par: PAR/Irradiance, Biospherical/Licor
# name 10 = spar: SPAR/Surface Irradiance
# name 11 = timeS: Time, Elapsed [seconds]
# name 12 = timeJ: Julian Days
# name 13 = sbeox0ML/L: Oxygen, SBE 43 [ml/l], WS = 2
# name 14 = sal00: Salinity, Practical [PSU]
# name 15 = sal11: Salinity, Practical, 2 [PSU]
# name 16 = sigma-t00: Density [sigma-t, Kg/m^3 ]
# name 17 = svCM: Sound Velocity [Chen-Millero, m/s]
# name 18 = avgsvCM: Average Sound Velocity [Chen-Millero, m/s], minP = 1, minS = 5
# name 19 = flag: flag
# span 0 =        355,       8100       
# span 1 =      4.000,    365.000       
# span 2 =     7.6834,    13.8764       
# span 3 =     7.6830,    13.8756       
# span 4 =   3.031757,   3.880716       
# span 5 =   3.077241,   3.882770       
# span 6 =     1.8574,     2.2886       
# span 7 =      12.53,      99.52       
# span 8 =     0.0154,     0.2839       
# span 9 = 5.1227e-02, 5.8025e-01       
# span 10 = 1.9438e+00, 1.9438e+00      
# span 11 =     14.754,    337.439      
# span 12 = 291.217752, 291.221486      
# span 13 =    4.67430,    5.97436      
# span 14 =    26.0399,    35.0618      
# span 15 =    26.4020,    35.0825      
# span 16 =    19.7168,    27.3695      
# span 17 =    1484.30,    1499.55      
# span 18 =    1484.65,    1495.52      
# span 19 = 0.0000e+00, 0.0000e+00      
# interval = decibars: 1                
# start_time = Oct 18 2018 05:13:19 [System UTC, header]
# bad_flag = -9.990e-29
*END*
[from data line 290]
       6596    294.000     7.6854     7.6851   3.610489   3.612370     1.9819      98.64     0.0212 5.1273e-02 1.9438e+00    274.802 291.220762    5.32010    35.0586    35.0792    27.3670    1486.18    1488.67 0.0000e+00
       6618    295.000     7.6854     7.6849   3.610531   3.612401     1.9811      52.66     0.0218 5.1286e-02 1.9438e+00    275.699 291.220772    5.31824    35.0585    35.0793    27.3670    1486.20    1488.67 0.0000e+00
       6639    296.000     7.6852     7.6848   3.610557   3.612440     1.9816      86.86     0.0167 5.1260e-02 1.9438e+00    276.601 291.220782    5.32571    35.0585    35.0793    27.3670    1486.22    1488.66 0.0000e+00
       6661    297.000     7.6853     7.6849   3.610619   3.612490     1.9812      98.20     0.0195 5.1266e-02 1.9438e+00    277.491 291.220793    5.31854    35.0586    35.0792    27.3670    1486.23    1488.65 0.0000e+00
       6682    298.000     7.6854     7.6850   3.610677   3.612560     1.9811      98.62     0.0203 5.1273e-02 1.9438e+00    278.376 291.220803    5.32554    35.0586    35.0794    27.3671    1486.25    1488.64 0.0000e+00
       6703    299.000     7.6855     7.6851   3.610735   3.612621     1.9814      89.44     0.0218 5.1259e-02 1.9438e+00    279.264 291.220813    5.31937    35.0587    35.0795    27.3671    1486.27    1488.63 0.0000e+00
       6725    300.000     7.6854     7.6850   3.610779   3.612653     1.9802      47.93     0.0220 5.1293e-02 -9.990e-29    280.149 291.220824    5.31942    35.0588    35.0794    27.3672    1486.28    1488.63 0.0000e+00
       6746    301.000     7.6855     7.6850   3.610829   3.612698     1.9809      98.14     0.0227 5.1267e-02 -9.990e-29    281.051 291.220834    5.32714    35.0587    35.0794    27.3671    1486.30    1488.62 0.0000e+00
       6768    302.000     7.6858     7.6854   3.610907   3.612782     1.9807      98.59     0.0224 5.1273e-02 -9.990e-29    281.947 291.220844    5.31812    35.0588    35.0795    27.3671    1486.32    1488.61 0.0000e+00
       6789    303.000     7.6866     7.6863   3.611039   3.612940     1.9797      35.55     0.0256 5.1280e-02 -9.990e-29    282.838 291.220855    5.31906    35.0589    35.0798    27.3671    1486.34    1488.60 0.0000e+00
       6811    304.000     7.6869     7.6866   3.611127   3.613018     1.9803      97.84     0.0241 5.1273e-02 1.9438e+00    283.737 291.220865    5.32105    35.0591    35.0798    27.3672    1486.35    1488.59 0.0000e+00
       6832    305.000     7.6872     7.6868   3.611225   3.613103     1.9790      98.65     0.0229 5.1273e-02 1.9438e+00    284.632 291.220875    5.30659    35.0594    35.0801    27.3674    1486.37    1488.59 0.0000e+00
       6854    306.000     7.6874     7.6870   3.611257   3.613165     1.9777      65.18     0.0210 5.1259e-02 1.9438e+00    285.535 291.220886    5.30930    35.0590    35.0801    27.3671    1486.39    1488.58 0.0000e+00
       6875    307.000     7.6876     7.6872   3.611353   3.613231     1.9779      71.84     0.0154 5.1273e-02 1.9438e+00    286.430 291.220896    5.32569    35.0594    35.0801    27.3673    1486.41    1488.57 0.0000e+00
       6896    308.000     7.6878     7.6873   3.611413   3.613287     1.9789      98.96     0.0155 5.1266e-02 1.9438e+00    287.306 291.220906    5.32691    35.0593    35.0801    27.3672    1486.42    1488.57 0.0000e+00
       6917    309.000     7.6879     7.6876   3.611472   3.613378     1.9789      96.83     0.0173 5.1273e-02 -9.990e-29    288.181 291.220916    5.31243    35.0594    35.0803    27.3673    1486.44    1488.56 0.0000e+00
       6939    310.000     7.6879     7.6875   3.611553   3.613435     1.9774      39.62     0.0230 5.1293e-02 -9.990e-29    289.065 291.220927    5.31039    35.0598    35.0805    27.3676    1486.46    1488.55 0.0000e+00
       6960    311.000     7.6877     7.6875   3.611594   3.613484     1.9772      98.08     0.0227 5.1266e-02 -9.990e-29    289.948 291.220937    5.31527    35.0599    35.0806    27.3677    1486.47    1488.55 0.0000e+00
       6981    312.000     7.6877     7.6872   3.611634   3.613516     1.9770      98.47     0.0233 5.1273e-02 -9.990e-29    290.838 291.220947    5.30590    35.0599    35.0807    27.3677    1486.49    1488.54 0.0000e+00
       7002    313.000     7.6875     7.6871   3.611673   3.613547     1.9748      44.62     0.0191 5.1287e-02 1.9438e+00    291.718 291.220957    5.29099    35.0600    35.0807    27.3678    1486.51    1488.53 0.0000e+00
       7023    314.000     7.6875     7.6870   3.611718   3.613588     1.9738      85.25     0.0195 5.1273e-02 1.9438e+00    292.592 291.220967    5.30122    35.0600    35.0807    27.3678    1486.52    1488.53 0.0000e+00
       7044    315.000     7.6875     7.6871   3.611772   3.613649     1.9735      98.67     0.0210 5.1273e-02 1.9438e+00    293.456 291.220977    5.29967    35.0601    35.0808    27.3679    1486.54    1488.52 0.0000e+00
       7065    316.000     7.6876     7.6871   3.611819   3.613699     1.9724      79.95     0.0222 5.1253e-02 1.9438e+00    294.323 291.220988    5.28803    35.0600    35.0809    27.3678    1486.56    1488.51 0.0000e+00
       7086    317.000     7.6878     7.6873   3.611886   3.613764     1.9710      47.85     0.0223 5.1294e-02 1.9438e+00    295.210 291.220998    5.29532    35.0601    35.0809    27.3678    1486.57    1488.51 0.0000e+00
       7107    318.000     7.6879     7.6874   3.611942   3.613811     1.9712      98.30     0.0214 5.1280e-02 1.9438e+00    296.099 291.221008    5.29312    35.0601    35.0808    27.3678    1486.59    1488.50 0.0000e+00
       7129    319.000     7.6879     7.6875   3.611983   3.613864     1.9698      30.60     0.0199 5.1294e-02 1.9438e+00    296.989 291.221018    5.29579    35.0601    35.0808    27.3678    1486.61    1488.50 0.0000e+00
       7150    320.000     7.6880     7.6876   3.612044   3.613919     1.9710      98.32     0.0206 5.1273e-02 1.9438e+00    297.869 291.221029    5.30496    35.0601    35.0808    27.3678    1486.62    1488.49 0.0000e+00
       7171    321.000     7.6878     7.6873   3.612065   3.613939     1.9706      98.78     0.0229 5.1273e-02 1.9438e+00    298.734 291.221039    5.29193    35.0601    35.0808    27.3678    1486.64    1488.48 0.0000e+00
       7192    322.000     7.6872     7.6867   3.612066   3.613934     1.9695      49.59     0.0245 5.1280e-02 1.9438e+00    299.614 291.221049    5.29282    35.0602    35.0809    27.3680    1486.65    1488.48 0.0000e+00
       7213    323.000     7.6871     7.6867   3.612098   3.613979     1.9700      75.53     0.0236 5.1273e-02 -9.990e-29    300.502 291.221059    5.30736    35.0602    35.0809    27.3680    1486.67    1488.47 0.0000e+00
       7234    324.000     7.6870     7.6866   3.612134   3.614010     1.9707      99.06     0.0223 5.1259e-02 -9.990e-29    301.385 291.221069    5.31001    35.0602    35.0808    27.3680    1486.69    1488.47 0.0000e+00
       7255    325.000     7.6866     7.6861   3.612170   3.614046     1.9714      86.75     0.0219 5.1280e-02 -9.990e-29    302.267 291.221079    5.30891    35.0605    35.0813    27.3683    1486.70    1488.46 0.0000e+00
       7276    326.000     7.6864     7.6860   3.612219   3.614092     1.9713      36.20     0.0196 5.1301e-02 -9.990e-29    303.134 291.221089    5.30737    35.0607    35.0814    27.3685    1486.72    1488.46 0.0000e+00
       7297    327.000     7.6854     7.6850   3.612188   3.614065     1.9713      64.80     0.0190 5.1273e-02 1.9438e+00    304.003 291.221100    5.30781    35.0609    35.0816    27.3688    1486.73    1488.45 0.0000e+00
       7318    328.000     7.6852     7.6847   3.612211   3.614083     1.9716      96.00     0.0203 5.1273e-02 1.9438e+00    304.883 291.221110    5.30566    35.0609    35.0816    27.3688    1486.75    1488.45 0.0000e+00
       7339    329.000     7.6843     7.6838   3.612176   3.614030     1.9706      98.82     0.0247 5.1273e-02 1.9438e+00    305.763 291.221120    5.29578    35.0609    35.0814    27.3690    1486.76    1488.44 0.0000e+00
       7361    330.000     7.6836     7.6831   3.612148   3.614031     1.9698      98.78     0.0235 5.1260e-02 1.9438e+00    306.655 291.221130    5.30039    35.0608    35.0817    27.3690    1486.77    1488.44 0.0000e+00
       7382    331.000     7.6834     7.6830   3.612189   3.614082     1.9699      98.78     0.0232 5.1273e-02 1.9438e+00    307.548 291.221141    5.30811    35.0610    35.0818    27.3692    1486.79    1488.43 0.0000e+00
       7403    332.000     7.6835     7.6831   3.612248   3.614133     1.9703      98.78     0.0240 5.1266e-02 1.9438e+00    308.431 291.221151    5.31029    35.0610    35.0818    27.3692    1486.80    1488.43 0.0000e+00
       7424    333.000     7.6836     7.6833   3.612306   3.614184     1.9707      98.78     0.0234 5.1273e-02 1.9438e+00    309.306 291.221161    5.31465    35.0611    35.0817    27.3692    1486.82    1488.42 0.0000e+00
       7445    334.000     7.6837     7.6834   3.612370   3.614250     1.9711      98.78     0.0211 5.1273e-02 1.9438e+00    310.171 291.221171    5.31158    35.0612    35.0818    27.3693    1486.84    1488.42 0.0000e+00
       7466    335.000     7.6839     7.6835   3.612424   3.614301     1.9708      98.78     0.0193 5.1273e-02 1.9438e+00    311.033 291.221181    5.30831    35.0611    35.0818    27.3692    1486.86    1488.41 0.0000e+00
       7487    336.000     7.6840     7.6836   3.612482   3.614355     1.9704      98.78     0.0202 5.1246e-02 1.9438e+00    311.916 291.221191    5.30323    35.0611    35.0818    27.3692    1486.87    1488.41 0.0000e+00
       7508    337.000     7.6841     7.6838   3.612536   3.614414     1.9697      98.78     0.0224 5.1266e-02 1.9438e+00    312.799 291.221201    5.29675    35.0611    35.0817    27.3692    1486.89    1488.40 0.0000e+00
       7530    338.000     7.6842     7.6838   3.612587   3.614469     1.9681      76.90     0.0209 5.1266e-02 -9.990e-29    313.691 291.221212    5.28982    35.0611    35.0818    27.3692    1486.91    1488.40 0.0000e+00
       7551    339.000     7.6843     7.6839   3.612642   3.614523     1.9674      38.83     0.0213 5.1273e-02 -9.990e-29    314.572 291.221222    5.30679    35.0611    35.0818    27.3691    1486.92    1488.39 0.0000e+00
       7572    340.000     7.6845     7.6841   3.612701   3.614577     1.9691      73.53     0.0220 5.1273e-02 -9.990e-29    315.447 291.221232    5.31663    35.0610    35.0817    27.3691    1486.94    1488.39 0.0000e+00
       7593    341.000     7.6846     7.6842   3.612760   3.614637     1.9687      36.12     0.0210 5.1273e-02 1.9438e+00    316.338 291.221242    5.30786    35.0611    35.0818    27.3691    1486.96    1488.39 0.0000e+00
       7614    342.000     7.6847     7.6843   3.612821   3.614708     1.9694      73.35     0.0225 5.1259e-02 1.9438e+00    317.225 291.221253    5.31026    35.0612    35.0820    27.3691    1486.97    1488.38 0.0000e+00
       7635    343.000     7.6844     7.6841   3.612842   3.614731     1.9688      33.65     0.0213 5.1273e-02 1.9438e+00    318.097 291.221263    5.30626    35.0612    35.0819    27.3692    1486.99    1488.38 0.0000e+00
       7656    344.000     7.6844     7.6840   3.612901   3.614780     1.9687      33.69     0.0203 5.1273e-02 1.9438e+00    318.964 291.221273    5.29992    35.0614    35.0821    27.3693    1487.01    1488.37 0.0000e+00
       7677    345.000     7.6846     7.6842   3.612961   3.614836     1.9672      32.99     0.0207 5.1266e-02 1.9438e+00    319.837 291.221283    5.29057    35.0613    35.0820    27.3693    1487.02    1488.37 0.0000e+00
       7698    346.000     7.6849     7.6844   3.613037   3.614905     1.9661      31.84     0.0183 5.1273e-02 1.9438e+00    320.719 291.221293    5.29408    35.0614    35.0821    27.3693    1487.04    1488.37 0.0000e+00
       7719    347.000     7.6857     7.6853   3.613166   3.615039     1.9658      30.81     0.0183 5.1273e-02 -9.990e-29    321.604 291.221303    5.29463    35.0615    35.0821    27.3692    1487.06    1488.36 0.0000e+00
       7741    348.000     7.6859     7.6852   3.613233   3.615081     1.9650      29.87     0.0208 5.1273e-02 -9.990e-29    322.487 291.221314    5.28907    35.0615    35.0822    27.3692    1487.08    1488.36 0.0000e+00
       7762    349.000     7.6857     7.6852   3.613262   3.615130     1.9640      28.67     0.0203 5.1266e-02 -9.990e-29    323.371 291.221324    5.28496    35.0615    35.0822    27.3693    1487.09    1488.35 0.0000e+00
       7783    350.000     7.6854     7.6850   3.613282   3.615156     1.9631      27.61     0.0242 5.1280e-02 -9.990e-29    324.250 291.221334    5.28329    35.0616    35.0822    27.3694    1487.11    1488.35 0.0000e+00
       7804    351.000     7.6853     7.6849   3.613314   3.615185     1.9624      26.68     0.0211 5.1280e-02 1.9438e+00    325.123 291.221344    5.28165    35.0615    35.0822    27.3693    1487.13    1488.35 0.0000e+00
       7825    352.000     7.6854     7.6850   3.613379   3.615245     1.9612      25.69     0.0200 5.1280e-02 1.9438e+00    326.007 291.221354    5.27371    35.0617    35.0822    27.3694    1487.14    1488.34 0.0000e+00
       7846    353.000     7.6856     7.6852   3.613434   3.615312     1.9600      24.79     0.0198 5.1273e-02 1.9438e+00    326.888 291.221364    5.27050    35.0616    35.0823    27.3693    1487.16    1488.34 0.0000e+00
       7867    354.000     7.6856     7.6853   3.613466   3.615362     1.9589      23.67     0.0246 5.1273e-02 1.9438e+00    327.769 291.221375    5.27371    35.0614    35.0822    27.3692    1487.18    1488.34 0.0000e+00
       7888    355.000     7.6855     7.6853   3.613529   3.615403     1.9588      22.78     0.0254 5.1287e-02 1.9438e+00    328.646 291.221385    5.27877    35.0617    35.0822    27.3695    1487.19    1488.33 0.0000e+00
       7909    356.000     7.6852     7.6848   3.613540   3.615412     1.9586      21.69     0.0278 5.1280e-02 1.9438e+00    329.516 291.221395    5.28078    35.0617    35.0823    27.3695    1487.21    1488.33 0.0000e+00
       7930    357.000     7.6853     7.6850   3.613575   3.615473     1.9588      20.66     0.0275 5.1287e-02 -9.990e-29    330.394 291.221405    5.28237    35.0614    35.0823    27.3693    1487.22    1488.33 0.0000e+00
       7952    358.000     7.6854     7.6851   3.613638   3.615523     1.9587      19.64     0.0253 5.1280e-02 -9.990e-29    331.273 291.221415    5.27769    35.0615    35.0822    27.3693    1487.24    1488.32 0.0000e+00
       7973    359.000     7.6855     7.6850   3.613696   3.615572     1.9579      18.66     0.0242 5.1300e-02 -9.990e-29    332.156 291.221425    5.26920    35.0616    35.0824    27.3694    1487.26    1488.32 0.0000e+00
       7994    360.000     7.6857     7.6854   3.613757   3.615643     1.9569      17.69     0.0225 5.1287e-02 1.9438e+00    333.046 291.221436    5.27117    35.0616    35.0822    27.3693    1487.28    1488.32 0.0000e+00
       8015    361.000     7.6855     7.6852   3.613804   3.615679     1.9567      16.69     0.0203 5.1280e-02 1.9438e+00    333.928 291.221446    5.27299    35.0618    35.0824    27.3695    1487.29    1488.32 0.0000e+00
       8036    362.000     7.6855     7.6852   3.613847   3.615725     1.9563      15.69     0.0221 5.1280e-02 1.9438e+00    334.800 291.221456    5.27261    35.0618    35.0824    27.3695    1487.31    1488.31 0.0000e+00
       8057    363.000     7.6856     7.6853   3.613897   3.615775     1.9560      14.69     0.0210 5.1273e-02 1.9438e+00    335.673 291.221466    5.26925    35.0617    35.0823    27.3695    1487.32    1488.31 0.0000e+00
       8078    364.000     7.6857     7.6853   3.613950   3.615833     1.9552      13.69     0.0209 5.1287e-02 1.9438e+00    336.549 291.221476    5.26781    35.0617    35.0825    27.3694    1487.34    1488.31 0.0000e+00
       8100    365.000     7.6856     7.6853   3.613973   3.615874     1.9551      12.53     0.0256 5.1284e-02 1.9438e+00    337.439 291.221486    5.27443    35.0616    35.0824    27.3693    1487.36    1488.31 0.0000e+00
