testdata/CTD/sta0416.cnv
* Sea-Bird SBE 9 Data File:
* FileName = C:\Seabird\CTDData\sta0416.hex
* Software Version Seasave V 7.21f
* Temperature SN = 4557
* Conductivity SN = 1337
* Number of Bytes Per Scan = 40
* Number of Voltage Words = 5
* Number of Scans Averaged by the Deck Unit = 1
* NMEA Latitude = 61 31.29 N
* NMEA Longitude = 005 06.34 E
* NMEA UTC (Time) = Oct 17 2018 00:20:55
* NMEA baud rate = 4800
** Ship: 10 F/F "G. O. Sars"
** Station: 0416
** Echodepth: 269
** Log: 5562.788
** Wind-Dir Force: 18 16
** Air-temp (dry): 11.7
** Weather Sky: 0 0
** Sea Ice: 0 0
# nquan = 20                                
# nvalues = 259                         
# units = specified
# name 0 = scan: Scan Count
# name 1 = prDM: Pressure, Digiquartz [db]
# name 2 = t068C: Temperature [ITS-68, deg C]
# name 3 = t168C: Temperature, 2 [ITS-68, deg C]
# name 4 = c0S/m: Conductivity [S/m]
# name 5 = c1S/m: Conductivity, 2 [S/m]
# name 6 = sbeox0V: Oxygen raw, SBE 43 [V]
# name 7 = altM: Altimeter [m]
# name 8 = flC: Fluorescence, Chelsea Aqua 3 Chl Con [ug/l]
# name 9 = par: PAR/Irradiance, Biospherical/Licor
# name 10 = spar: SPAR/Surface Irradiance
# name 11 = timeS: Time, Elapsed [seconds]
# name 12 = timeJ: Julian Days
# name 13 = sbeox0ML/L: Oxygen, SBE 43 [ml/l], WS = 2
# name 14 = sal00: Salinity, Practical [PSU]
# name 15 = sal11: Salinity, Practical, 2 [PSU]
# name 16 = sigma-t00: Density [sigma-t, Kg/m^3 ]
# name 17 = svCM: Sound Velocity [Chen-Millero, m/s]
# name 18 = avgsvCM: Average Sound Velocity [Chen-Millero, m/s], minP = 1, minS = 5
# name 19 = flag: flag
# span 0 =        630,       6171       
# span 1 =      2.000,    260.000       
# span 2 =     7.7071,    12.8327       
# span 3 =     7.7068,    12.8320       
# span 4 =   3.132968,   3.879690       
# span 5 =   3.134610,   3.881649       
# span 6 =     1.9396,     2.2937       
# span 7 =      15.41,      99.13       
# span 8 =     0.0193,     0.2504       
# span 9 = 5.1218e-02, 1.5180e+00       
# span 10 = 9.9036e-01, 1.9536e+00      
# span 11 =     26.221,    257.088      
# span 12 = 290.014852, 290.017524      
# span 13 =    4.90517,    5.92324      
# span 14 =    26.8277,    35.0201      
# span 15 =    26.8435,    35.0403      
# span 16 =    20.2860,    27.3336      
# span 17 =    1484.29,    1497.98      
# span 18 =    1486.41,    1494.82      
# span 19 = 0.0000e+00, 0.0000e+00      
# interval = decibars: 1                
# start_time = Oct 17 2018 00:20:57 [System UTC, header]
# bad_flag = -9.990e-29
*END*
[from data line 218]
       5306    220.000     7.7587     7.7582   3.606578   3.608397     1.9690      70.06     0.0272 5.1273e-02 1.9438e+00    221.040 290.017107    5.21719    34.9788    34.9989    27.2934    1485.14    1488.90 0.0000e+00
       5328    221.000     7.7569     7.7566   3.606619   3.608447     1.9691      65.06     0.0270 5.1266e-02 -9.990e-29    221.949 290.017117    5.22575    34.9805    35.0006    27.2951    1485.16    1488.89 0.0000e+00
       5349    222.000     7.7497     7.7493   3.606320   3.608146     1.9695      98.75     0.0259 5.1259e-02 -9.990e-29    222.832 290.017128    5.22259    34.9840    35.0041    27.2989    1485.15    1488.87 0.0000e+00
       5371    223.000     7.7473     7.7468   3.606232   3.608068     1.9688      94.07     0.0288 5.1267e-02 -9.990e-29    223.749 290.017138    5.21073    34.9850    35.0053    27.3000    1485.16    1488.85 0.0000e+00
       5393    224.000     7.7466     7.7462   3.606263   3.608072     1.9674      43.11     0.0296 5.1280e-02 1.9438e+00    224.670 290.017149    5.22616    34.9855    35.0055    27.3006    1485.17    1488.84 0.0000e+00
       5415    225.000     7.7458     7.7453   3.606248   3.608071     1.9701      98.84     0.0265 5.1266e-02 1.9438e+00    225.563 290.017159    5.25554    34.9857    35.0059    27.3008    1485.19    1488.82 0.0000e+00
       5437    226.000     7.7431     7.7426   3.606184   3.607999     1.9729      98.80     0.0245 5.1260e-02 1.9438e+00    226.489 290.017170    5.25706    34.9872    35.0073    27.3024    1485.19    1488.81 0.0000e+00
       5458    227.000     7.7414     7.7410   3.606411   3.608231     1.9734      35.19     0.0245 5.1279e-02 1.9438e+00    227.387 290.017180    5.24806    34.9909    35.0110    27.3055    1485.21    1488.79 0.0000e+00
       5480    228.000     7.7388     7.7384   3.606492   3.608308     1.9743      96.35     0.0208 5.1273e-02 1.9438e+00    228.298 290.017191    5.25680    34.9939    35.0139    27.3083    1485.22    1488.77 0.0000e+00
       5502    229.000     7.7376     7.7372   3.606590   3.608419     1.9755      98.79     0.0193 5.1267e-02 1.9438e+00    229.220 290.017202    5.26020    34.9957    35.0158    27.3098    1485.23    1488.76 0.0000e+00
       5524    230.000     7.7379     7.7375   3.606720   3.608549     1.9759      57.04     0.0205 5.1280e-02 1.9438e+00    230.140 290.017212    5.26458    34.9963    35.0164    27.3103    1485.25    1488.74 0.0000e+00
       5547    231.000     7.7383     7.7380   3.606835   3.608669     1.9782      74.11     0.0218 5.1266e-02 1.9438e+00    231.074 290.017223    5.28323    34.9966    35.0167    27.3105    1485.27    1488.73 0.0000e+00
       5569    232.000     7.7387     7.7383   3.606955   3.608709     1.9797      99.10     0.0251 5.1273e-02 1.9438e+00    231.990 290.017234    5.27931    34.9970    35.0164    27.3108    1485.29    1488.71 0.0000e+00
       5590    233.000     7.7379     7.7374   3.607039   3.608863     1.9803      81.73     0.0258 5.1267e-02 1.9438e+00    232.888 290.017244    5.26918    34.9983    35.0185    27.3118    1485.30    1488.70 0.0000e+00
       5612    234.000     7.7372     7.7368   3.607083   3.608904     1.9795      30.52     0.0252 5.1273e-02 -9.990e-29    233.797 290.017255    5.27174    34.9989    35.0190    27.3125    1485.32    1488.68 0.0000e+00
       5633    235.000     7.7351     7.7345   3.607075   3.608867     1.9807      84.53     0.0245 5.1266e-02 -9.990e-29    234.685 290.017265    5.28291    35.0005    35.0204    27.3140    1485.33    1488.67 0.0000e+00
       5655    236.000     7.7343     7.7337   3.607060   3.608861     1.9809      98.84     0.0230 5.1273e-02 -9.990e-29    235.586 290.017275    5.27476    35.0006    35.0207    27.3142    1485.34    1488.66 0.0000e+00
       5677    237.000     7.7330     7.7326   3.606994   3.608816     1.9806      26.64     0.0245 5.1313e-02 -9.990e-29    236.489 290.017286    5.28098    35.0007    35.0208    27.3145    1485.35    1488.64 0.0000e+00
       5698    238.000     7.7308     7.7310   3.606823   3.608697     1.9820      98.02     0.0263 5.1274e-02 1.9438e+00    237.384 290.017296    5.28794    35.0006    35.0207    27.3147    1485.36    1488.63 0.0000e+00
       5720    239.000     7.7298     7.7286   3.606761   3.608505     1.9818      98.80     0.0230 5.1267e-02 1.9438e+00    238.300 290.017307    5.27800    35.0005    35.0205    27.3148    1485.37    1488.61 0.0000e+00
       5742    240.000     7.7287     7.7282   3.606836   3.608665     1.9811      50.34     0.0240 5.1280e-02 1.9438e+00    239.200 290.017317    5.27672    35.0019    35.0222    27.3161    1485.39    1488.60 0.0000e+00
       5763    241.000     7.7289     7.7284   3.606975   3.608798     1.9815      76.22     0.0253 5.1280e-02 1.9438e+00    240.084 290.017327    5.28235    35.0027    35.0229    27.3167    1485.41    1488.59 0.0000e+00
       5784    242.000     7.7289     7.7285   3.607081   3.608903     1.9808      98.64     0.0243 5.1260e-02 1.9438e+00    240.973 290.017338    5.26921    35.0034    35.0234    27.3172    1485.42    1488.57 0.0000e+00
       5806    243.000     7.7293     7.7290   3.607271   3.609087     1.9794      82.18     0.0227 5.1287e-02 1.9438e+00    241.870 290.017348    5.26022    35.0045    35.0244    27.3180    1485.44    1488.56 0.0000e+00
       5828    244.000     7.7294     7.7291   3.607394   3.609199     1.9779      21.33     0.0238 5.1299e-02 -9.990e-29    242.771 290.017359    5.26269    35.0053    35.0251    27.3186    1485.46    1488.55 0.0000e+00
       5849    245.000     7.7291     7.7288   3.607463   3.609283     1.9776      34.85     0.0270 5.1273e-02 -9.990e-29    243.679 290.017369    5.27251    35.0058    35.0258    27.3191    1485.48    1488.54 0.0000e+00
       5871    246.000     7.7289     7.7284   3.607520   3.609349     1.9783      23.64     0.0272 5.1321e-02 -9.990e-29    244.569 290.017379    5.28275    35.0062    35.0264    27.3194    1485.49    1488.52 0.0000e+00
       5892    247.000     7.7279     7.7276   3.607575   3.609392     1.9792      98.93     0.0247 5.1273e-02 1.9438e+00    245.461 290.017390    5.28164    35.0073    35.0272    27.3204    1485.51    1488.51 0.0000e+00
       5913    248.000     7.7237     7.7234   3.607577   3.609396     1.9790      98.79     0.0242 5.1273e-02 1.9438e+00    246.345 290.017400    5.27107    35.0110    35.0310    27.3240    1485.51    1488.50 0.0000e+00
       5934    249.000     7.7224     7.7219   3.607606   3.609422     1.9781      98.80     0.0244 5.1273e-02 1.9438e+00    247.228 290.017410    5.26243    35.0121    35.0323    27.3250    1485.53    1488.49 0.0000e+00
       5956    250.000     7.7216     7.7211   3.607636   3.609443     1.9760      36.62     0.0238 5.1273e-02 1.9438e+00    248.130 290.017420    5.25307    35.0128    35.0328    27.3257    1485.54    1488.48 0.0000e+00
       5978    251.000     7.7210     7.7207   3.607652   3.609477     1.9750      28.99     0.0244 5.1266e-02 1.9438e+00    249.027 290.017431    5.25768    35.0131    35.0331    27.3260    1485.55    1488.46 0.0000e+00
       5999    252.000     7.7204     7.7202   3.607690   3.609509     1.9745      28.21     0.0224 5.1273e-02 1.9438e+00    249.926 290.017441    5.26225    35.0136    35.0335    27.3265    1485.57    1488.45 0.0000e+00
       6021    253.000     7.7195     7.7192   3.607695   3.609519     1.9744      25.11     0.0210 5.1273e-02 -9.990e-29    250.815 290.017452    5.26971    35.0141    35.0341    27.3270    1485.58    1488.44 0.0000e+00
       6042    254.000     7.7193     7.7189   3.607717   3.609544     1.9754      15.41     0.0231 5.1280e-02 -9.990e-29    251.704 290.017462    5.28170    35.0140    35.0342    27.3270    1485.60    1488.43 0.0000e+00
       6063    255.000     7.7190     7.7186   3.607765   3.609589     1.9766      24.85     0.0245 5.1273e-02 -9.990e-29    252.600 290.017472    5.28177    35.0143    35.0345    27.3273    1485.61    1488.42 0.0000e+00
       6085    256.000     7.7188     7.7183   3.607835   3.609654     1.9767      24.19     0.0267 5.1273e-02 -9.990e-29    253.501 290.017483    5.27437    35.0148    35.0350    27.3277    1485.63    1488.41 0.0000e+00
       6107    257.000     7.7169     7.7165   3.607803   3.609611     1.9764      23.32     0.0256 5.1273e-02 1.9438e+00    254.397 290.017493    5.27207    35.0159    35.0358    27.3288    1485.64    1488.40 0.0000e+00
       6128    258.000     7.7143     7.7136   3.607724   3.609534     1.9759      22.45     0.0243 5.1273e-02 1.9438e+00    255.299 290.017503    5.26877    35.0172    35.0374    27.3302    1485.65    1488.39 0.0000e+00
       6150    259.000     7.7098     7.7093   3.607567   3.609374     1.9752      21.47     0.0233 5.1280e-02 1.9438e+00    256.190 290.017514    5.26429    35.0195    35.0395    27.3327    1485.65    1488.38 0.0000e+00
       6171    260.000     7.7071     7.7068   3.607421   3.609261     1.9741      20.11     0.0214 5.1269e-02 1.9438e+00    257.088 290.017524    5.26482    35.0201    35.0403    27.3336    1485.66    1488.37 0.0000e+00
