testdata/CTD/sta0410.cnv
* Sea-Bird SBE 9 Data File:
* FileName = C:\Seabird\CTDData\sta0410.hex
* Software Version Seasave V 7.21f
* Temperature SN = 4557
* Conductivity SN = 1337
* Number of Bytes Per Scan = 40
* Number of Voltage Words = 5
* Number of Scans Averaged by the Deck Unit = 1
* NMEA Latitude = 60 52.00 N
* NMEA Longitude = 005 21.67 E
* NMEA UTC (Time) = Oct 14 2018 08:41:30
* NMEA baud rate = 4800
** Ship: 10 F/F "G. O. Sars"
** Station: 0410
** Echodepth: 467
** Log: 5342.64
** Wind-Dir Force: 20 10
** Air-temp (dry): 16.6
** Weather Sky: 2 8
** Sea Ice: 3 0
# nquan = 20                                
# nvalues = 458                         
# units = specified
# name 0 = scan: Scan Count
# name 1 = prDM: Pressure, Digiquartz [db]
# name 2 = t068C: Temperature [ITS-68, deg C]
# name 3 = t168C: Temperature, 2 [ITS-68, deg C]
# name 4 = c0S/m: Conductivity [S/m]
# name 5 = c1S/m: Conductivity, 2 [S/m]
# name 6 = sbeox0V: Oxygen raw, SBE 43 [V]
# name 7 = altM: Altimeter [m]
# name 8 = flC: Fluorescence, Chelsea Aqua 3 Chl Con [ug/l]
# name 9 = par: PAR/Irradiance, Biospherical/Licor
# name 10 = spar: SPAR/Surface Irradiance
# name 11 = timeS: Time, Elapsed [seconds]
# name 12 = timeJ: Julian Days
# name 13 = sbeox0ML/L: Oxygen, SBE 43 [ml/l], WS = 2
# name 14 = sal00: Salinity, Practical [PSU]
# name 15 = sal11: Salinity, Practical, 2 [PSU]
# name 16 = sigma-t00: Density [sigma-t, Kg/m^3 ]
# name 17 = svCM: Sound Velocity [Chen-Millero, m/s]
# name 18 = avgsvCM: Average Sound Velocity [Chen-Millero, m/s], minP = 1, minS = 5
# name 19 = flag: flag
# span 0 =        367,      10176       
# span 1 =      3.000,    460.000       
# span 2 =     8.0812,    15.8497       
# span 3 =     8.0808,    15.8535       
# span 4 =   1.508949,   3.981562       
# span 5 =   1.465126,   3.983917       
# span 6 =     0.8903,     2.3328       
# span 7 =      16.38,      98.98       
# span 8 =     0.0214,     0.2621       
# span 9 = 5.1238e-02, 3.8243e+00       
# span 10 = 2.8900e+01, 8.3583e+01      
# span 11 =     15.256,    423.976      
# span 12 = 287.362352, 287.367083      
# span 13 =    1.34790,    6.51855      
# span 14 =    11.9860,    35.0215      
# span 15 =    11.6249,    35.0445      
# span 16 =     8.7750,    27.2602      
# span 17 =    1469.68,    1505.19      
# span 18 =    1469.68,    1498.03      
# span 19 = 0.0000e+00, 0.0000e+00      
# interval = decibars: 1                
# start_time = Oct 14 2018 08:41:32 [System UTC, header]
# bad_flag = -9.990e-29
*END*
[from data line 290]
       6599    293.000     8.0855     8.0851   3.639097   3.641175     1.6591      98.75     0.0255 5.1253e-02 6.4145e+01    274.896 287.365358    4.09610    34.9666    34.9892    27.2351    1487.57    1488.58 0.0000e+00
       6620    294.000     8.0856     8.0853   3.639166   3.641258     1.6579      98.60     0.0276 5.1273e-02 6.4145e+01    275.791 287.365368    4.09321    34.9667    34.9894    27.2352    1487.58    1488.57 0.0000e+00
       6642    295.000     8.0860     8.0857   3.639265   3.641351     1.6566      96.64     0.0291 5.1260e-02 6.4349e+01    276.690 287.365378    4.08751    34.9669    34.9896    27.2352    1487.60    1488.57 0.0000e+00
       6663    296.000     8.0865     8.0861   3.639381   3.641462     1.6551      94.78     0.0257 5.1259e-02 6.5692e+01    277.584 287.365389    4.08373    34.9672    34.9899    27.2354    1487.62    1488.57 0.0000e+00
       6684    297.000     8.0872     8.0869   3.639525   3.641611     1.6542      94.75     0.0238 5.1266e-02 6.2489e+01    278.473 287.365399    4.08438    34.9676    34.9902    27.2356    1487.64    1488.56 0.0000e+00
       6706    298.000     8.0879     8.0876   3.639647   3.641733     1.6530      94.78     0.0272 5.1259e-02 6.6090e+01    279.375 287.365409    4.07828    34.9677    34.9903    27.2356    1487.66    1488.56 0.0000e+00
       6727    299.000     8.0887     8.0883   3.639798   3.641892     1.6519      95.18     0.0280 5.1266e-02 6.6089e+01    280.270 287.365420    4.07384    34.9680    34.9908    27.2357    1487.68    1488.56 0.0000e+00
       6749    300.000     8.0892     8.0889   3.639920   3.642007     1.6505      95.49     0.0265 5.1266e-02 6.6089e+01    281.162 287.365430    4.06384    34.9684    34.9910    27.2359    1487.70    1488.55 0.0000e+00
       6770    301.000     8.0896     8.0893   3.640021   3.642096     1.6484      95.31     0.0285 5.1280e-02 6.6089e+01    282.059 287.365440    4.05432    34.9686    34.9911    27.2360    1487.72    1488.55 0.0000e+00
       6792    302.000     8.0904     8.0900   3.640172   3.642263     1.6464      94.93     0.0277 5.1259e-02 6.6119e+01    282.955 287.365451    4.04470    34.9689    34.9917    27.2361    1487.74    1488.55 0.0000e+00
       6813    303.000     8.0916     8.0913   3.640381   3.642462     1.6438      94.54     0.0277 5.1273e-02 -9.990e-29    283.851 287.365461    4.03422    34.9695    34.9920    27.2364    1487.76    1488.55 0.0000e+00
       6835    304.000     8.0929     8.0926   3.640613   3.642708     1.6415      94.78     0.0290 5.1266e-02 -9.990e-29    284.745 287.365472    4.02599    34.9702    34.9929    27.2367    1487.78    1488.54 0.0000e+00
       6856    305.000     8.0939     8.0935   3.640796   3.642883     1.6388      95.29     0.0279 5.1259e-02 -9.990e-29    285.620 287.365482    4.00687    34.9706    34.9934    27.2370    1487.80    1488.54 0.0000e+00
       6877    306.000     8.0941     8.0937   3.640860   3.642948     1.6348      95.05     0.0272 5.1259e-02 -9.990e-29    286.503 287.365492    3.98464    34.9707    34.9934    27.2369    1487.82    1488.54 0.0000e+00
       6898    307.000     8.0947     8.0943   3.640980   3.643064     1.6303      95.20     0.0265 5.1266e-02 6.6504e+01    287.383 287.365502    3.96072    34.9709    34.9936    27.2370    1487.84    1488.54 0.0000e+00
       6919    308.000     8.0957     8.0953   3.641160   3.643239     1.6250      94.94     0.0261 5.1259e-02 6.4120e+01    288.260 287.365512    3.93774    34.9713    34.9940    27.2372    1487.86    1488.53 0.0000e+00
       6940    309.000     8.0971     8.0969   3.641436   3.643537     1.6195      94.96     0.0244 5.1260e-02 6.7495e+01    289.144 287.365522    3.92091    34.9724    34.9951    27.2379    1487.88    1488.53 0.0000e+00
       6962    310.000     8.0979     8.0976   3.641585   3.643682     1.6147      95.15     0.0267 5.1280e-02 6.8022e+01    290.025 287.365533    3.90947    34.9727    34.9954    27.2380    1487.90    1488.53 0.0000e+00
       6983    311.000     8.0987     8.0982   3.641742   3.643807     1.6102      94.97     0.0272 5.1266e-02 6.8032e+01    290.906 287.365543    3.89123    34.9731    34.9957    27.2382    1487.92    1488.53 0.0000e+00
       7004    312.000     8.0998     8.0994   3.641943   3.644011     1.6049      94.31     0.0290 5.1266e-02 6.8032e+01    291.791 287.365553    3.86215    34.9737    34.9962    27.2385    1487.94    1488.53 0.0000e+00
       7025    313.000     8.1005     8.1002   3.642077   3.644180     1.5985      94.69     0.0295 5.1246e-02 6.8032e+01    292.666 287.365563    3.83599    34.9739    34.9967    27.2386    1487.96    1488.53 0.0000e+00
       7046    314.000     8.1017     8.1014   3.642300   3.644386     1.5927      94.50     0.0296 5.1273e-02 6.8032e+01    293.548 287.365573    3.81997    34.9747    34.9973    27.2389    1487.98    1488.52 0.0000e+00
       7067    315.000     8.1025     8.1022   3.642467   3.644554     1.5870      95.00     0.0290 5.1266e-02 6.8032e+01    294.428 287.365584    3.80038    34.9752    34.9978    27.2392    1488.00    1488.52 0.0000e+00
       7088    316.000     8.1033     8.1029   3.642603   3.644699     1.5813      95.46     0.0315 5.1287e-02 6.8032e+01    295.300 287.365594    3.77933    34.9754    34.9982    27.2392    1488.02    1488.52 0.0000e+00
       7109    317.000     8.1046     8.1043   3.642849   3.644950     1.5756      95.43     0.0333 5.1273e-02 6.8032e+01    296.182 287.365604    3.75722    34.9762    34.9990    27.2397    1488.05    1488.52 0.0000e+00
       7130    318.000     8.1064     8.1060   3.643144   3.645245     1.5695      96.11     0.0312 5.1266e-02 6.8032e+01    297.060 287.365614    3.73529    34.9771    35.0000    27.2401    1488.07    1488.52 0.0000e+00
       7151    319.000     8.1070     8.1066   3.643277   3.645360     1.5637      96.36     0.0307 5.1273e-02 6.8032e+01    297.932 287.365624    3.71610    34.9774    35.0001    27.2403    1488.09    1488.52 0.0000e+00
       7173    320.000     8.1082     8.1079   3.643505   3.645593     1.5578      96.22     0.0297 5.1273e-02 6.5627e+01    298.815 287.365634    3.68983    34.9782    35.0008    27.2407    1488.11    1488.51 0.0000e+00
       7194    321.000     8.1095     8.1091   3.643715   3.645803     1.5511      96.29     0.0301 5.1273e-02 6.7623e+01    299.695 287.365645    3.65851    34.9787    35.0014    27.2409    1488.13    1488.51 0.0000e+00
       7215    322.000     8.1115     8.1112   3.644053   3.646160     1.5438      96.45     0.0299 5.1273e-02 6.8027e+01    300.573 287.365655    3.62536    34.9798    35.0027    27.2415    1488.16    1488.51 0.0000e+00
       7236    323.000     8.1146     8.1142   3.644545   3.646635     1.5356      96.52     0.0267 5.1266e-02 6.7945e+01    301.455 287.365665    3.59351    34.9815    35.0043    27.2424    1488.19    1488.51 0.0000e+00
       7257    324.000     8.1177     8.1173   3.645026   3.647122     1.5278      96.61     0.0289 5.1266e-02 6.7842e+01    302.336 287.365675    3.56405    34.9831    35.0059    27.2431    1488.22    1488.51 0.0000e+00
       7278    325.000     8.1204     8.1202   3.645464   3.647567     1.5195      96.83     0.0279 5.1266e-02 6.6915e+01    303.214 287.365685    3.52148    34.9846    35.0073    27.2439    1488.25    1488.51 0.0000e+00
       7299    326.000     8.1219     8.1218   3.645703   3.647849     1.5091      96.89     0.0282 5.1273e-02 6.6174e+01    304.093 287.365695    3.46116    34.9852    35.0082    27.2442    1488.27    1488.51 0.0000e+00
       7320    327.000     8.1245     8.1243   3.646128   3.648243     1.4963      96.77     0.0291 5.1273e-02 6.6088e+01    304.972 287.365706    3.39282    34.9867    35.0095    27.2449    1488.30    1488.51 0.0000e+00
       7341    328.000     8.1256     8.1252   3.646311   3.648411     1.4819      96.73     0.0303 5.1273e-02 6.6089e+01    305.853 287.365716    3.33435    34.9871    35.0099    27.2451    1488.32    1488.51 0.0000e+00
       7363    329.000     8.1282     8.1279   3.646751   3.648858     1.4676      96.82     0.0299 5.1273e-02 6.6089e+01    306.731 287.365726    3.28301    34.9887    35.0115    27.2460    1488.35    1488.51 0.0000e+00
       7384    330.000     8.1316     8.1313   3.647263   3.649364     1.4532      96.90     0.0361 5.1273e-02 6.6089e+01    307.612 287.365736    3.22997    34.9903    35.0131    27.2467    1488.38    1488.51 0.0000e+00
       7405    331.000     8.1334     8.1331   3.647551   3.649657     1.4389      96.93     0.0337 5.1266e-02 6.6070e+01    308.486 287.365746    3.18123    34.9911    35.0139    27.2471    1488.40    1488.51 0.0000e+00
       7426    332.000     8.1356     8.1352   3.647896   3.650005     1.4249      96.95     0.0335 5.1273e-02 6.2640e+01    309.363 287.365757    3.12798    34.9921    35.0151    27.2475    1488.43    1488.51 0.0000e+00
       7447    333.000     8.1364     8.1360   3.648049   3.650146     1.4100      97.10     0.0350 5.1266e-02 6.6063e+01    310.244 287.365767    3.06749    34.9925    35.0153    27.2477    1488.45    1488.51 0.0000e+00
       7468    334.000     8.1392     8.1387   3.648467   3.650570     1.3946      97.12     0.0358 5.1266e-02 6.5445e+01    311.119 287.365777    3.00870    34.9937    35.0167    27.2482    1488.48    1488.51 0.0000e+00
       7489    335.000     8.1411     8.1408   3.648786   3.650891     1.3793      97.12     0.0355 5.1273e-02 6.4146e+01    311.995 287.365787    2.95752    34.9947    35.0175    27.2487    1488.50    1488.51 0.0000e+00
       7510    336.000     8.1423     8.1419   3.649001   3.651104     1.3647      97.15     0.0342 5.1273e-02 6.3567e+01    312.880 287.365797    2.91636    34.9954    35.0182    27.2490    1488.52    1488.51 0.0000e+00
       7531    337.000     8.1443     8.1438   3.649307   3.651398     1.3513      97.15     0.0324 5.1252e-02 -9.990e-29    313.756 287.365807    2.87168    34.9962    35.0190    27.2494    1488.55    1488.51 0.0000e+00
       7552    338.000     8.1452     8.1448   3.649479   3.651572     1.3376      97.12     0.0342 5.1273e-02 -9.990e-29    314.639 287.365818    2.82224    34.9966    35.0194    27.2496    1488.57    1488.51 0.0000e+00
       7574    339.000     8.1458     8.1454   3.649598   3.651699     1.3242      97.17     0.0337 5.1273e-02 -9.990e-29    315.524 287.365828    2.77921    34.9968    35.0197    27.2497    1488.59    1488.51 0.0000e+00
       7595    340.000     8.1465     8.1462   3.649753   3.651851     1.3114      97.15     0.0342 5.1266e-02 6.2341e+01    316.396 287.365838    2.73782    34.9973    35.0200    27.2499    1488.61    1488.51 0.0000e+00
       7616    341.000     8.1472     8.1469   3.649882   3.651988     1.2991      97.12     0.0343 5.1266e-02 5.9816e+01    317.279 287.365848    2.70382    34.9975    35.0203    27.2500    1488.63    1488.51 0.0000e+00
       7637    342.000     8.1475     8.1472   3.649966   3.652059     1.2883      97.12     0.0354 5.1273e-02 6.2166e+01    318.156 287.365858    2.67988    34.9976    35.0203    27.2500    1488.65    1488.51 0.0000e+00
       7658    343.000     8.1483     8.1479   3.650102   3.652202     1.2788      97.14     0.0361 5.1280e-02 6.2201e+01    319.034 287.365868    2.65980    34.9978    35.0206    27.2501    1488.67    1488.51 0.0000e+00
       7679    344.000     8.1491     8.1487   3.650253   3.652367     1.2706      97.08     0.0373 5.1266e-02 6.2201e+01    319.921 287.365879    2.64227    34.9981    35.0211    27.2502    1488.69    1488.51 0.0000e+00
       7700    345.000     8.1502     8.1499   3.650459   3.652563     1.2634      97.09     0.0360 5.1273e-02 6.1781e+01    320.798 287.365889    2.62602    34.9988    35.0216    27.2505    1488.71    1488.51 0.0000e+00
       7721    346.000     8.1523     8.1520   3.650825   3.652918     1.2573      97.10     0.0310 5.1259e-02 6.0247e+01    321.672 287.365899    2.61527    35.0001    35.0228    27.2513    1488.73    1488.51 0.0000e+00
       7742    347.000     8.1545     8.1540   3.651191   3.653285     1.2520      97.09     0.0340 5.1259e-02 6.0257e+01    322.553 287.365909    2.59742    35.0014    35.0242    27.2519    1488.76    1488.51 0.0000e+00
       7763    348.000     8.1571     8.1567   3.651604   3.653692     1.2463      97.04     0.0371 5.1273e-02 6.0257e+01    323.433 287.365919    2.56715    35.0027    35.0254    27.2526    1488.79    1488.51 0.0000e+00
       7784    349.000     8.1587     8.1585   3.651866   3.654002     1.2391      97.09     0.0372 5.1280e-02 6.0257e+01    324.310 287.365929    2.52187    35.0034    35.0264    27.2529    1488.81    1488.51 0.0000e+00
       7805    350.000     8.1607     8.1604   3.652190   3.654309     1.2296      97.20     0.0353 5.1266e-02 5.8899e+01    325.186 287.365940    2.46507    35.0044    35.0274    27.2534    1488.84    1488.51 0.0000e+00
       7827    351.000     8.1615     8.1611   3.652324   3.654440     1.2180      98.04     0.0356 5.1273e-02 5.8324e+01    326.066 287.365950    2.40690    35.0046    35.0276    27.2534    1488.86    1488.51 0.0000e+00
       7848    352.000     8.1619     8.1616   3.652424   3.654550     1.2055      98.33     0.0353 5.1273e-02 5.7069e+01    326.946 287.365960    2.35767    35.0048    35.0278    27.2535    1488.87    1488.52 0.0000e+00
       7869    353.000     8.1627     8.1626   3.652594   3.654725     1.1931      98.33     0.0373 5.1259e-02 5.7016e+01    327.823 287.365970    2.31850    35.0053    35.0282    27.2538    1488.89    1488.52 0.0000e+00
       7890    354.000     8.1636     8.1633   3.652751   3.654871     1.1817      98.15     0.0357 5.1266e-02 5.7959e+01    328.700 287.365980    2.28882    35.0056    35.0286    27.2539    1488.91    1488.52 0.0000e+00
       7911    355.000     8.1646     8.1644   3.652946   3.655062     1.1715      97.79     0.0351 5.1259e-02 -9.990e-29    329.583 287.365991    2.26658    35.0062    35.0290    27.2542    1488.94    1488.52 0.0000e+00
       7932    356.000     8.1667     8.1665   3.653287   3.655409     1.1627      97.50     0.0358 5.1273e-02 -9.990e-29    330.462 287.366001    2.24569    35.0073    35.0302    27.2547    1488.96    1488.52 0.0000e+00
       7953    357.000     8.1676     8.1672   3.653458   3.655547     1.1547      96.73     0.0349 5.1266e-02 -9.990e-29    331.345 287.366011    2.22370    35.0078    35.0305    27.2549    1488.98    1488.52 0.0000e+00
       7975    358.000     8.1682     8.1678   3.653591   3.655686     1.1470      96.80     0.0368 5.1273e-02 -9.990e-29    332.230 287.366021    2.19328    35.0081    35.0309    27.2551    1489.00    1488.52 0.0000e+00
       7996    359.000     8.1690     8.1687   3.653742   3.655848     1.1387      96.80     0.0399 5.1273e-02 -9.990e-29    333.106 287.366031    2.15709    35.0084    35.0312    27.2553    1489.02    1488.52 0.0000e+00
       8017    360.000     8.1701     8.1698   3.653943   3.656049     1.1299      96.86     0.0382 5.1266e-02 -9.990e-29    333.989 287.366042    2.12302    35.0090    35.0318    27.2556    1489.04    1488.53 0.0000e+00
       8038    361.000     8.1703     8.1700   3.654018   3.656128     1.1210      96.82     0.0353 5.1280e-02 -9.990e-29    334.866 287.366052    2.09644    35.0091    35.0320    27.2556    1489.06    1488.53 0.0000e+00
       8059    362.000     8.1709     8.1705   3.654135   3.656242     1.1134      96.75     0.0344 5.1273e-02 -9.990e-29    335.743 287.366062    2.07680    35.0093    35.0322    27.2557    1489.08    1488.53 0.0000e+00
       8080    363.000     8.1716     8.1713   3.654274   3.656393     1.1059      96.71     0.0350 5.1273e-02 -9.990e-29    336.624 287.366072    2.05240    35.0096    35.0326    27.2558    1489.10    1488.53 0.0000e+00
