testdata/CTD/sta0409.cnv
* Sea-Bird SBE 9 Data File:
* FileName = C:\Seabird\CTDData\sta0409.hex
* Software Version Seasave V 7.21f
* Temperature SN = 4557
* Conductivity SN = 1337
* Number of Bytes Per Scan = 40
* Number of Voltage Words = 5
* Number of Scans Averaged by the Deck Unit = 1
* NMEA Latitude = 60 51.17 N
* NMEA Longitude = 005 21.09 E
* NMEA UTC (Time) = Oct 14 2018 08:07:57
* NMEA baud rate = 4800
** Ship: 10 F/F "G. O. Sars"
** Station: 0409
** Echodepth: 423
** Log: 5341.77
** Wind-Dir Force: 19 17
** Air-temp (dry): 17.5
** Weather Sky: 2 8
** Sea Ice: 3 0
# nquan = 20                                
# nvalues = 417                         
# units = specified
# name 0 = scan: Scan Count
# name 1 = prDM: Pressure, Digiquartz [db]
# name 2 = t068C: Temperature [ITS-68, deg C]
# name 3 = t168C: Temperature, 2 [ITS-68, deg C]
# name 4 = c0S/m: Conductivity [S/m]
# name 5 = c1S/m: Conductivity, 2 [S/m]
# name 6 = sbeox0V: Oxygen raw, SBE 43 [V]
# name 7 = altM: Altimeter [m]
# name 8 = flC: Fluorescence, Chelsea Aqua 3 Chl Con [ug/l]
# name 9 = par: PAR/Irradiance, Biospherical/Licor
# name 10 = spar: SPAR/Surface Irradiance
# name 11 = timeS: Time, Elapsed [seconds]
# name 12 = timeJ: Julian Days
# name 13 = sbeox0ML/L: Oxygen, SBE 43 [ml/l], WS = 2
# name 14 = sal00: Salinity, Practical [PSU]
# name 15 = sal11: Salinity, Practical, 2 [PSU]
# name 16 = sigma-t00: Density [sigma-t, Kg/m^3 ]
# name 17 = svCM: Sound Velocity [Chen-Millero, m/s]
# name 18 = avgsvCM: Average Sound Velocity [Chen-Millero, m/s], minP = 1, minS = 5
# name 19 = flag: flag
# span 0 =        526,       9448       
# span 1 =      4.000,    420.000       
# span 2 =     8.0826,    15.3814       
# span 3 =     8.0821,    15.3758       
# span 4 =   1.620000,   3.934238       
# span 5 =   1.629031,   3.936939       
# span 6 =     0.9852,     2.3329       
# span 7 =      10.80,     108.33       
# span 8 =     0.0225,     0.2411       
# span 9 = 5.1239e-02, 3.6685e+00       
# span 10 = 3.4335e+01, 6.6337e+01      
# span 11 =     21.891,    393.604      
# span 12 = 287.339131, 287.343433      
# span 13 =    1.68104,    6.43646      
# span 14 =    12.9096,    35.0151      
# span 15 =    12.9952,    35.0379      
# span 16 =     9.4725,    27.2577      
# span 17 =    1471.19,    1503.87      
# span 18 =    1471.19,    1497.32      
# span 19 = 0.0000e+00, 0.0000e+00      
# interval = decibars: 1                
# start_time = Oct 14 2018 08:07:59 [System UTC, header]
# bad_flag = -9.990e-29
*END*
[from data line 73]
       2118     77.000     8.9613     8.9602   3.667972   3.669959     1.9430      98.78     0.0418 5.1273e-02 -9.990e-29     88.188 287.339898    4.74657    34.5137    34.5356    26.7439    1486.72    1495.30 0.0000e+00
       2139     78.000     8.9409     8.9395   3.667559   3.669541     1.9247      98.79     0.0372 5.1273e-02 -9.990e-29     89.089 287.339908    4.67984    34.5287    34.5509    26.7589    1486.68    1495.19 0.0000e+00
       2161     79.000     8.9196     8.9191   3.666759   3.668790     1.9059      98.78     0.0366 5.1266e-02 -9.990e-29     89.980 287.339919    4.61958    34.5406    34.5624    26.7715    1486.63    1495.08 0.0000e+00
       2182     80.000     8.8842     8.8816   3.664981   3.666951     1.8883      98.79     0.0347 5.1273e-02 -9.990e-29     90.880 287.339929    4.59080    34.5559    34.5791    26.7892    1486.53    1494.97 0.0000e+00
       2204     81.000     8.8664     8.8646   3.664210   3.666228     1.8756      98.78     0.0360 5.1266e-02 5.5305e+01     91.780 287.339940    4.58231    34.5647    34.5876    26.7989    1486.50    1494.87 0.0000e+00
       2225     82.000     8.8405     8.8382   3.663063   3.665083     1.8648      76.14     0.0408 5.1266e-02 5.8337e+01     92.676 287.339950    4.55502    34.5774    34.6009    26.8129    1486.43    1494.76 0.0000e+00
       2247     83.000     8.8076     8.8062   3.661599   3.663671     1.8550      71.71     0.0416 5.1273e-02 5.8313e+01     93.575 287.339960    4.54182    34.5936    34.6168    26.8308    1486.35    1494.66 0.0000e+00
       2268     84.000     8.7754     8.7744   3.660217   3.662293     1.8468      99.15     0.0393 5.1266e-02 5.8313e+01     94.471 287.339971    4.51843    34.6100    34.6329    26.8488    1486.26    1494.56 0.0000e+00
       2290     85.000     8.7347     8.7329   3.658317   3.660380     1.8383      97.45     0.0371 5.1266e-02 5.8313e+01     95.361 287.339981    4.48716    34.6293    34.6529    26.8703    1486.15    1494.46 0.0000e+00
       2311     86.000     8.6810     8.6779   3.656097   3.658092     1.8286      48.46     0.0378 5.1254e-02 5.8313e+01     96.263 287.339991    4.46217    34.6580    34.6821    26.9012    1486.01    1494.36 0.0000e+00
       2333     87.000     8.6406     8.6399   3.654424   3.656541     1.8206      97.65     0.0406 5.1273e-02 5.8313e+01     97.147 287.340002    4.43334    34.6795    34.7025    26.9244    1485.90    1494.27 0.0000e+00
       2354     88.000     8.6279     8.6275   3.653958   3.656102     1.8103      98.78     0.0403 5.1273e-02 5.8313e+01     98.029 287.340012    4.38639    34.6865    34.7096    26.9319    1485.88    1494.17 0.0000e+00
       2375     89.000     8.6110     8.6101   3.653400   3.655510     1.7991      54.34     0.0392 5.1273e-02 5.8313e+01     98.911 287.340022    4.34781    34.6968    34.7200    26.9426    1485.84    1494.08 0.0000e+00
       2396     90.000     8.5642     8.5632   3.651556   3.653674     1.7892      87.56     0.0345 5.1273e-02 5.8313e+01     99.785 287.340032    4.32208    34.7228    34.7462    26.9703    1485.72    1493.98 0.0000e+00
       2417     91.000     8.5345     8.5335   3.650512   3.652632     1.7783      98.49     0.0312 5.1273e-02 5.7442e+01    100.669 287.340042    4.28368    34.7404    34.7639    26.9887    1485.64    1493.89 0.0000e+00
       2438     92.000     8.5026     8.5007   3.649331   3.651493     1.7678      85.49     0.0340 5.1273e-02 5.3764e+01    101.553 287.340053    4.24672    34.7589    34.7837    27.0081    1485.57    1493.80 0.0000e+00
       2459     93.000     8.4837     8.4829   3.648746   3.650879     1.7563      61.83     0.0349 5.1273e-02 5.6507e+01    102.431 287.340063    4.20217    34.7708    34.7942    27.0204    1485.53    1493.71 0.0000e+00
       2481     94.000     8.4662     8.4646   3.648136   3.650250     1.7440      98.94     0.0316 5.1273e-02 5.6370e+01    103.316 287.340073    4.14636    34.7811    34.8051    27.0312    1485.49    1493.62 0.0000e+00
       2502     95.000     8.4506     8.4489   3.647666   3.649786     1.7296      98.78     0.0294 5.1273e-02 5.6370e+01    104.198 287.340083    4.08384    34.7910    34.8152    27.0414    1485.46    1493.54 0.0000e+00
       2523     96.000     8.4279     8.4263   3.647018   3.649134     1.7144      51.62     0.0288 5.1266e-02 5.6370e+01    105.076 287.340093    4.04383    34.8061    34.8302    27.0568    1485.41    1493.45 0.0000e+00
       2544     97.000     8.4138     8.4129   3.646659   3.648813     1.7024      99.17     0.0286 5.1273e-02 5.6370e+01    105.963 287.340104    4.01890    34.8157    34.8395    27.0665    1485.39    1493.37 0.0000e+00
       2565     98.000     8.3984     8.3973   3.646284   3.648435     1.6904      98.78     0.0356 5.1273e-02 5.6370e+01    106.840 287.340114    3.98091    34.8265    34.8505    27.0773    1485.36    1493.29 0.0000e+00
       2586     99.000     8.3906     8.3899   3.646297   3.648472     1.6786      72.78     0.0349 5.1273e-02 5.6370e+01    107.721 287.340124    3.94109    34.8339    34.8577    27.0843    1485.36    1493.20 0.0000e+00
       2608    100.000     8.3791     8.3778   3.646058   3.648206     1.6672      74.17     0.0321 5.1266e-02 5.6370e+01    108.606 287.340134    3.90419    34.8422    34.8664    27.0926    1485.34    1493.13 0.0000e+00
       2629    101.000     8.3620     8.3613   3.645560   3.647730     1.6550      98.34     0.0320 5.1273e-02 5.6370e+01    109.484 287.340145    3.84572    34.8534    34.8772    27.1040    1485.31    1493.05 0.0000e+00
       2650    102.000     8.3590     8.3582   3.645477   3.647665     1.6407      97.90     0.0327 5.1273e-02 5.6370e+01    110.369 287.340155    3.77830    34.8550    34.8791    27.1057    1485.31    1492.97 0.0000e+00
       2671    103.000     8.3519     8.3509   3.645295   3.647467     1.6243      48.45     0.0304 5.1273e-02 5.6370e+01    111.253 287.340165    3.72624    34.8596    34.8837    27.1104    1485.31    1492.90 0.0000e+00
       2692    104.000     8.3383     8.3375   3.644946   3.647100     1.6108      99.19     0.0297 5.1266e-02 5.4320e+01    112.132 287.340175    3.69639    34.8689    34.8926    27.1198    1485.29    1492.82 0.0000e+00
       2713    105.000     8.3218     8.3211   3.644732   3.646926     1.5982      98.78     0.0308 5.1266e-02 -9.990e-29    113.010 287.340185    3.66683    34.8824    34.9065    27.1330    1485.26    1492.75 0.0000e+00
       2734    106.000     8.3031     8.3021   3.643959   3.646119     1.5872      65.38     0.0308 5.1273e-02 -9.990e-29    113.889 287.340195    3.64749    34.8923    34.9163    27.1436    1485.22    1492.68 0.0000e+00
       2756    107.000     8.2923     8.2914   3.643390   3.645545     1.5786      87.60     0.0323 5.1266e-02 -9.990e-29    114.778 287.340206    3.63011    34.8964    34.9203    27.1485    1485.20    1492.61 0.0000e+00
       2777    108.000     8.2776     8.2767   3.642398   3.644555     1.5693      98.79     0.0315 5.1266e-02 -9.990e-29    115.667 287.340216    3.59295    34.9000    34.9239    27.1535    1485.16    1492.54 0.0000e+00
       2798    109.000     8.2723     8.2716   3.642206   3.644388     1.5600      88.68     0.0317 5.1266e-02 5.4130e+01    116.541 287.340226    3.57343    34.9027    34.9267    27.1565    1485.16    1492.47 0.0000e+00
       2819    110.000     8.2711     8.2706   3.642518   3.644758     1.5539      66.10     0.0291 5.1266e-02 5.4428e+01    117.424 287.340236    3.60548    34.9067    34.9311    27.1598    1485.18    1492.41 0.0000e+00
       2840    111.000     8.2676     8.2670   3.642810   3.644975     1.5546      99.37     0.0288 5.1273e-02 5.4426e+01    118.308 287.340247    3.64929    34.9128    34.9366    27.1652    1485.19    1492.34 0.0000e+00
       2861    112.000     8.2634     8.2622   3.642587   3.644717     1.5575      98.79     0.0286 5.1266e-02 5.4426e+01    119.185 287.340257    3.66040    34.9142    34.9381    27.1668    1485.19    1492.28 0.0000e+00
       2883    113.000     8.2552     8.2556   3.641854   3.644136     1.5578      51.87     0.0294 5.1266e-02 5.4426e+01    120.069 287.340267    3.64222    34.9140    34.9380    27.1680    1485.18    1492.21 0.0000e+00
       2904    114.000     8.2476     8.2464   3.641295   3.643412     1.5571      98.30     0.0321 5.1273e-02 5.4426e+01    120.948 287.340277    3.62678    34.9151    34.9389    27.1700    1485.17    1492.15 0.0000e+00
       2925    115.000     8.2397     8.2389   3.640759   3.642905     1.5545      98.78     0.0292 5.1266e-02 5.3981e+01    121.829 287.340287    3.61894    34.9167    34.9405    27.1725    1485.16    1492.09 0.0000e+00
       2946    116.000     8.2337     8.2330   3.640791   3.642970     1.5535      75.65     0.0283 5.1280e-02 5.2668e+01    122.709 287.340298    3.64025    34.9226    34.9465    27.1780    1485.16    1492.03 0.0000e+00
       2967    117.000     8.2286     8.2281   3.640713   3.642898     1.5564      74.58     0.0312 5.1273e-02 5.4434e+01    123.587 287.340308    3.69160    34.9263    34.9502    27.1817    1485.16    1491.97 0.0000e+00
       2988    118.000     8.2204     8.2197   3.640127   3.642283     1.5629      99.09     0.0308 5.1273e-02 5.4426e+01    124.470 287.340318    3.73084    34.9277    34.9515    27.1841    1485.15    1491.91 0.0000e+00
       3009    119.000     8.2187     8.2180   3.640105   3.642261     1.5696      98.78     0.0284 5.1266e-02 5.4426e+01    125.354 287.340328    3.74743    34.9287    34.9524    27.1851    1485.16    1491.86 0.0000e+00
       3031    120.000     8.2085     8.2081   3.639417   3.641590     1.5745      63.84     0.0278 5.1266e-02 5.4426e+01    126.232 287.340338    3.77100    34.9310    34.9546    27.1884    1485.14    1491.80 0.0000e+00
       3052    121.000     8.1974     8.1965   3.638719   3.640869     1.5822      98.35     0.0291 5.1273e-02 5.4426e+01    127.114 287.340349    3.80631    34.9341    34.9580    27.1926    1485.12    1491.74 0.0000e+00
       3073    122.000     8.1889     8.1882   3.638178   3.640330     1.5885      98.78     0.0291 5.1259e-02 5.4426e+01    128.001 287.340359    3.81837    34.9363    34.9600    27.1956    1485.10    1491.69 0.0000e+00
       3094    123.000     8.1840     8.1829   3.637794   3.639915     1.5939      69.52     0.0264 5.1273e-02 5.4426e+01    128.884 287.340369    3.84728    34.9366    34.9604    27.1966    1485.10    1491.64 0.0000e+00
       3116    124.000     8.1682     8.1671   3.636505   3.638622     1.6025      88.47     0.0281 5.1266e-02 5.4426e+01    129.776 287.340379    3.89654    34.9380    34.9618    27.2001    1485.06    1491.58 0.0000e+00
       3137    125.000     8.1600     8.1592   3.635971   3.638114     1.6107      98.67     0.0320 5.1273e-02 5.1688e+01    130.657 287.340390    3.92129    34.9400    34.9637    27.2029    1485.05    1491.53 0.0000e+00
       3158    126.000     8.1590     8.1583   3.636012   3.638170     1.6183      88.34     0.0314 5.1273e-02 5.3621e+01    131.534 287.340400    3.93840    34.9410    34.9647    27.2038    1485.06    1491.48 0.0000e+00
       3179    127.000     8.1586     8.1582   3.636080   3.638248     1.6249      64.64     0.0284 5.1266e-02 5.4426e+01    132.416 287.340410    3.97159    34.9416    34.9652    27.2044    1485.08    1491.43 0.0000e+00
       3200    128.000     8.1560     8.1555   3.635929   3.638082     1.6336      98.71     0.0299 5.1266e-02 5.4426e+01    133.290 287.340420    4.00458    34.9421    34.9656    27.2051    1485.09    1491.38 0.0000e+00
       3221    129.000     8.1555     8.1549   3.635953   3.638114     1.6410      98.78     0.0281 5.1266e-02 5.4426e+01    134.171 287.340430    4.01410    34.9424    34.9661    27.2054    1485.10    1491.33 0.0000e+00
       3242    130.000     8.1561     8.1554   3.636086   3.638226     1.6460      55.37     0.0283 5.1273e-02 5.4426e+01    135.054 287.340440    4.02543    34.9427    34.9663    27.2056    1485.12    1491.28 0.0000e+00
       3263    131.000     8.1554     8.1545   3.636101   3.638221     1.6523      97.44     0.0278 5.1273e-02 5.4426e+01    135.932 287.340451    4.04751    34.9431    34.9666    27.2060    1485.14    1491.23 0.0000e+00
       3285    132.000     8.1523     8.1516   3.635901   3.638051     1.6567      98.76     0.0286 5.1280e-02 5.4426e+01    136.814 287.340461    4.04666    34.9435    34.9672    27.2068    1485.14    1491.19 0.0000e+00
       3306    133.000     8.1515     8.1514   3.636005   3.638201     1.6596      81.68     0.0303 5.1273e-02 5.4426e+01    137.694 287.340471    4.04206    34.9450    34.9686    27.2081    1485.16    1491.14 0.0000e+00
       3327    134.000     8.1464     8.1457   3.635612   3.637741     1.6613      57.00     0.0289 5.1259e-02 5.4426e+01    138.575 287.340481    4.05330    34.9453    34.9688    27.2091    1485.15    1491.10 0.0000e+00
       3348    135.000     8.1440     8.1434   3.635426   3.637577     1.6643      98.78     0.0255 5.1266e-02 5.4426e+01    139.458 287.340491    4.05993    34.9453    34.9689    27.2094    1485.16    1491.05 0.0000e+00
       3369    136.000     8.1403     8.1396   3.635183   3.637320     1.6655      98.78     0.0271 5.1273e-02 5.4354e+01    140.338 287.340502    4.05462    34.9459    34.9694    27.2105    1485.16    1491.01 0.0000e+00
       3390    137.000     8.1398     8.1394   3.635217   3.637373     1.6661      72.57     0.0287 5.1260e-02 5.2180e+01    141.225 287.340512    4.06188    34.9462    34.9697    27.2108    1485.18    1490.97 0.0000e+00
       3412    138.000     8.1391     8.1386   3.635210   3.637368     1.6687      85.81     0.0306 5.1259e-02 5.4379e+01    142.106 287.340522    4.08304    34.9464    34.9700    27.2111    1485.19    1490.93 0.0000e+00
       3433    139.000     8.1375     8.1370   3.635144   3.637292     1.6708      97.98     0.0283 5.1273e-02 5.4426e+01    142.981 287.340532    4.08165    34.9468    34.9703    27.2116    1485.20    1490.88 0.0000e+00
       3454    140.000     8.1364     8.1358   3.635110   3.637243     1.6719      91.78     0.0289 5.1266e-02 5.4426e+01    143.864 287.340542    4.07525    34.9470    34.9705    27.2120    1485.22    1490.84 0.0000e+00
       3475    141.000     8.1352     8.1347   3.635061   3.637210     1.6721      57.05     0.0295 5.1259e-02 5.4426e+01    144.745 287.340553    4.08448    34.9472    34.9707    27.2123    1485.23    1490.80 0.0000e+00
       3496    142.000     8.1347     8.1342   3.635078   3.637213     1.6742      98.62     0.0309 5.1259e-02 5.4426e+01    145.623 287.340563    4.09751    34.9474    34.9708    27.2125    1485.24    1490.76 0.0000e+00
       3517    143.000     8.1328     8.1323   3.634973   3.637116     1.6758      98.75     0.0327 5.1273e-02 5.4426e+01    146.505 287.340573    4.10140    34.9477    34.9711    27.2130    1485.25    1490.73 0.0000e+00
       3538    144.000     8.1309     8.1301   3.634877   3.636988     1.6773      98.78     0.0335 5.1273e-02 5.4426e+01    147.383 287.340583    4.10246    34.9481    34.9715    27.2136    1485.26    1490.69 0.0000e+00
       3559    145.000     8.1255     8.1256   3.634529   3.636713     1.6780      98.78     0.0319 5.1273e-02 5.4426e+01    148.265 287.340593    4.10825    34.9492    34.9725    27.2154    1485.26    1490.65 0.0000e+00
       3581    146.000     8.1224     8.1219   3.634343   3.636477     1.6797      98.78     0.0315 5.1273e-02 5.4426e+01    149.152 287.340604    4.11536    34.9498    34.9732    27.2163    1485.27    1490.61 0.0000e+00
       3602    147.000     8.1208     8.1202   3.634289   3.636416     1.6807      98.78     0.0316 5.1273e-02 5.4426e+01    150.027 287.340614    4.11572    34.9504    34.9738    27.2170    1485.28    1490.58 0.0000e+00
