testdata/CTD/sta0401.cnv
* Sea-Bird SBE 9 Data File:
* FileName = C:\Seabird\CTDData\sta0401.hex
* Software Version Seasave V 7.21f
* Temperature SN = 4557
* Conductivity SN = 1337
* Number of Bytes Per Scan = 40
* Number of Voltage Words = 5
* Number of Scans Averaged by the Deck Unit = 1
* NMEA Latitude = 60 46.35 N
* NMEA Longitude = 005 13.17 E
* NMEA UTC (Time) = Oct 14 2018 03:26:05
* NMEA baud rate = 4800
** Ship: 10 F/F "G. O. Sars"
** Station: 0401
** Echodepth: 365
** Log: 5333.27
** Wind-Dir Force: 17 14
** Air-temp (dry): 19.2
** Weather Sky: 0 6
** Sea Ice: 3 0
# nquan = 20                                
# nvalues = 370                         
# units = specified
# name 0 = scan: Scan Count
# name 1 = prDM: Pressure, Digiquartz [db]
# name 2 = t068C: Temperature [ITS-68, deg C]
# name 3 = t168C: Temperature, 2 [ITS-68, deg C]
# name 4 = c0S/m: Conductivity [S/m]
# name 5 = c1S/m: Conductivity, 2 [S/m]
# name 6 = sbeox0V: Oxygen raw, SBE 43 [V]
# name 7 = altM: Altimeter [m]
# name 8 = flC: Fluorescence, Chelsea Aqua 3 Chl Con [ug/l]
# name 9 = par: PAR/Irradiance, Biospherical/Licor
# name 10 = spar: SPAR/Surface Irradiance
# name 11 = timeS: Time, Elapsed [seconds]
# name 12 = timeJ: Julian Days
# name 13 = sbeox0ML/L: Oxygen, SBE 43 [ml/l], WS = 2
# name 14 = sal00: Salinity, Practical [PSU]
# name 15 = sal11: Salinity, Practical, 2 [PSU]
# name 16 = sigma-t00: Density [sigma-t, Kg/m^3 ]
# name 17 = svCM: Sound Velocity [Chen-Millero, m/s]
# name 18 = avgsvCM: Average Sound Velocity [Chen-Millero, m/s], minP = 1, minS = 5
# name 19 = flag: flag
# span 0 =        323,       8462       
# span 1 =      4.000,    373.000       
# span 2 =     7.4764,    13.7908       
# span 3 =     7.4759,    13.7710       
# span 4 =   3.599594,   3.830712       
# span 5 =   3.601763,   3.832994       
# span 6 =     1.8122,     2.2392       
# span 7 =       6.22,      98.86       
# span 8 =     0.0121,     0.1304       
# span 9 = 5.1227e-02, 6.4196e-01       
# span 10 = 6.6039e-01, 1.9446e+00      
# span 11 =     13.432,    352.548      
# span 12 = 287.143292, 287.147217      
# span 13 =    4.54565,    5.70821      
# span 14 =    30.9737,    35.1148      
# span 15 =    31.0231,    35.1389      
# span 16 =    23.1207,    27.4417      
# span 17 =    1485.49,    1498.12      
# span 18 =    1488.43,    1498.12      
# span 19 = 0.0000e+00, 0.0000e+00      
# interval = decibars: 1                
# start_time = Oct 14 2018 03:26:07 [System UTC, header]
# bad_flag = -9.990e-29
*END*
[from data line 145]
       3425    149.000     8.2788     8.2788   3.640190   3.642426     1.8273      96.19     0.0267 5.1266e-02 -9.990e-29    142.671 287.144788    4.57378    34.8555    34.8793    27.1184    1485.79    1492.27 0.0000e+00
       3446    150.000     8.2762     8.2749   3.640060   3.642232     1.8231      96.07     0.0290 5.1273e-02 -9.990e-29    143.556 287.144798    4.55826    34.8562    34.8806    27.1194    1485.79    1492.22 0.0000e+00
       3468    151.000     8.2702     8.2691   3.639777   3.641958     1.8190      95.76     0.0303 5.1273e-02 -9.990e-29    144.442 287.144808    4.54822    34.8586    34.8830    27.1222    1485.79    1492.18 0.0000e+00
       3489    152.000     8.2677     8.2674   3.639742   3.641956     1.8155      96.91     0.0267 5.1273e-02 -9.990e-29    145.326 287.144819    4.54565    34.8602    34.8841    27.1239    1485.80    1492.14 0.0000e+00
       3510    153.000     8.2650     8.2639   3.639689   3.641874     1.8133      96.32     0.0282 5.1266e-02 1.9438e+00    146.213 287.144829    4.55154    34.8619    34.8863    27.1255    1485.81    1492.10 0.0000e+00
       3531    154.000     8.2579     8.2575   3.639420   3.641622     1.8125      95.77     0.0325 5.1259e-02 1.9438e+00    147.101 287.144839    4.56275    34.8656    34.8894    27.1295    1485.80    1492.05 0.0000e+00
       3552    155.000     8.2197     8.2179   3.637765   3.639912     1.8126      97.08     0.0290 5.1266e-02 1.9438e+00    147.977 287.144849    4.56728    34.8853    34.9100    27.1509    1485.70    1492.01 0.0000e+00
       3574    156.000     8.2024     8.2015   3.638008   3.640228     1.8122      96.01     0.0273 5.1273e-02 1.9438e+00    148.868 287.144860    4.56713    34.9046    34.9292    27.1686    1485.68    1491.97 0.0000e+00
       3595    157.000     8.1934     8.1926   3.638054   3.640246     1.8123      97.37     0.0284 5.1252e-02 1.9438e+00    149.756 287.144870    4.58083    34.9136    34.9378    27.1770    1485.67    1491.93 0.0000e+00
       3616    158.000     8.1850     8.1844   3.637752   3.639950     1.8142      95.75     0.0304 5.1266e-02 -9.990e-29    150.631 287.144880    4.59779    34.9182    34.9423    27.1820    1485.66    1491.89 0.0000e+00
       3637    159.000     8.1763     8.1755   3.637577   3.639783     1.8157      96.07     0.0308 5.1273e-02 -9.990e-29    151.513 287.144890    4.59756    34.9245    34.9489    27.1882    1485.65    1491.85 0.0000e+00
       3658    160.000     8.1717     8.1710   3.637588   3.639783     1.8167      96.62     0.0282 5.1273e-02 -9.990e-29    152.393 287.144900    4.59522    34.9287    34.9529    27.1922    1485.66    1491.81 0.0000e+00
       3679    161.000     8.1672     8.1666   3.637522   3.639712     1.8167      96.47     0.0266 5.1273e-02 -9.990e-29    153.266 287.144910    4.59142    34.9320    34.9560    27.1955    1485.66    1491.78 0.0000e+00
       3701    162.000     8.1545     8.1543   3.637096   3.639308     1.8166      96.86     0.0274 5.1260e-02 -9.990e-29    154.146 287.144921    4.59301    34.9396    34.9635    27.2034    1485.64    1491.74 0.0000e+00
       3722    163.000     8.1165     8.1153   3.635878   3.638030     1.8166      96.58     0.0252 5.1239e-02 -9.990e-29    155.031 287.144931    4.59228    34.9639    34.9882    27.2283    1485.54    1491.70 0.0000e+00
       3743    164.000     8.1069     8.1059   3.635514   3.637688     1.8156      96.42     0.0256 5.1266e-02 -9.990e-29    155.920 287.144941    4.59152    34.9691    34.9934    27.2338    1485.53    1491.66 0.0000e+00
       3764    165.000     8.1002     8.0996   3.635312   3.637498     1.8161      96.55     0.0281 5.1273e-02 -9.990e-29    156.808 287.144951    4.61054    34.9731    34.9972    27.2380    1485.52    1491.62 0.0000e+00
       3786    166.000     8.0987     8.0980   3.635285   3.637484     1.8182      96.41     0.0286 5.1273e-02 -9.990e-29    157.688 287.144962    4.63472    34.9739    34.9981    27.2388    1485.54    1491.59 0.0000e+00
       3807    167.000     8.0929     8.0924   3.635054   3.637251     1.8219      96.63     0.0284 5.1259e-02 -9.990e-29    158.577 287.144972    4.65620    34.9767    35.0007    27.2419    1485.53    1491.55 0.0000e+00
       3828    168.000     8.0877     8.0870   3.634835   3.637017     1.8256      96.30     0.0258 5.1259e-02 -9.990e-29    159.466 287.144982    4.67362    34.9790    35.0031    27.2445    1485.53    1491.52 0.0000e+00
       3849    169.000     8.0853     8.0848   3.634738   3.636951     1.8298      96.53     0.0241 5.1266e-02 -9.990e-29    160.336 287.144992    4.69532    34.9799    35.0041    27.2456    1485.54    1491.48 0.0000e+00
       3870    170.000     8.0815     8.0804   3.634546   3.636699     1.8345      96.19     0.0262 5.1260e-02 -9.990e-29    161.225 287.145003    4.70935    34.9812    35.0053    27.2471    1485.55    1491.45 0.0000e+00
       3892    171.000     8.0793     8.0785   3.634423   3.636613     1.8382      96.29     0.0285 5.1273e-02 -9.990e-29    162.107 287.145013    4.71385    34.9816    35.0058    27.2477    1485.55    1491.41 0.0000e+00
       3913    172.000     8.0762     8.0753   3.634251   3.636435     1.8412      96.66     0.0272 5.1253e-02 -9.990e-29    162.985 287.145023    4.72619    34.9823    35.0066    27.2488    1485.56    1491.38 0.0000e+00
       3934    173.000     8.0682     8.0680   3.633873   3.636075     1.8449      96.29     0.0253 5.1266e-02 -9.990e-29    163.871 287.145033    4.74233    34.9858    35.0096    27.2527    1485.55    1491.34 0.0000e+00
       3955    174.000     8.0603     8.0599   3.633506   3.635716     1.8479      96.27     0.0251 5.1246e-02 -9.990e-29    164.755 287.145043    4.74721    34.9892    35.0133    27.2566    1485.54    1491.31 0.0000e+00
       3976    175.000     8.0555     8.0549   3.633335   3.635523     1.8506      96.35     0.0249 5.1259e-02 -9.990e-29    165.638 287.145054    4.75859    34.9917    35.0158    27.2593    1485.54    1491.28 0.0000e+00
       3997    176.000     8.0533     8.0527   3.633387   3.635586     1.8537      96.22     0.0278 5.1266e-02 -9.990e-29    166.518 287.145064    4.77589    34.9940    35.0182    27.2614    1485.55    1491.24 0.0000e+00
       4019    177.000     8.0480     8.0469   3.633235   3.635361     1.8571      96.48     0.0290 5.1273e-02 -9.990e-29    167.396 287.145074    4.78162    34.9972    35.0211    27.2647    1485.55    1491.21 0.0000e+00
       4040    178.000     8.0368     8.0361   3.632716   3.634892     1.8587      96.41     0.0255 5.1266e-02 -9.990e-29    168.273 287.145084    4.77381    35.0023    35.0263    27.2704    1485.54    1491.18 0.0000e+00
       4061    179.000     8.0359     8.0351   3.632687   3.634872     1.8593      96.60     0.0239 5.1273e-02 -9.990e-29    169.151 287.145094    4.76960    35.0024    35.0266    27.2707    1485.55    1491.15 0.0000e+00
       4082    180.000     8.0350     8.0343   3.632685   3.634873     1.8594      96.77     0.0244 5.1266e-02 -9.990e-29    170.028 287.145105    4.77098    35.0028    35.0270    27.2711    1485.56    1491.12 0.0000e+00
       4103    181.000     8.0343     8.0334   3.632708   3.634896     1.8601      96.33     0.0239 5.1266e-02 -9.990e-29    170.912 287.145115    4.78846    35.0032    35.0276    27.2716    1485.58    1491.09 0.0000e+00
       4124    182.000     8.0296     8.0290   3.632501   3.634699     1.8630      96.24     0.0240 5.1266e-02 -9.990e-29    171.797 287.145125    4.80992    35.0052    35.0294    27.2738    1485.58    1491.06 0.0000e+00
       4145    183.000     8.0280     8.0274   3.632432   3.634634     1.8655      96.16     0.0282 5.1273e-02 -9.990e-29    172.679 287.145135    4.81346    35.0056    35.0298    27.2744    1485.59    1491.03 0.0000e+00
       4167    184.000     8.0249     8.0244   3.632265   3.634458     1.8676      96.47     0.0310 5.1273e-02 -9.990e-29    173.565 287.145145    4.81844    35.0064    35.0305    27.2755    1485.59    1491.00 0.0000e+00
       4188    185.000     8.0191     8.0186   3.632090   3.634278     1.8691      96.33     0.0288 5.1273e-02 -9.990e-29    174.446 287.145156    4.81572    35.0099    35.0338    27.2791    1485.59    1490.97 0.0000e+00
       4209    186.000     8.0154     8.0152   3.632102   3.634293     1.8694      96.41     0.0261 5.1266e-02 -9.990e-29    175.330 287.145166    4.80897    35.0132    35.0369    27.2822    1485.60    1490.94 0.0000e+00
       4230    187.000     8.0134     8.0127   3.632164   3.634352     1.8693      96.24     0.0239 5.1266e-02 -9.990e-29    176.203 287.145176    4.81030    35.0154    35.0396    27.2842    1485.61    1490.91 0.0000e+00
       4251    188.000     8.0132     8.0125   3.632235   3.634416     1.8697      96.29     0.0212 5.1266e-02 -9.990e-29    177.075 287.145186    4.81940    35.0158    35.0400    27.2847    1485.63    1490.88 0.0000e+00
       4272    189.000     8.0128     8.0122   3.632297   3.634473     1.8709      96.35     0.0250 5.1259e-02 -9.990e-29    177.956 287.145196    4.83141    35.0164    35.0404    27.2852    1485.64    1490.85 0.0000e+00
       4293    190.000     8.0113     8.0105   3.632239   3.634417     1.8728      96.46     0.0277 5.1246e-02 -9.990e-29    178.833 287.145206    4.84437    35.0168    35.0410    27.2857    1485.65    1490.83 0.0000e+00
       4314    191.000     8.0093     8.0086   3.632190   3.634370     1.8750      96.33     0.0236 5.1266e-02 -9.990e-29    179.713 287.145217    4.84918    35.0178    35.0419    27.2868    1485.66    1490.80 0.0000e+00
       4335    192.000     8.0066     8.0059   3.632067   3.634263     1.8762      96.74     0.0187 5.1273e-02 -9.990e-29    180.597 287.145227    4.84940    35.0187    35.0430    27.2879    1485.67    1490.77 0.0000e+00
       4356    193.000     8.0030     8.0023   3.631874   3.634046     1.8774      96.18     0.0224 5.1266e-02 -9.990e-29    181.477 287.145237    4.85782    35.0197    35.0438    27.2892    1485.68    1490.75 0.0000e+00
       4378    194.000     7.9973     7.9968   3.631459   3.633650     1.8793      96.38     0.0238 5.1260e-02 -9.990e-29    182.363 287.145247    4.87106    35.0205    35.0445    27.2907    1485.67    1490.72 0.0000e+00
       4399    195.000     7.9932     7.9923   3.631161   3.633312     1.8815      96.24     0.0258 5.1252e-02 -9.990e-29    183.252 287.145258    4.87464    35.0209    35.0449    27.2916    1485.67    1490.69 0.0000e+00
       4420    196.000     7.9918     7.9911   3.631091   3.633266     1.8824      96.53     0.0238 5.1259e-02 -9.990e-29    184.131 287.145268    4.86981    35.0211    35.0451    27.2920    1485.68    1490.67 0.0000e+00
       4442    197.000     7.9905     7.9894   3.631008   3.633140     1.8827      96.43     0.0226 5.1273e-02 -9.990e-29    185.026 287.145278    4.86896    35.0210    35.0450    27.2921    1485.70    1490.64 0.0000e+00
       4463    198.000     7.9872     7.9857   3.630757   3.632870     1.8831      96.18     0.0240 5.1259e-02 -9.990e-29    185.910 287.145288    4.87466    35.0211    35.0453    27.2927    1485.70    1490.62 0.0000e+00
       4484    199.000     7.9859     7.9841   3.630688   3.632768     1.8839      96.11     0.0254 5.1266e-02 -9.990e-29    186.799 287.145299    4.87565    35.0212    35.0453    27.2930    1485.71    1490.59 0.0000e+00
       4506    200.000     7.9729     7.9713   3.629830   3.631942     1.8840      96.49     0.0252 5.1259e-02 1.9438e+00    187.697 287.145309    4.87177    35.0245    35.0488    27.2975    1485.68    1490.57 0.0000e+00
       4527    201.000     7.9686     7.9679   3.629612   3.631780     1.8833      96.25     0.0259 5.1266e-02 1.9438e+00    188.578 287.145319    4.86728    35.0260    35.0500    27.2993    1485.69    1490.54 0.0000e+00
       4548    202.000     7.9660     7.9657   3.629489   3.631671     1.8833      96.39     0.0264 5.1260e-02 1.9438e+00    189.467 287.145329    4.88336    35.0268    35.0505    27.3003    1485.69    1490.52 0.0000e+00
       4570    203.000     7.9645     7.9638   3.629458   3.631637     1.8851      96.34     0.0251 5.1266e-02 1.9438e+00    190.375 287.145340    4.90152    35.0274    35.0516    27.3011    1485.70    1490.50 0.0000e+00
       4591    204.000     7.9616     7.9606   3.629339   3.631484     1.8875      96.13     0.0275 5.1266e-02 1.9438e+00    191.267 287.145350    4.91217    35.0286    35.0526    27.3024    1485.71    1490.47 0.0000e+00
       4613    205.000     7.9499     7.9493   3.628519   3.630677     1.8894      96.31     0.0274 5.1260e-02 -9.990e-29    192.176 287.145361    4.91413    35.0310    35.0548    27.3060    1485.69    1490.45 0.0000e+00
       4635    206.000     7.9384     7.9375   3.627767   3.629918     1.8907      96.17     0.0240 5.1266e-02 -9.990e-29    193.067 287.145371    4.92088    35.0339    35.0580    27.3101    1485.66    1490.43 0.0000e+00
       4656    207.000     7.9336     7.9329   3.627461   3.629612     1.8924      96.04     0.0231 5.1273e-02 -9.990e-29    193.949 287.145381    4.92889    35.0349    35.0588    27.3116    1485.66    1490.40 0.0000e+00
       4677    208.000     7.9270     7.9265   3.626976   3.629153     1.8941      96.72     0.0249 5.1266e-02 -9.990e-29    194.848 287.145392    4.94191    35.0359    35.0598    27.3133    1485.66    1490.38 0.0000e+00
       4699    209.000     7.9194     7.9190   3.626368   3.628535     1.8968      96.20     0.0256 5.1260e-02 1.9438e+00    195.738 287.145402    4.95758    35.0364    35.0602    27.3149    1485.64    1490.36 0.0000e+00
       4721    210.000     7.9053     7.9047   3.625367   3.627531     1.8993      96.29     0.0223 5.1273e-02 1.9438e+00    196.646 287.145413    4.96408    35.0393    35.0632    27.3193    1485.61    1490.33 0.0000e+00
       4743    211.000     7.9018     7.9012   3.625175   3.627319     1.9012      96.21     0.0226 5.1266e-02 1.9438e+00    197.568 287.145423    4.97116    35.0403    35.0639    27.3205    1485.62    1490.31 0.0000e+00
       4764    212.000     7.8991     7.8975   3.625009   3.627093     1.9035      96.67     0.0226 5.1273e-02 1.9438e+00    198.465 287.145434    4.98887    35.0407    35.0647    27.3213    1485.62    1490.29 0.0000e+00
       4786    213.000     7.8960     7.8955   3.624811   3.626981     1.9072      96.36     0.0225 5.1247e-02 1.9438e+00    199.382 287.145444    5.00873    35.0412    35.0650    27.3221    1485.63    1490.27 0.0000e+00
       4808    214.000     7.8956     7.8950   3.624850   3.627022     1.9106      96.18     0.0241 5.1273e-02 1.9438e+00    200.284 287.145455    5.01599    35.0415    35.0655    27.3224    1485.64    1490.25 0.0000e+00
       4830    215.000     7.8942     7.8936   3.624813   3.626960     1.9133      96.26     0.0277 5.1260e-02 -9.990e-29    201.188 287.145465    5.02541    35.0420    35.0657    27.3231    1485.65    1490.22 0.0000e+00
       4852    216.000     7.8917     7.8908   3.624756   3.626915     1.9164      96.38     0.0232 5.1253e-02 -9.990e-29    202.112 287.145476    5.04288    35.0434    35.0676    27.3245    1485.66    1490.20 0.0000e+00
       4873    217.000     7.8708     7.8706   3.622982   3.625130     1.9199      96.00     0.0197 5.1266e-02 -9.990e-29    203.016 287.145486    5.04682    35.0448    35.0681    27.3287    1485.60    1490.18 0.0000e+00
       4896    218.000     7.8503     7.8512   3.621339   3.623587     1.9208      96.26     0.0215 5.1260e-02 -9.990e-29    203.946 287.145497    5.03376    35.0471    35.0705    27.3336    1485.54    1490.16 0.0000e+00
       4918    219.000     7.8378     7.8368   3.620558   3.622661     1.9206      96.24     0.0228 5.1266e-02 -9.990e-29    204.857 287.145508    5.03548    35.0508    35.0745    27.3383    1485.52    1490.14 0.0000e+00
       4939    220.000     7.8276     7.8274   3.619755   3.621939     1.9216      96.41     0.0248 5.1273e-02 -9.990e-29    205.764 287.145518    5.06094    35.0519    35.0756    27.3407    1485.50    1490.12 0.0000e+00
