testdata/CTD/sta0407.cnv
* Sea-Bird SBE 9 Data File:
* FileName = C:\Seabird\CTDData\sta0407.hex
* Software Version Seasave V 7.21f
* Temperature SN = 4557
* Conductivity SN = 1337
* Number of Bytes Per Scan = 40
* Number of Voltage Words = 5
* Number of Scans Averaged by the Deck Unit = 1
* NMEA Latitude = 60 49.57 N
* NMEA Longitude = 005 21.01 E
* NMEA UTC (Time) = Oct 14 2018 06:59:51
* NMEA baud rate = 4800
** Ship: 10 F/F "G. O. Sars"
** Station: 0407
** Echodepth: 286
** Log: 5340.14
** Wind-Dir Force: 18 18
** Air-temp (dry): 18.1
** Weather Sky: 2 8
** Sea Ice: 1 0
# nquan = 20                                
# nvalues = 277                         
# units = specified
# name 0 = scan: Scan Count
# name 1 = prDM: Pressure, Digiquartz [db]
# name 2 = t068C: Temperature [ITS-68, deg C]
# name 3 = t168C: Temperature, 2 [ITS-68, deg C]
# name 4 = c0S/m: Conductivity [S/m]
# name 5 = c1S/m: Conductivity, 2 [S/m]
# name 6 = sbeox0V: Oxygen raw, SBE 43 [V]
# name 7 = altM: Altimeter [m]
# name 8 = flC: Fluorescence, Chelsea Aqua 3 Chl Con [ug/l]
# name 9 = par: PAR/Irradiance, Biospherical/Licor
# name 10 = spar: SPAR/Surface Irradiance
# name 11 = timeS: Time, Elapsed [seconds]
# name 12 = timeJ: Julian Days
# name 13 = sbeox0ML/L: Oxygen, SBE 43 [ml/l], WS = 2
# name 14 = sal00: Salinity, Practical [PSU]
# name 15 = sal11: Salinity, Practical, 2 [PSU]
# name 16 = sigma-t00: Density [sigma-t, Kg/m^3 ]
# name 17 = svCM: Sound Velocity [Chen-Millero, m/s]
# name 18 = avgsvCM: Average Sound Velocity [Chen-Millero, m/s], minP = 1, minS = 5
# name 19 = flag: flag
# span 0 =        276,       6196       
# span 1 =      4.000,    280.000       
# span 2 =     8.0806,    15.0462       
# span 3 =     8.0803,    15.0523       
# span 4 =   3.032551,   3.924656       
# span 5 =   3.030495,   3.928181       
# span 6 =     1.6481,     2.2528       
# span 7 =      13.02,      98.79       
# span 8 =     0.0218,     0.2477       
# span 9 = 5.1246e-02, 6.7968e-01       
# span 10 = 5.3854e+00, 9.7257e+00      
# span 11 =     11.468,    258.140      
# span 12 = 287.291730, 287.294585      
# span 13 =    3.95363,    5.68105      
# span 14 =    24.8961,    34.9605      
# span 15 =    24.8827,    34.9826      
# span 16 =    18.5331,    27.2310      
# span 17 =    1485.00,    1503.09      
# span 18 =    1488.78,    1499.03      
# span 19 = 0.0000e+00, 0.0000e+00      
# interval = decibars: 1                
# start_time = Oct 14 2018 06:59:54 [System UTC, header]
# bad_flag = -9.990e-29
*END*
[from data line 145]
       3384    149.000     8.1135     8.1132   3.633736   3.635845     1.6887      98.78     0.0218 5.1273e-02 7.7751e+00    140.956 287.293229    4.14499    34.9508    34.9736    27.2184    1485.28    1490.96 0.0000e+00
       3405    150.000     8.1119     8.1115   3.633644   3.635778     1.6896      98.78     0.0251 5.1266e-02 7.7751e+00    141.831 287.293239    4.14690    34.9509    34.9741    27.2187    1485.29    1490.92 0.0000e+00
       3426    151.000     8.1106     8.1102   3.633645   3.635750     1.6900      98.78     0.0290 5.1273e-02 7.7751e+00    142.710 287.293249    4.15053    34.9517    34.9747    27.2196    1485.31    1490.89 0.0000e+00
       3447    152.000     8.1100     8.1095   3.633645   3.635757     1.6910      98.78     0.0294 5.1266e-02 7.7751e+00    143.590 287.293259    4.15406    34.9518    34.9749    27.2197    1485.32    1490.85 0.0000e+00
       3468    153.000     8.1098     8.1093   3.633685   3.635781     1.6916      98.78     0.0312 5.1259e-02 7.7751e+00    144.471 287.293269    4.15835    34.9520    34.9749    27.2199    1485.34    1490.81 0.0000e+00
       3490    154.000     8.1090     8.1086   3.633678   3.635775     1.6926      98.78     0.0313 5.1273e-02 7.7751e+00    145.356 287.293280    4.16266    34.9522    34.9751    27.2202    1485.35    1490.78 0.0000e+00
       3511    155.000     8.1079     8.1075   3.633664   3.635761     1.6934      98.78     0.0309 5.1273e-02 7.7646e+00    146.234 287.293290    4.16419    34.9527    34.9755    27.2207    1485.36    1490.74 0.0000e+00
       3532    156.000     8.1073     8.1070   3.633676   3.635767     1.6942      98.78     0.0318 5.1273e-02 7.4494e+00    147.114 287.293300    4.16818    34.9529    34.9756    27.2210    1485.38    1490.71 0.0000e+00
       3553    157.000     8.1070     8.1066   3.633684   3.635796     1.6948      98.78     0.0276 5.1273e-02 7.7742e+00    147.998 287.293310    4.17156    34.9528    34.9758    27.2210    1485.39    1490.67 0.0000e+00
       3574    158.000     8.1051     8.1047   3.633618   3.635710     1.6959      98.78     0.0303 5.1273e-02 7.7751e+00    148.879 287.293320    4.17455    34.9535    34.9763    27.2218    1485.40    1490.64 0.0000e+00
       3595    159.000     8.1042     8.1038   3.633604   3.635689     1.6962      98.78     0.0307 5.1266e-02 7.7751e+00    149.762 287.293331    4.17516    34.9538    34.9765    27.2222    1485.42    1490.61 0.0000e+00
       3616    160.000     8.1034     8.1031   3.633593   3.635685     1.6969      98.76     0.0299 5.1273e-02 7.7751e+00    150.646 287.293341    4.17325    34.9540    34.9767    27.2224    1485.43    1490.57 0.0000e+00
       3637    161.000     8.1027     8.1023   3.633588   3.635682     1.6963      98.33     0.0277 5.1273e-02 7.7751e+00    151.517 287.293351    4.16585    34.9541    34.9770    27.2227    1485.44    1490.54 0.0000e+00
       3658    162.000     8.1016     8.1013   3.633569   3.635657     1.6959      98.45     0.0262 5.1273e-02 7.7751e+00    152.395 287.293361    4.17160    34.9545    34.9772    27.2232    1485.46    1490.51 0.0000e+00
       3680    163.000     8.1006     8.1002   3.633510   3.635609     1.6966      97.88     0.0246 5.1266e-02 7.7751e+00    153.273 287.293371    4.18062    34.9544    34.9773    27.2232    1485.47    1490.48 0.0000e+00
       3701    164.000     8.0996     8.0992   3.633506   3.635590     1.6972      95.67     0.0247 5.1280e-02 7.7751e+00    154.158 287.293381    4.17814    34.9549    34.9776    27.2237    1485.48    1490.45 0.0000e+00
       3722    165.000     8.0992     8.0987   3.633526   3.635598     1.6971      98.56     0.0275 5.1273e-02 7.7751e+00    155.042 287.293392    4.17602    34.9550    34.9777    27.2239    1485.50    1490.42 0.0000e+00
       3743    166.000     8.0993     8.0988   3.633566   3.635651     1.6970      98.65     0.0321 5.1273e-02 7.7751e+00    155.924 287.293402    4.17668    34.9549    34.9777    27.2238    1485.51    1490.39 0.0000e+00
       3764    167.000     8.0988     8.0984   3.633589   3.635673     1.6971      98.47     0.0319 5.1273e-02 7.7751e+00    156.796 287.293412    4.17977    34.9551    34.9778    27.2240    1485.53    1490.36 0.0000e+00
       3785    168.000     8.0988     8.0983   3.633639   3.635724     1.6976      97.73     0.0326 5.1273e-02 7.4577e+00    157.680 287.293422    4.18692    34.9552    34.9780    27.2241    1485.55    1490.33 0.0000e+00
       3806    169.000     8.0987     8.0982   3.633680   3.635757     1.6984      98.61     0.0303 5.1260e-02 7.6763e+00    158.558 287.293432    4.18805    34.9552    34.9780    27.2241    1485.56    1490.30 0.0000e+00
       3828    170.000     8.0985     8.0981   3.633698   3.635785     1.6986      98.73     0.0283 5.1273e-02 7.7732e+00    159.441 287.293443    4.18968    34.9551    34.9779    27.2241    1485.58    1490.28 0.0000e+00
       3849    171.000     8.0983     8.0979   3.633742   3.635818     1.6994      98.75     0.0266 5.1273e-02 7.7751e+00    160.319 287.293453    4.19199    34.9553    34.9780    27.2243    1485.59    1490.25 0.0000e+00
       3870    172.000     8.0983     8.0979   3.633789   3.635862     1.6995      98.75     0.0254 5.1266e-02 7.7751e+00    161.199 287.293463    4.18908    34.9553    34.9779    27.2243    1485.61    1490.22 0.0000e+00
       3891    173.000     8.0983     8.0979   3.633830   3.635902     1.6993      98.75     0.0278 5.1266e-02 7.7751e+00    162.085 287.293473    4.18491    34.9553    34.9779    27.2242    1485.63    1490.19 0.0000e+00
       3912    174.000     8.0982     8.0979   3.633878   3.635966     1.6988      98.73     0.0309 5.1252e-02 7.7751e+00    162.963 287.293483    4.18187    34.9554    34.9781    27.2244    1485.64    1490.17 0.0000e+00
       3933    175.000     8.0982     8.0977   3.633928   3.636009     1.6983      98.70     0.0327 5.1259e-02 7.7751e+00    163.838 287.293493    4.18399    34.9555    34.9783    27.2244    1485.66    1490.14 0.0000e+00
       3954    176.000     8.0981     8.0978   3.633979   3.636061     1.6982      98.65     0.0336 5.1259e-02 7.7751e+00    164.718 287.293504    4.18738    34.9556    34.9782    27.2245    1485.68    1490.12 0.0000e+00
       3975    177.000     8.0977     8.0971   3.633987   3.636055     1.6984      98.26     0.0296 5.1259e-02 7.7751e+00    165.591 287.293514    4.18547    34.9556    34.9784    27.2246    1485.69    1490.09 0.0000e+00
       3996    178.000     8.0966     8.0962   3.633952   3.636029     1.6977      96.19     0.0277 5.1259e-02 7.7751e+00    166.470 287.293524    4.17908    34.9559    34.9785    27.2250    1485.70    1490.07 0.0000e+00
       4018    179.000     8.0963     8.0959   3.633973   3.636042     1.6972      97.55     0.0269 5.1266e-02 7.7751e+00    167.355 287.293534    4.18163    34.9559    34.9785    27.2250    1485.72    1490.04 0.0000e+00
       4039    180.000     8.0961     8.0956   3.634004   3.636075     1.6970      98.66     0.0250 5.1259e-02 7.3530e+00    168.230 287.293544    4.17905    34.9560    34.9786    27.2251    1485.73    1490.02 0.0000e+00
       4060    181.000     8.0960     8.0957   3.634043   3.636120     1.6960      98.72     0.0265 5.1273e-02 7.7674e+00    169.109 287.293555    4.17927    34.9560    34.9785    27.2251    1485.75    1490.00 0.0000e+00
       4081    182.000     8.0959     8.0955   3.634078   3.636157     1.6966      98.73     0.0271 5.1273e-02 7.7751e+00    169.983 287.293565    4.19020    34.9560    34.9786    27.2252    1485.77    1489.97 0.0000e+00
       4102    183.000     8.0956     8.0952   3.634099   3.636175     1.6971      98.71     0.0267 5.1280e-02 7.7751e+00    170.859 287.293575    4.18982    34.9560    34.9787    27.2252    1485.78    1489.95 0.0000e+00
       4123    184.000     8.0950     8.0946   3.634110   3.636174     1.6974      98.52     0.0275 5.1273e-02 7.7751e+00    171.740 287.293585    4.19090    34.9563    34.9788    27.2255    1485.80    1489.93 0.0000e+00
       4144    185.000     8.0951     8.0949   3.634147   3.636249     1.6976      98.51     0.0310 5.1273e-02 7.7751e+00    172.618 287.293595    4.19440    34.9561    34.9788    27.2253    1485.81    1489.90 0.0000e+00
       4165    186.000     8.0953     8.0949   3.634217   3.636290     1.6984      98.12     0.0305 5.1273e-02 7.7751e+00    173.496 287.293605    4.19706    34.9561    34.9787    27.2254    1485.83    1489.88 0.0000e+00
       4186    187.000     8.0955     8.0951   3.634282   3.636350     1.6985      96.89     0.0281 5.1252e-02 7.7751e+00    174.378 287.293615    4.19317    34.9561    34.9787    27.2253    1485.85    1489.86 0.0000e+00
       4207    188.000     8.0953     8.0949   3.634304   3.636368     1.6983      98.77     0.0265 5.1273e-02 7.7751e+00    175.249 287.293626    4.19290    34.9561    34.9786    27.2253    1485.86    1489.84 0.0000e+00
       4229    189.000     8.0950     8.0946   3.634325   3.636395     1.6984      98.75     0.0252 5.1273e-02 7.8898e+00    176.148 287.293636    4.19468    34.9561    34.9787    27.2254    1485.88    1489.82 0.0000e+00
       4250    190.000     8.0938     8.0935   3.634287   3.636353     1.6983      98.75     0.0242 5.1273e-02 6.4600e+00    177.037 287.293646    4.18853    34.9564    34.9789    27.2258    1485.89    1489.80 0.0000e+00
       4271    191.000     8.0937     8.0933   3.634318   3.636386     1.6972      98.75     0.0251 5.1273e-02 7.8088e+00    177.920 287.293656    4.18783    34.9564    34.9789    27.2258    1485.91    1489.78 0.0000e+00
       4293    192.000     8.0938     8.0933   3.634373   3.636434     1.6976      98.75     0.0275 5.1266e-02 8.0139e+00    178.815 287.293667    4.20027    34.9564    34.9790    27.2258    1485.92    1489.76 0.0000e+00
       4314    193.000     8.0939     8.0935   3.634429   3.636493     1.6985      98.75     0.0301 5.1266e-02 7.9602e+00    179.694 287.293677    4.20163    34.9564    34.9789    27.2258    1485.94    1489.74 0.0000e+00
       4335    194.000     8.0941     8.0936   3.634482   3.636549     1.6987      98.74     0.0315 5.1273e-02 8.1509e+00    180.582 287.293687    4.20196    34.9563    34.9789    27.2257    1485.96    1489.72 0.0000e+00
       4356    195.000     8.0945     8.0940   3.634580   3.636628     1.6992      98.75     0.0307 5.1273e-02 8.6052e+00    181.474 287.293698    4.20613    34.9565    34.9789    27.2257    1485.98    1489.70 0.0000e+00
       4377    196.000     8.0946     8.0941   3.634624   3.636682     1.6998      98.77     0.0286 5.1260e-02 8.3991e+00    182.352 287.293708    4.21063    34.9564    34.9789    27.2256    1485.99    1489.68 0.0000e+00
       4399    197.000     8.0945     8.0940   3.634669   3.636712     1.7008      98.78     0.0261 5.1266e-02 8.4561e+00    183.264 287.293718    4.21413    34.9565    34.9788    27.2257    1486.01    1489.66 0.0000e+00
       4421    198.000     8.0944     8.0940   3.634707   3.636770     1.7013      98.77     0.0260 5.1266e-02 9.2827e+00    184.166 287.293729    4.20988    34.9565    34.9790    27.2258    1486.02    1489.64 0.0000e+00
       4442    199.000     8.0940     8.0936   3.634724   3.636787     1.7009      98.77     0.0264 5.1273e-02 9.4527e+00    185.057 287.293739    4.20201    34.9566    34.9791    27.2259    1486.04    1489.62 0.0000e+00
       4464    200.000     8.0938     8.0933   3.634752   3.636800     1.6998      98.72     0.0284 5.1273e-02 9.6273e+00    185.964 287.293750    4.19879    34.9566    34.9790    27.2259    1486.06    1489.61 0.0000e+00
       4485    201.000     8.0932     8.0928   3.634731   3.636795     1.6996      98.49     0.0267 5.1266e-02 7.3758e+00    186.845 287.293760    4.20451    34.9565    34.9790    27.2260    1486.07    1489.59 0.0000e+00
       4507    202.000     8.0930     8.0926   3.634770   3.636820     1.6996      98.52     0.0284 5.1280e-02 9.3830e+00    187.737 287.293770    4.20588    34.9566    34.9790    27.2261    1486.08    1489.57 0.0000e+00
       4529    203.000     8.0930     8.0926   3.634825   3.636890     1.6996      98.65     0.0323 5.1266e-02 9.7193e+00    188.647 287.293781    4.20693    34.9567    34.9792    27.2262    1486.10    1489.55 0.0000e+00
       4550    204.000     8.0930     8.0926   3.634891   3.636950     1.6997      98.66     0.0299 5.1273e-02 9.7189e+00    189.527 287.293791    4.21299    34.9569    34.9794    27.2263    1486.12    1489.54 0.0000e+00
       4571    205.000     8.0931     8.0926   3.634941   3.636981     1.7007      98.71     0.0254 5.1266e-02 9.7189e+00    190.432 287.293801    4.21894    34.9569    34.9792    27.2263    1486.14    1489.52 0.0000e+00
       4593    206.000     8.0929     8.0926   3.634969   3.637035     1.7014      98.75     0.0251 5.1266e-02 9.7189e+00    191.329 287.293812    4.22094    34.9569    34.9793    27.2263    1486.15    1489.50 0.0000e+00
       4614    207.000     8.0927     8.0923   3.634990   3.637057     1.7018      98.75     0.0277 5.1266e-02 9.7189e+00    192.219 287.293822    4.21333    34.9569    34.9794    27.2263    1486.17    1489.49 0.0000e+00
       4636    208.000     8.0925     8.0921   3.635030   3.637070     1.7009      98.75     0.0288 5.1273e-02 9.7189e+00    193.134 287.293833    4.20754    34.9570    34.9792    27.2265    1486.18    1489.47 0.0000e+00
       4658    209.000     8.0925     8.0921   3.635068   3.637117     1.7004      98.74     0.0259 5.1259e-02 9.7189e+00    194.034 287.293843    4.20531    34.9569    34.9793    27.2264    1486.20    1489.46 0.0000e+00
       4680    210.000     8.0923     8.0920   3.635103   3.637165     1.6996      98.70     0.0242 5.1267e-02 9.7189e+00    194.949 287.293854    4.20576    34.9570    34.9794    27.2265    1486.21    1489.44 0.0000e+00
       4702    211.000     8.0921     8.0918   3.635132   3.637193     1.6992      98.62     0.0252 5.1273e-02 9.7189e+00    195.868 287.293864    4.20329    34.9570    34.9794    27.2266    1486.23    1489.43 0.0000e+00
       4723    212.000     8.0921     8.0916   3.635160   3.637230     1.6985      98.30     0.0269 5.1273e-02 9.7189e+00    196.756 287.293874    4.20304    34.9569    34.9795    27.2264    1486.25    1489.41 0.0000e+00
       4745    213.000     8.0918     8.0913   3.635194   3.637251     1.6984      98.21     0.0282 5.1246e-02 8.6316e+00    197.661 287.293885    4.21041    34.9570    34.9796    27.2266    1486.26    1489.40 0.0000e+00
       4766    214.000     8.0920     8.0916   3.635275   3.637328     1.6991      98.15     0.0264 5.1273e-02 9.7107e+00    198.555 287.293895    4.21865    34.9572    34.9796    27.2267    1486.28    1489.38 0.0000e+00
       4788    215.000     8.0924     8.0921   3.635367   3.637427     1.6999      97.42     0.0263 5.1273e-02 9.7189e+00    199.458 287.293906    4.22193    34.9573    34.9797    27.2267    1486.30    1489.37 0.0000e+00
       4810    216.000     8.0918     8.0915   3.635345   3.637414     1.7007      97.82     0.0274 5.1267e-02 9.7189e+00    200.385 287.293916    4.22119    34.9572    34.9797    27.2267    1486.31    1489.35 0.0000e+00
       4832    217.000     8.0916     8.0914   3.635373   3.637449     1.7007      97.38     0.0269 5.1273e-02 9.7189e+00    201.286 287.293927    4.21261    34.9572    34.9797    27.2268    1486.33    1489.34 0.0000e+00
       4854    218.000     8.0918     8.0914   3.635445   3.637494     1.6997      97.90     0.0277 5.1273e-02 9.7189e+00    202.209 287.293938    4.20799    34.9573    34.9797    27.2268    1486.34    1489.33 0.0000e+00
       4876    219.000     8.0920     8.0916   3.635505   3.637563     1.6991      97.86     0.0271 5.1266e-02 9.7189e+00    203.125 287.293948    4.20871    34.9573    34.9797    27.2268    1486.36    1489.31 0.0000e+00
       4898    220.000     8.0918     8.0915   3.635548   3.637601     1.6988      97.63     0.0281 5.1273e-02 9.7189e+00    204.029 287.293959    4.21224    34.9574    34.9797    27.2269    1486.38    1489.30 0.0000e+00
