testdata/CTD/sta0408.cnv
* Sea-Bird SBE 9 Data File:
* FileName = C:\Seabird\CTDData\sta0408.hex
* Software Version Seasave V 7.21f
* Temperature SN = 4557
* Conductivity SN = 1337
* Number of Bytes Per Scan = 40
* Number of Voltage Words = 5
* Number of Scans Averaged by the Deck Unit = 1
* NMEA Latitude = 60 50.58 N
* NMEA Longitude = 005 20.87 E
* NMEA UTC (Time) = Oct 14 2018 07:33:37
* NMEA baud rate = 4800
** Ship: 10 F/F "G. O. Sars"
** Station: 0408
** Echodepth: 367
** Log: 5341.18
** Wind-Dir Force: 19 15
** Air-temp (dry): 18.1
** Weather Sky: 2 8
** Sea Ice: 1 0
# nquan = 20                                
# nvalues = 357                         
# units = specified
# name 0 = scan: Scan Count
# name 1 = prDM: Pressure, Digiquartz [db]
# name 2 = t068C: Temperature [ITS-68, deg C]
# name 3 = t168C: Temperature, 2 [ITS-68, deg C]
# name 4 = c0S/m: Conductivity [S/m]
# name 5 = c1S/m: Conductivity, 2 [S/m]
# name 6 = sbeox0V: Oxygen raw, SBE 43 [V]
# name 7 = altM: Altimeter [m]
# name 8 = flC: Fluorescence, Chelsea Aqua 3 Chl Con [ug/l]
# name 9 = par: PAR/Irradiance, Biospherical/Licor
# name 10 = spar: SPAR/Surface Irradiance
# name 11 = timeS: Time, Elapsed [seconds]
# name 12 = timeJ: Julian Days
# name 13 = sbeox0ML/L: Oxygen, SBE 43 [ml/l], WS = 2
# name 14 = sal00: Salinity, Practical [PSU]
# name 15 = sal11: Salinity, Practical, 2 [PSU]
# name 16 = sigma-t00: Density [sigma-t, Kg/m^3 ]
# name 17 = svCM: Sound Velocity [Chen-Millero, m/s]
# name 18 = avgsvCM: Average Sound Velocity [Chen-Millero, m/s], minP = 1, minS = 5
# name 19 = flag: flag
# span 0 =        418,       8044       
# span 1 =      4.000,    360.000       
# span 2 =     8.0844,    15.2023       
# span 3 =     8.0841,    15.1998       
# span 4 =   2.801268,   3.952034       
# span 5 =   2.783852,   3.954317       
# span 6 =     1.0510,     2.2331       
# span 7 =      14.28,      99.94       
# span 8 =     0.0222,     0.1977       
# span 9 = 5.1194e-02, 1.1968e+00       
# span 10 = 7.0359e+00, 1.9465e+01      
# span 11 =     17.377,    335.117      
# span 12 = 287.315247, 287.318925      
# span 13 =    1.89903,    5.67094      
# span 14 =    22.6276,    35.0110      
# span 15 =    22.4910,    35.0337      
# span 16 =    16.7283,    27.2566      
# span 17 =    1485.01,    1503.66      
# span 18 =    1487.93,    1498.75      
# span 19 = 0.0000e+00, 0.0000e+00      
# interval = decibars: 1                
# start_time = Oct 14 2018 07:33:40 [System UTC, header]
# bad_flag = -9.990e-29
*END*
[from data line 145]
       3534    149.000     8.1197     8.1191   3.634168   3.636284     1.6859      98.78     0.0289 5.1273e-02 1.7494e+01    147.217 287.316750    4.12548    34.9492    34.9725    27.2162    1485.30    1490.87 0.0000e+00
       3555    150.000     8.1188     8.1184   3.634151   3.636283     1.6850      36.33     0.0289 5.1273e-02 1.7494e+01    148.093 287.316760    4.12987    34.9494    34.9727    27.2165    1485.32    1490.83 0.0000e+00
       3576    151.000     8.1185     8.1180   3.634179   3.636301     1.6872      99.94     0.0273 5.1273e-02 1.7494e+01    148.974 287.316770    4.15012    34.9496    34.9728    27.2167    1485.33    1490.79 0.0000e+00
       3598    152.000     8.1185     8.1180   3.634230   3.636350     1.6886      98.78     0.0286 5.1280e-02 1.7494e+01    149.856 287.316781    4.14636    34.9496    34.9728    27.2167    1485.35    1490.76 0.0000e+00
       3619    153.000     8.1179     8.1174   3.634221   3.636341     1.6888      56.69     0.0263 5.1287e-02 1.6489e+01    150.740 287.316791    4.14121    34.9496    34.9728    27.2168    1485.36    1490.72 0.0000e+00
       3640    154.000     8.1177     8.1171   3.634268   3.636369     1.6894      79.39     0.0268 5.1266e-02 1.7491e+01    151.628 287.316801    4.15093    34.9498    34.9729    27.2170    1485.38    1490.69 0.0000e+00
       3661    155.000     8.1171     8.1167   3.634275   3.636393     1.6905      98.92     0.0307 5.1273e-02 1.7494e+01    152.506 287.316811    4.15223    34.9500    34.9731    27.2173    1485.39    1490.65 0.0000e+00
       3682    156.000     8.1162     8.1158   3.634256   3.636369     1.6906      88.11     0.0307 5.1252e-02 1.7494e+01    153.391 287.316822    4.14064    34.9502    34.9733    27.2176    1485.41    1490.62 0.0000e+00
       3704    157.000     8.1150     8.1146   3.634213   3.636341     1.6896      45.53     0.0298 5.1260e-02 1.7494e+01    154.271 287.316832    4.14691    34.9505    34.9737    27.2180    1485.42    1490.58 0.0000e+00
       3725    158.000     8.1145     8.1141   3.634229   3.636343     1.6907      97.79     0.0287 5.1273e-02 1.7494e+01    155.151 287.316842    4.15336    34.9507    34.9737    27.2182    1485.43    1490.55 0.0000e+00
       3746    159.000     8.1143     8.1139   3.634249   3.636370     1.6907      98.43     0.0295 5.1259e-02 1.7494e+01    156.038 287.316852    4.14613    34.9506    34.9737    27.2181    1485.45    1490.52 0.0000e+00
       3767    160.000     8.1141     8.1138   3.634285   3.636404     1.6900      38.07     0.0326 5.1273e-02 1.7494e+01    156.919 287.316862    4.14695    34.9507    34.9737    27.2183    1485.47    1490.49 0.0000e+00
       3788    161.000     8.1139     8.1133   3.634324   3.636436     1.6909      93.63     0.0348 5.1273e-02 1.7494e+01    157.792 287.316873    4.15326    34.9508    34.9741    27.2184    1485.48    1490.46 0.0000e+00
       3809    162.000     8.1135     8.1132   3.634352   3.636466     1.6902      98.29     0.0313 5.1266e-02 1.7494e+01    158.669 287.316883    4.13969    34.9511    34.9740    27.2186    1485.50    1490.43 0.0000e+00
       3830    163.000     8.1132     8.1128   3.634379   3.636497     1.6890      72.97     0.0299 5.1273e-02 1.7494e+01    159.549 287.316893    4.13159    34.9512    34.9742    27.2187    1485.51    1490.40 0.0000e+00
       3851    164.000     8.1118     8.1117   3.634341   3.636469     1.6879      56.58     0.0294 5.1245e-02 1.7494e+01    160.429 287.316903    4.14188    34.9517    34.9746    27.2194    1485.52    1490.37 0.0000e+00
       3872    165.000     8.1105     8.1105   3.634304   3.636435     1.6884      97.16     0.0292 5.1266e-02 1.7052e+01    161.309 287.316913    4.14719    34.9521    34.9749    27.2199    1485.54    1490.34 0.0000e+00
       3893    166.000     8.1088     8.1095   3.634227   3.636415     1.6886      98.67     0.0305 5.1266e-02 1.7802e+01    162.187 287.316924    4.14288    34.9525    34.9752    27.2204    1485.55    1490.31 0.0000e+00
       3915    167.000     8.1083     8.1075   3.634233   3.636322     1.6878      41.97     0.0313 5.1273e-02 1.8231e+01    163.068 287.316934    4.15032    34.9525    34.9757    27.2206    1485.56    1490.28 0.0000e+00
       3936    168.000     8.1075     8.1070   3.634225   3.636327     1.6897      98.72     0.0300 5.1273e-02 1.8975e+01    163.957 287.316944    4.16056    34.9528    34.9758    27.2209    1485.58    1490.25 0.0000e+00
       3957    169.000     8.1081     8.1077   3.634324   3.636419     1.6898      98.73     0.0284 5.1273e-02 1.9440e+01    164.837 287.316954    4.14714    34.9527    34.9756    27.2208    1485.59    1490.22 0.0000e+00
       3978    170.000     8.1095     8.1096   3.634453   3.636603     1.6886      59.33     0.0276 5.1280e-02 1.9252e+01    165.717 287.316964    4.13760    34.9523    34.9752    27.2202    1485.62    1490.20 0.0000e+00
       3999    171.000     8.1108     8.1102   3.634587   3.636686     1.6882      75.29     0.0315 5.1273e-02 1.9440e+01    166.596 287.316974    4.15055    34.9519    34.9750    27.2197    1485.64    1490.17 0.0000e+00
       4020    172.000     8.1106     8.1101   3.634621   3.636728     1.6888      99.02     0.0327 5.1273e-02 1.9438e+01    167.470 287.316985    4.15199    34.9520    34.9750    27.2198    1485.65    1490.14 0.0000e+00
       4042    173.000     8.1112     8.1107   3.634709   3.636807     1.6886      90.09     0.0279 5.1260e-02 1.9438e+01    168.355 287.316995    4.14325    34.9518    34.9748    27.2196    1485.67    1490.12 0.0000e+00
       4063    174.000     8.1111     8.1108   3.634746   3.636863     1.6879      46.61     0.0303 5.1280e-02 1.9438e+01    169.238 287.317005    4.15449    34.9519    34.9748    27.2196    1485.69    1490.09 0.0000e+00
       4084    175.000     8.1114     8.1111   3.634819   3.636932     1.6897      98.60     0.0324 5.1259e-02 1.9438e+01    170.126 287.317015    4.16398    34.9519    34.9748    27.2196    1485.70    1490.07 0.0000e+00
       4105    176.000     8.1115     8.1112   3.634876   3.636989     1.6900      96.80     0.0319 5.1273e-02 1.9111e+01    171.012 287.317026    4.15596    34.9519    34.9748    27.2196    1485.72    1490.04 0.0000e+00
       4126    177.000     8.1114     8.1110   3.634915   3.637019     1.6896      49.76     0.0288 5.1273e-02 1.7513e+01    171.890 287.317036    4.15652    34.9519    34.9748    27.2196    1485.74    1490.02 0.0000e+00
       4148    178.000     8.1108     8.1103   3.634923   3.637016     1.6905      91.45     0.0296 5.1280e-02 1.9444e+01    172.774 287.317046    4.16203    34.9521    34.9750    27.2199    1485.75    1489.99 0.0000e+00
       4169    179.000     8.1105     8.1103   3.634949   3.637068     1.6900      98.57     0.0313 5.1253e-02 1.9438e+01    173.655 287.317056    4.15019    34.9522    34.9751    27.2200    1485.77    1489.97 0.0000e+00
       4190    180.000     8.1110     8.1102   3.635029   3.637110     1.6889      77.39     0.0335 5.1273e-02 1.9438e+01    174.540 287.317066    4.14144    34.9521    34.9752    27.2198    1485.79    1489.95 0.0000e+00
       4211    181.000     8.1110     8.1105   3.635077   3.637175     1.6879      58.11     0.0337 5.1273e-02 1.9438e+01    175.423 287.317077    4.15013    34.9521    34.9751    27.2198    1485.80    1489.92 0.0000e+00
       4232    182.000     8.1108     8.1103   3.635108   3.637210     1.6883      91.85     0.0316 5.1259e-02 1.9438e+01    176.299 287.317087    4.15683    34.9522    34.9752    27.2199    1485.82    1489.90 0.0000e+00
       4253    183.000     8.1104     8.1096   3.635139   3.637209     1.6886      88.89     0.0310 5.1252e-02 1.9438e+01    177.172 287.317097    4.15284    34.9524    34.9754    27.2202    1485.83    1489.88 0.0000e+00
       4274    184.000     8.1107     8.1099   3.635199   3.637270     1.6878      36.23     0.0323 5.1287e-02 1.9438e+01    178.053 287.317107    4.15269    34.9523    34.9752    27.2200    1485.85    1489.86 0.0000e+00
       4295    185.000     8.1113     8.1107   3.635284   3.637367     1.6886      90.03     0.0291 5.1234e-02 1.9438e+01    178.933 287.317117    4.15390    34.9521    34.9750    27.2198    1485.87    1489.83 0.0000e+00
       4317    186.000     8.1109     8.1106   3.635313   3.637406     1.6876      90.34     0.0292 5.1266e-02 1.9438e+01    179.819 287.317128    4.14447    34.9523    34.9750    27.2200    1485.88    1489.81 0.0000e+00
       4338    187.000     8.1111     8.1106   3.635369   3.637459     1.6867      59.32     0.0285 5.1259e-02 1.9438e+01    180.702 287.317138    4.14503    34.9522    34.9751    27.2199    1485.90    1489.79 0.0000e+00
       4359    188.000     8.1112     8.1107   3.635426   3.637505     1.6869      71.75     0.0273 5.1259e-02 1.9434e+01    181.581 287.317148    4.15562    34.9523    34.9750    27.2199    1485.92    1489.77 0.0000e+00
       4380    189.000     8.1116     8.1112   3.635511   3.637590     1.6871      91.76     0.0274 5.1232e-02 1.7672e+01    182.469 287.317158    4.14966    34.9523    34.9750    27.2199    1485.94    1489.75 0.0000e+00
       4401    190.000     8.1107     8.1098   3.635484   3.637546     1.6864      89.11     0.0282 5.1260e-02 1.9465e+01    183.347 287.317168    4.14038    34.9524    34.9754    27.2201    1485.95    1489.73 0.0000e+00
       4422    191.000     8.1097     8.1092   3.635458   3.637546     1.6853      50.18     0.0277 5.1273e-02 -9.990e-29    184.225 287.317179    4.15076    34.9527    34.9755    27.2205    1485.96    1489.71 0.0000e+00
       4444    192.000     8.1080     8.1077   3.635407   3.637494     1.6867      92.67     0.0276 5.1266e-02 -9.990e-29    185.114 287.317189    4.16128    34.9533    34.9760    27.2212    1485.97    1489.69 0.0000e+00
       4465    193.000     8.1076     8.1073   3.635424   3.637513     1.6872      93.46     0.0284 5.1253e-02 -9.990e-29    185.992 287.317199    4.15214    34.9534    34.9761    27.2214    1485.99    1489.67 0.0000e+00
       4486    194.000     8.1071     8.1068   3.635443   3.637528     1.6859      52.04     0.0290 5.1266e-02 -9.990e-29    186.882 287.317209    4.14373    34.9536    34.9763    27.2216    1486.00    1489.65 0.0000e+00
       4508    195.000     8.1065     8.1061   3.635444   3.637528     1.6860      90.85     0.0263 5.1266e-02 1.8789e+01    187.776 287.317220    4.15526    34.9538    34.9765    27.2218    1486.02    1489.64 0.0000e+00
       4529    196.000     8.1062     8.1060   3.635473   3.637574     1.6861      98.52     0.0280 5.1273e-02 1.8057e+01    188.658 287.317230    4.15241    34.9539    34.9766    27.2219    1486.03    1489.62 0.0000e+00
       4550    197.000     8.1068     8.1068   3.635557   3.637689     1.6859      78.33     0.0272 5.1280e-02 1.7491e+01    189.548 287.317240    4.15231    34.9537    34.9765    27.2217    1486.05    1489.60 0.0000e+00
       4572    198.000     8.1074     8.1070   3.635660   3.637741     1.6864      65.05     0.0275 5.1273e-02 1.7494e+01    190.441 287.317250    4.16477    34.9537    34.9764    27.2216    1486.07    1489.58 0.0000e+00
       4593    199.000     8.1088     8.1077   3.635784   3.637829     1.6873      97.49     0.0285 5.1266e-02 1.5844e+01    191.325 287.317261    4.16175    34.9532    34.9762    27.2210    1486.09    1489.56 0.0000e+00
       4614    200.000     8.1065     8.1064   3.635696   3.637781     1.6872      96.40     0.0306 5.1273e-02 1.7490e+01    192.227 287.317271    4.14967    34.9540    34.9765    27.2220    1486.10    1489.55 0.0000e+00
       4636    201.000     8.1062     8.1053   3.635719   3.637768     1.6854      44.78     0.0304 5.1266e-02 1.7494e+01    193.105 287.317281    4.15456    34.9541    34.9769    27.2221    1486.12    1489.53 0.0000e+00
       4657    202.000     8.1059     8.1055   3.635741   3.637824     1.6873      94.37     0.0273 5.1247e-02 1.7494e+01    194.006 287.317292    4.16901    34.9542    34.9769    27.2222    1486.13    1489.51 0.0000e+00
       4679    203.000     8.1020     8.1018   3.635542   3.637631     1.6872      94.60     0.0282 5.1253e-02 1.7494e+01    194.921 287.317302    4.15585    34.9554    34.9780    27.2238    1486.13    1489.50 0.0000e+00
       4701    204.000     8.1001     8.1003   3.635470   3.637596     1.6859      61.42     0.0279 5.1247e-02 1.7494e+01    195.813 287.317313    4.14763    34.9561    34.9786    27.2246    1486.14    1489.48 0.0000e+00
       4722    205.000     8.0999     8.0996   3.635513   3.637595     1.6859      86.36     0.0273 5.1260e-02 1.7494e+01    196.728 287.317323    4.16201    34.9562    34.9788    27.2248    1486.16    1489.46 0.0000e+00
       4744    206.000     8.0995     8.0991   3.635538   3.637620     1.6863      96.15     0.0275 5.1266e-02 1.7494e+01    197.633 287.317334    4.16576    34.9564    34.9791    27.2250    1486.18    1489.45 0.0000e+00
       4765    207.000     8.0997     8.0994   3.635600   3.637678     1.6870      80.63     0.0267 5.1273e-02 1.7494e+01    198.520 287.317344    4.16128    34.9564    34.9790    27.2249    1486.19    1489.43 0.0000e+00
       4787    208.000     8.1000     8.0997   3.635674   3.637751     1.6863      67.84     0.0281 5.1280e-02 1.7494e+01    199.436 287.317355    4.15883    34.9564    34.9790    27.2249    1486.21    1489.42 0.0000e+00
       4809    209.000     8.0999     8.0998   3.635702   3.637795     1.6862      95.94     0.0292 5.1259e-02 1.7494e+01    200.332 287.317365    4.15837    34.9563    34.9788    27.2248    1486.23    1489.40 0.0000e+00
       4831    210.000     8.1005     8.1006   3.635782   3.637896     1.6859      95.75     0.0297 5.1267e-02 1.5224e+01    201.245 287.317376    4.15447    34.9561    34.9787    27.2246    1486.24    1489.39 0.0000e+00
       4853    211.000     8.1010     8.1008   3.635872   3.637970     1.6849      46.62     0.0275 5.1280e-02 1.6913e+01    202.171 287.317386    4.16257    34.9561    34.9788    27.2245    1486.26    1489.37 0.0000e+00
       4875    212.000     8.1019     8.1015   3.635976   3.638042     1.6866      96.43     0.0274 5.1253e-02 1.6223e+01    203.066 287.317397    4.17357    34.9558    34.9784    27.2241    1486.28    1489.36 0.0000e+00
       4897    213.000     8.1018     8.1014   3.636015   3.638091     1.6871      96.10     0.0261 5.1273e-02 1.5694e+01    203.990 287.317407    4.16279    34.9559    34.9785    27.2242    1486.30    1489.34 0.0000e+00
       4918    214.000     8.1018     8.1015   3.636066   3.638153     1.6856      53.95     0.0264 5.1273e-02 1.5550e+01    204.895 287.317418    4.15522    34.9559    34.9786    27.2242    1486.31    1489.33 0.0000e+00
       4940    215.000     8.1020     8.1016   3.636128   3.638207     1.6865      91.57     0.0250 5.1260e-02 1.5550e+01    205.809 287.317428    4.17627    34.9559    34.9786    27.2242    1486.33    1489.31 0.0000e+00
       4963    216.000     8.1021     8.1019   3.636184   3.638264     1.6874      96.01     0.0292 5.1266e-02 1.5550e+01    206.733 287.317439    4.16949    34.9559    34.9784    27.2242    1486.35    1489.30 0.0000e+00
       4984    217.000     8.1019     8.1018   3.636223   3.638304     1.6864      75.53     0.0308 5.1279e-02 1.5550e+01    207.636 287.317449    4.15177    34.9561    34.9784    27.2243    1486.36    1489.29 0.0000e+00
       5007    218.000     8.1019     8.1015   3.636278   3.638344     1.6850      78.55     0.0295 5.1273e-02 1.5550e+01    208.573 287.317460    4.15199    34.9562    34.9787    27.2244    1486.38    1489.27 0.0000e+00
       5029    219.000     8.1023     8.1020   3.636344   3.638429     1.6839      96.10     0.0331 5.1259e-02 1.5550e+01    209.496 287.317471    4.14904    34.9560    34.9786    27.2242    1486.40    1489.26 0.0000e+00
       5051    220.000     8.1025     8.1021   3.636399   3.638478     1.6833      91.40     0.0351 5.1260e-02 1.5238e+01    210.406 287.317482    4.14861    34.9559    34.9786    27.2241    1486.42    1489.25 0.0000e+00
