testdata/CTD/sta0416.cnv
* Sea-Bird SBE 9 Data File:
* FileName = C:\Seabird\CTDData\sta0416.hex
* Software Version Seasave V 7.21f
* Temperature SN = 4557
* Conductivity SN = 1337
* Number of Bytes Per Scan = 40
* Number of Voltage Words = 5
* Number of Scans Averaged by the Deck Unit = 1
* NMEA Latitude = 61 31.29 N
* NMEA Longitude = 005 06.34 E
* NMEA UTC (Time) = Oct 17 2018 00:20:55
* NMEA baud rate = 4800
** Ship: 10 F/F "G. O. Sars"
** Station: 0416
** Echodepth: 269
** Log: 5562.788
** Wind-Dir Force: 18 16
** Air-temp (dry): 11.7
** Weather Sky: 0 0
** Sea Ice: 0 0
# nquan = 20                                
# nvalues = 259                         
# units = specified
# name 0 = scan: Scan Count
# name 1 = prDM: Pressure, Digiquartz [db]
# name 2 = t068C: Temperature [ITS-68, deg C]
# name 3 = t168C: Temperature, 2 [ITS-68, deg C]
# name 4 = c0S/m: Conductivity [S/m]
# name 5 = c1S/m: Conductivity, 2 [S/m]
# name 6 = sbeox0V: Oxygen raw, SBE 43 [V]
# name 7 = altM: Altimeter [m]
# name 8 = flC: Fluorescence, Chelsea Aqua 3 Chl Con [ug/l]
# name 9 = par: PAR/Irradiance, Biospherical/Licor
# name 10 = spar: SPAR/Surface Irradiance
# name 11 = timeS: Time, Elapsed [seconds]
# name 12 = timeJ: Julian Days
# name 13 = sbeox0ML/L: Oxygen, SBE 43 [ml/l], WS = 2
# name 14 = sal00: Salinity, Practical [PSU]
# name 15 = sal11: Salinity, Practical, 2 [PSU]
# name 16 = sigma-t00: Density [sigma-t, Kg/m^3 ]
# name 17 = svCM: Sound Velocity [Chen-Millero, m/s]
# name 18 = avgsvCM: Average Sound Velocity [Chen-Millero, m/s], minP = 1, minS = 5
# name 19 = flag: flag
# span 0 =        630,       6171       
# span 1 =      2.000,    260.000       
# span 2 =     7.7071,    12.8327       
# span 3 =     7.7068,    12.8320       
# span 4 =   3.132968,   3.879690       
# span 5 =   3.134610,   3.881649       
# span 6 =     1.9396,     2.2937       
# span 7 =      15.41,      99.13       
# span 8 =     0.0193,     0.2504       
# span 9 = 5.1218e-02, 1.5180e+00       
# span 10 = 9.9036e-01, 1.9536e+00      
# span 11 =     26.221,    257.088      
# span 12 = 290.014852, 290.017524      
# span 13 =    4.90517,    5.92324      
# span 14 =    26.8277,    35.0201      
# span 15 =    26.8435,    35.0403      
# span 16 =    20.2860,    27.3336      
# span 17 =    1484.29,    1497.98      
# span 18 =    1486.41,    1494.82      
# span 19 = 0.0000e+00, 0.0000e+00      
# interval = decibars: 1                
# start_time = Oct 17 2018 00:20:57 [System UTC, header]
# bad_flag = -9.990e-29
*END*
        630      2.000    11.8035    11.8031   3.132968   3.134610     2.2774      22.16     0.2310 1.5180e+00 1.9438e+00     26.221 290.014852    5.90728    26.8277    26.8435    20.2860    1486.41    1486.41 0.0000e+00
        669      3.000    11.8041    11.8035   3.137521   3.137704     2.2802      96.52     0.2271 1.0582e+00 1.9438e+00     27.818 290.014871    5.92324    26.8700    26.8721    20.3187    1486.48    1486.44 0.0000e+00
        692      4.000    11.8063    11.8063   3.176195   3.179054     2.2811      97.09     0.2306 6.2323e-01 1.9438e+00     28.776 290.014882    5.90688    27.2343    27.2614    20.6005    1486.94    1486.56 0.0000e+00
        713      5.000    11.8000    11.7991   3.200092   3.202023     2.2819      97.13     0.2368 4.0218e-01 1.9438e+00     29.659 290.014892    5.89106    27.4652    27.4842    20.7805    1487.21    1486.69 0.0000e+00
        734      6.000    11.7987    11.7980   3.214582   3.216034     2.2794      97.09     0.2433 2.6703e-01 1.9438e+00     30.543 290.014902    5.87075    27.6033    27.6176    20.8878    1487.39    1486.81 0.0000e+00
        755      7.000    11.8164    11.8163   3.227119   3.229307     2.2789      97.03     0.2495 1.6958e-01 1.9438e+00     31.436 290.014912    5.87664    27.7089    27.7297    20.9665    1487.59    1486.92 0.0000e+00
        777      8.000    11.8415    11.8409   3.242492   3.244271     2.2790      59.64     0.2504 1.2809e-01 1.9438e+00     32.325 290.014923    5.87756    27.8358    27.8532    21.0605    1487.85    1487.03 0.0000e+00
        799      9.000    11.8663    11.8660   3.258151   3.260033     2.2808      97.19     0.2457 8.5571e-02 1.9438e+00     33.233 290.014933    5.87949    27.9656    27.9837    21.1567    1488.10    1487.15 0.0000e+00
        820     10.000    11.8916    11.8920   3.271528   3.273877     2.2820      97.05     0.2441 5.9418e-02 -9.990e-29     34.138 290.014944    5.87283    28.0733    28.0953    21.2357    1488.34    1487.27 0.0000e+00
        842     11.000    11.9375    11.9389   3.294178   3.297523     2.2825      72.21     0.2458 5.1535e-02 -9.990e-29     35.043 290.014954    5.85569    28.2533    28.2840    21.3671    1488.73    1487.40 0.0000e+00
        864     12.000    12.2292    12.2143   3.410158   3.409034     2.2821      91.78     0.2423 5.1276e-02 -9.990e-29     35.956 290.014965    5.78727    29.1288    29.1297    21.9929    1490.80    1487.69 0.0000e+00
        886     13.000    12.5468    12.5451   3.522839   3.524910     2.2829      97.03     0.1976 5.1266e-02 -9.990e-29     36.873 290.014975    5.74787    29.9435    29.9644    22.5653    1492.87    1488.08 0.0000e+00
        908     14.000    12.5583    12.5573   3.568501   3.570468     2.2904      80.86     0.1498 5.1267e-02 1.9438e+00     37.801 290.014986    5.76894    30.3650    30.3844    22.8894    1493.43    1488.46 0.0000e+00
        930     15.000    12.4929    12.4926   3.578537   3.580707     2.2937      78.00     0.1281 5.1273e-02 1.9438e+00     38.727 290.014997    5.71448    30.5124    30.5332    23.0158    1493.40    1488.79 0.0000e+00
        952     16.000    12.4246    12.4247   3.582376   3.584350     2.2825      96.79     0.1220 5.1273e-02 1.9438e+00     39.617 290.015007    5.61968    30.6039    30.6226    23.0994    1493.29    1489.07 0.0000e+00
        973     17.000    12.4023    12.4025   3.590233   3.592439     2.2686      96.79     0.1191 5.1266e-02 1.9438e+00     40.500 290.015017    5.57909    30.6963    30.7171    23.1752    1493.34    1489.32 0.0000e+00
        994     18.000    12.4100    12.4097   3.602629   3.605297     2.2577      61.00     0.1162 5.1253e-02 1.9438e+00     41.393 290.015028    5.58786    30.8074    30.8330    23.2597    1493.51    1489.55 0.0000e+00
       1016     19.000    12.4864    12.4850   3.665263   3.668014     2.2570      96.34     0.1122 5.1273e-02 -9.990e-29     42.286 290.015038    5.59871    31.3390    31.3663    23.6572    1494.42    1489.81 0.0000e+00
       1037     20.000    12.6135    12.6108   3.711655   3.713593     2.2571      96.66     0.0987 5.1273e-02 -9.990e-29     43.187 290.015048    5.57891    31.6728    31.6935    23.8917    1495.27    1490.08 0.0000e+00
       1059     21.000    12.5366    12.5357   3.711240   3.713126     2.2595      68.39     0.0905 5.1273e-02 -9.990e-29     44.095 290.015059    5.59962    31.7332    31.7519    23.9531    1495.10    1490.32 0.0000e+00
       1081     22.000    12.5214    12.5213   3.710659   3.712607     2.2597      93.19     0.0884 5.1253e-02 -9.990e-29     44.990 290.015069    5.56338    31.7401    31.7587    23.9613    1495.07    1490.54 0.0000e+00
       1102     23.000    12.5129    12.5129   3.711328   3.713168     2.2516      96.59     0.0846 5.1273e-02 1.9438e+00     45.887 290.015080    5.51117    31.7533    31.7708    23.9731    1495.07    1490.73 0.0000e+00
       1124     24.000    12.4874    12.4872   3.711121   3.713027     2.2445      82.44     0.0862 5.1273e-02 1.9438e+00     46.775 290.015090    5.51262    31.7724    31.7907    23.9928    1495.02    1490.91 0.0000e+00
       1145     25.000    12.4767    12.4763   3.711890   3.713801     2.2420      75.12     0.0885 5.1266e-02 1.9438e+00     47.669 290.015100    5.53097    31.7884    31.8069    24.0072    1495.02    1491.07 0.0000e+00
       1167     26.000    12.4744    12.4743   3.713950   3.715865     2.2413      96.91     0.0880 5.1253e-02 1.9438e+00     48.574 290.015111    5.53206    31.8096    31.8279    24.0240    1495.06    1491.23 0.0000e+00
       1188     27.000    12.4740    12.4739   3.715300   3.717241     2.2407      96.61     0.0879 5.1273e-02 1.9438e+00     49.464 290.015121    5.53329    31.8224    31.8409    24.0340    1495.09    1491.37 0.0000e+00
       1210     28.000    12.4946    12.4939   3.721721   3.723589     2.2407      67.58     0.0857 5.1266e-02 1.9438e+00     50.356 290.015131    5.54853    31.8657    31.8841    24.0637    1495.23    1491.51 0.0000e+00
       1231     29.000    12.5723    12.5723   3.733210   3.735360     2.2448      96.08     0.0822 5.1273e-02 1.9378e+00     51.249 290.015142    5.56049    31.9088    31.9292    24.0823    1495.56    1491.65 0.0000e+00
       1252     30.000    12.5867    12.5858   3.740223   3.742123     2.2477      95.98     0.0769 5.1267e-02 9.9036e-01     52.134 290.015152    5.55476    31.9629    31.9817    24.1214    1495.69    1491.78 0.0000e+00
       1274     31.000    12.6354    12.6361   3.750269   3.752594     2.2481      70.42     0.0761 5.1280e-02 1.9015e+00     53.033 290.015162    5.52463    32.0166    32.0381    24.1537    1495.93    1491.91 0.0000e+00
       1295     32.000    12.6095    12.6091   3.753852   3.755726     2.2444      88.79     0.0732 5.1252e-02 1.1333e+00     53.929 290.015173    5.49908    32.0723    32.0904    24.2018    1495.93    1492.04 0.0000e+00
       1317     33.000    12.5936    12.5943   3.758402   3.760579     2.2403      95.79     0.0729 5.1260e-02 1.9536e+00     54.823 290.015183    5.48404    32.1287    32.1488    24.2486    1495.96    1492.16 0.0000e+00
       1338     34.000    12.6376    12.6371   3.767351   3.769219     2.2353      85.37     0.0697 5.1266e-02 1.9438e+00     55.724 290.015194    5.45785    32.1758    32.1940    24.2767    1496.18    1492.28 0.0000e+00
       1360     35.000    12.6464    12.6457   3.769081   3.770967     2.2309      73.29     0.0682 5.1273e-02 1.9438e+00     56.621 290.015204    5.45415    32.1844    32.2029    24.2816    1496.23    1492.39 0.0000e+00
       1381     36.000    12.6677    12.6667   3.774023   3.775883     2.2282      94.85     0.0642 5.1260e-02 1.9438e+00     57.520 290.015214    5.44599    32.2127    32.2313    24.2995    1496.36    1492.50 0.0000e+00
       1403     37.000    12.6853    12.6862   3.779131   3.781416     2.2253      98.12     0.0593 5.1259e-02 1.9438e+00     58.415 290.015225    5.42967    32.2458    32.2667    24.3217    1496.47    1492.61 0.0000e+00
       1424     38.000    12.6321    12.6323   3.777632   3.779527     2.2206      66.60     0.0597 5.1266e-02 1.9438e+00     59.306 290.015235    5.41431    32.2767    32.2945    24.3558    1496.34    1492.70 0.0000e+00
       1446     39.000    12.5754    12.5748   3.779060   3.780997     2.2169      98.67     0.0606 5.1266e-02 1.9438e+00     60.206 290.015245    5.40361    32.3385    32.3575    24.4146    1496.24    1492.79 0.0000e+00
       1467     40.000    12.6826    12.6827   3.797828   3.800035     2.2100      98.74     0.0595 5.1260e-02 1.9438e+00     61.101 290.015256    5.35652    32.4246    32.4455    24.4607    1496.72    1492.89 0.0000e+00
       1489     41.000    12.7686    12.7702   3.815216   3.817644     2.2046      75.65     0.0566 5.1266e-02 1.9438e+00     61.983 290.015266    5.36014    32.5153    32.5370    24.5144    1497.14    1493.00 0.0000e+00
       1510     42.000    12.8327    12.8320   3.823628   3.825518     2.2065      88.67     0.0542 5.1266e-02 1.9438e+00     62.860 290.015276    5.38230    32.5395    32.5580    24.5206    1497.40    1493.10 0.0000e+00
       1531     43.000    12.7705    12.7698   3.818457   3.820156     2.2073      98.69     0.0508 5.1266e-02 -9.990e-29     63.746 290.015286    5.36347    32.5436    32.5604    24.5359    1497.21    1493.20 0.0000e+00
       1553     44.000    12.6890    12.6888   3.813806   3.815753     2.2013      98.76     0.0496 5.1273e-02 -9.990e-29     64.646 290.015297    5.31384    32.5694    32.5880    24.5716    1496.98    1493.28 0.0000e+00
       1574     45.000    12.7169    12.7152   3.819588   3.821538     2.1911      98.72     0.0507 5.1254e-02 -9.990e-29     65.552 290.015307    5.27226    32.5998    32.6198    24.5898    1497.13    1493.37 0.0000e+00
       1596     46.000    12.7437    12.7433   3.825373   3.827367     2.1830      98.10     0.0540 5.1273e-02 1.9438e+00     66.454 290.015318    5.26590    32.6312    32.6505    24.6090    1497.27    1493.45 0.0000e+00
       1618     47.000    12.7594    12.7587   3.832209   3.834233     2.1797      98.08     0.0526 5.1273e-02 1.9438e+00     67.361 290.015328    5.28476    32.6822    32.7020    24.6454    1497.40    1493.54 0.0000e+00
       1639     48.000    12.7920    12.7913   3.840987   3.842973     2.1804      71.97     0.0498 5.1266e-02 1.9438e+00     68.252 290.015339    5.29858    32.7369    32.7564    24.6814    1497.60    1493.62 0.0000e+00
       1660     49.000    12.7333    12.7307   3.838350   3.839952     2.1821      99.13     0.0467 5.1266e-02 1.9438e+00     69.133 290.015349    5.29553    32.7624    32.7799    24.7125    1497.44    1493.70 0.0000e+00
       1682     50.000    12.6489    12.6486   3.834597   3.836369     2.1788      98.78     0.0457 5.1273e-02 1.9438e+00     70.022 290.015359    5.26622    32.7996    32.8167    24.7577    1497.22    1493.77 0.0000e+00
       1703     51.000    12.5519    12.5513   3.825493   3.827316     2.1720      84.80     0.0496 5.1246e-02 1.9438e+00     70.916 290.015369    5.24455    32.7968    32.8148    24.7743    1496.91    1493.83 0.0000e+00
       1725     52.000    12.5716    12.5724   3.829833   3.831974     2.1663      88.45     0.0481 5.1253e-02 -9.990e-29     71.814 290.015380    5.23038    32.8207    32.8404    24.7890    1497.02    1493.89 0.0000e+00
       1746     53.000    12.6436    12.6440   3.841212   3.843525     2.1608      97.80     0.0481 5.1273e-02 -9.990e-29     72.718 290.015390    5.22822    32.8660    32.8877    24.8102    1497.33    1493.95 0.0000e+00
       1768     54.000    12.7007    12.6991   3.853402   3.855249     2.1623      92.90     0.0470 5.1259e-02 -9.990e-29     73.614 290.015401    5.26108    32.9319    32.9509    24.8502    1497.62    1494.02 0.0000e+00
       1789     55.000    12.7716    12.7697   3.869407   3.871460     2.1670      69.69     0.0445 5.1259e-02 -9.990e-29     74.511 290.015411    5.27398    33.0219    33.0431    24.9061    1497.98    1494.09 0.0000e+00
       1811     56.000    12.6326    12.6313   3.859029   3.860348     2.1697      95.43     0.0395 5.1273e-02 1.9438e+00     75.405 290.015421    5.25718    33.0443    33.0581    24.9505    1497.56    1494.16 0.0000e+00
       1832     57.000    12.5036    12.5073   3.850289   3.853045     2.1644      95.35     0.0406 5.1239e-02 1.9438e+00     76.297 290.015432    5.20115    33.0737    33.0968    24.9982    1497.17    1494.21 0.0000e+00
       1854     58.000    12.6834    12.6846   3.876571   3.878926     2.1508      69.86     0.0413 5.1260e-02 1.9438e+00     77.197 290.015442    5.13001    33.1662    33.1876    25.0351    1497.90    1494.27 0.0000e+00
       1875     59.000    12.6451    12.6449   3.879690   3.881649     2.1456      98.76     0.0407 5.1245e-02 1.9438e+00     78.093 290.015452    5.17844    33.2293    33.2482    25.0914    1497.87    1494.33 0.0000e+00
       1897     60.000    12.5442    12.5433   3.876551   3.878361     2.1469      98.78     0.0382 5.1273e-02 1.9438e+00     78.984 290.015463    5.18519    33.2880    33.3061    25.1565    1497.61    1494.39 0.0000e+00
       1918     61.000    12.4944    12.4941   3.876989   3.878888     2.1409      84.74     0.0382 5.1266e-02 1.9438e+00     79.876 290.015473    5.13009    33.3359    33.3544    25.2032    1497.52    1494.44 0.0000e+00
       1939     62.000    12.4293    12.4285   3.875027   3.876872     2.1320      85.64     0.0383 5.1266e-02 1.9438e+00     80.770 290.015483    5.10909    33.3745    33.3929    25.2457    1497.36    1494.49 0.0000e+00
       1961     63.000    12.4076    12.4070   3.875881   3.877751     2.1247      98.56     0.0368 5.1266e-02 1.9438e+00     81.670 290.015494    5.09361    33.4015    33.4200    25.2708    1497.33    1494.53 0.0000e+00
       1983     64.000    12.3310    12.3302   3.874940   3.876692     2.1180      97.55     0.0373 5.1259e-02 1.9438e+00     82.575 290.015504    5.08096    33.4603    33.4779    25.3311    1497.16    1494.57 0.0000e+00
       2004     65.000    12.3059    12.3055   3.874487   3.876331     2.1113      74.50     0.0378 5.1273e-02 1.9438e+00     83.471 290.015515    5.07334    33.4780    33.4961    25.3496    1497.11    1494.61 0.0000e+00
       2026     66.000    12.2719    12.2709   3.875983   3.877819     2.1071      98.67     0.0347 5.1273e-02 -9.990e-29     84.370 290.015525    5.06195    33.5224    33.5410    25.3905    1497.07    1494.65 0.0000e+00
       2047     67.000    12.1721    12.1713   3.870639   3.872371     2.1007      98.81     0.0340 5.1273e-02 -9.990e-29     85.266 290.015535    5.03729    33.5598    33.5772    25.4386    1496.79    1494.68 0.0000e+00
       2069     68.000    12.1116    12.1107   3.866881   3.868611     2.0928      79.56     0.0341 5.1240e-02 -9.990e-29     86.157 290.015546    5.02934    33.5773    33.5949    25.4637    1496.62    1494.71 0.0000e+00
       2090     69.000    12.0703    12.0696   3.864125   3.865898     2.0894      97.63     0.0323 5.1253e-02 -9.990e-29     87.057 290.015556    5.03964    33.5874    33.6052    25.4793    1496.51    1494.73 0.0000e+00
       2112     70.000    12.0249    12.0241   3.862127   3.863900     2.0853      98.02     0.0332 5.1267e-02 1.9438e+00     87.946 290.015567    5.01966    33.6084    33.6264    25.5042    1496.39    1494.76 0.0000e+00
       2133     71.000    11.9482    11.9460   3.859547   3.861166     2.0792      89.16     0.0339 5.1253e-02 1.9438e+00     88.848 290.015577    5.00732    33.6521    33.6699    25.5526    1496.20    1494.78 0.0000e+00
       2155     72.000    11.8031    11.8010   3.852474   3.854154     2.0755      88.48     0.0312 5.1259e-02 1.9438e+00     89.750 290.015587    5.02698    33.7141    33.7324    25.6279    1495.79    1494.79 0.0000e+00
       2177     73.000    11.7284    11.7272   3.848191   3.849758     2.0729      98.48     0.0294 5.1266e-02 1.9438e+00     90.646 290.015598    5.01704    33.7397    33.7561    25.6617    1495.58    1494.80 0.0000e+00
