testdata/CTD/sta0424.cnv
* Sea-Bird SBE 9 Data File:
* FileName = C:\Seabird\CTDData\sta0424.hex
* Software Version Seasave V 7.21f
* Temperature SN = 4557
* Conductivity SN = 1337
* Number of Bytes Per Scan = 40
* Number of Voltage Words = 5
* Number of Scans Averaged by the Deck Unit = 1
* NMEA Latitude = 61 29.08 N
* NMEA Longitude = 005 25.63 E
* NMEA UTC (Time) = Oct 19 2018 14:40:30
* NMEA baud rate = 4800
** Ship: 10 F/F "G. O. Sars"
** Station: 0424
** Echodepth: 312
** Log: 5680.297
** Wind-Dir Force: 14 11
** Air-temp (dry): 11.1
** Weather Sky: 0 0
** Sea Ice: 0 0
# nquan = 20                                
# nvalues = 304                         
# units = specified
# name 0 = scan: Scan Count
# name 1 = prDM: Pressure, Digiquartz [db]
# name 2 = t068C: Temperature [ITS-68, deg C]
# name 3 = t168C: Temperature, 2 [ITS-68, deg C]
# name 4 = c0S/m: Conductivity [S/m]
# name 5 = c1S/m: Conductivity, 2 [S/m]
# name 6 = sbeox0V: Oxygen raw, SBE 43 [V]
# name 7 = altM: Altimeter [m]
# name 8 = flC: Fluorescence, Chelsea Aqua 3 Chl Con [ug/l]
# name 9 = par: PAR/Irradiance, Biospherical/Licor
# name 10 = spar: SPAR/Surface Irradiance
# name 11 = timeS: Time, Elapsed [seconds]
# name 12 = timeJ: Julian Days
# name 13 = sbeox0ML/L: Oxygen, SBE 43 [ml/l], WS = 2
# name 14 = sal00: Salinity, Practical [PSU]
# name 15 = sal11: Salinity, Practical, 2 [PSU]
# name 16 = sigma-t00: Density [sigma-t, Kg/m^3 ]
# name 17 = svCM: Sound Velocity [Chen-Millero, m/s]
# name 18 = avgsvCM: Average Sound Velocity [Chen-Millero, m/s], minP = 1, minS = 5
# name 19 = flag: flag
# span 0 =        680,       7185       
# span 1 =      2.000,    305.000       
# span 2 =     7.6925,    13.8834       
# span 3 =     7.6926,    13.8849       
# span 4 =   2.897039,   3.860858       
# span 5 =   2.879739,   3.862990       
# span 6 =     1.8178,     2.2654       
# span 7 =      12.25,      99.99       
# span 8 =     0.0152,     0.1980       
# span 9 = 5.1240e-02, 8.7728e+00       
# span 10 = 3.4227e+01, 4.6894e+01      
# span 11 =     28.277,    299.353      
# span 12 = 292.611809, 292.614946      
# span 13 =    4.50901,    5.90180      
# span 14 =    24.5059,    35.0632      
# span 15 =    24.3757,    35.0853      
# span 16 =    18.4622,    27.3695      
# span 17 =    1484.19,    1499.36      
# span 18 =    1484.19,    1496.44      
# span 19 = 0.0000e+00, 0.0000e+00      
# interval = decibars: 1                
# start_time = Oct 19 2018 14:40:32 [System UTC, header]
# bad_flag = -9.990e-29
*END*
[from data line 145]
       3795    147.000     7.8975     7.8973   3.602457   3.604567     1.8858      98.07     0.0287 5.1266e-02 4.2763e+01    158.072 292.613311    4.90042    34.8312    34.8541    27.1569    1484.29    1492.32 0.0000e+00
       3816    148.000     7.8884     7.8883   3.602094   3.604220     1.8886      98.78     0.0293 5.1259e-02 4.2763e+01    158.954 292.613321    4.89508    34.8358    34.8588    27.1619    1484.27    1492.26 0.0000e+00
       3837    149.000     7.8846     7.8846   3.602005   3.604122     1.8901      63.77     0.0305 5.1280e-02 3.9176e+01    159.835 292.613331    4.90397    34.8382    34.8610    27.1643    1484.28    1492.21 0.0000e+00
       3858    150.000     7.8817     7.8817   3.601874   3.603996     1.8940      68.83     0.0265 5.1273e-02 4.2776e+01    160.712 292.613342    4.93998    34.8392    34.8620    27.1655    1484.29    1492.16 0.0000e+00
       3879    151.000     7.8778     7.8777   3.601759   3.603899     1.8985      99.07     0.0252 5.1266e-02 4.2763e+01    161.591 292.613352    4.94816    34.8413    34.8645    27.1678    1484.29    1492.10 0.0000e+00
       3900    152.000     7.8746     7.8745   3.601696   3.603830     1.9014      97.18     0.0263 5.1252e-02 4.2763e+01    162.467 292.613362    4.94723    34.8434    34.8664    27.1699    1484.30    1492.05 0.0000e+00
       3921    153.000     7.8734     7.8734   3.601676   3.603815     1.9034      27.98     0.0258 5.1294e-02 4.2763e+01    163.346 292.613372    4.96160    34.8439    34.8669    27.1704    1484.31    1492.00 0.0000e+00
       3942    154.000     7.8656     7.8656   3.601459   3.603586     1.9072      98.45     0.0263 5.1253e-02 4.2763e+01    164.227 292.613382    4.97373    34.8488    34.8717    27.1755    1484.30    1491.95 0.0000e+00
       3964    155.000     7.8584     7.8583   3.601382   3.603515     1.9092      98.51     0.0296 5.1273e-02 4.2763e+01    165.108 292.613393    4.97416    34.8547    34.8778    27.1812    1484.30    1491.90 0.0000e+00
       3985    156.000     7.8503     7.8503   3.601420   3.603544     1.9109      42.72     0.0267 5.1287e-02 4.2763e+01    165.989 292.613403    4.98480    34.8627    34.8856    27.1886    1484.30    1491.85 0.0000e+00
       4006    157.000     7.8467     7.8466   3.601702   3.603852     1.9140      82.51     0.0250 5.1273e-02 4.2763e+01    166.878 292.613413    5.00421    34.8688    34.8921    27.1940    1484.31    1491.80 0.0000e+00
       4027    158.000     7.8459     7.8458   3.601978   3.604104     1.9166      99.01     0.0238 5.1273e-02 4.2763e+01    167.761 292.613423    5.00639    34.8721    34.8951    27.1967    1484.32    1491.76 0.0000e+00
       4049    159.000     7.8441     7.8441   3.602228   3.604364     1.9185      78.63     0.0248 5.1266e-02 4.2763e+01    168.647 292.613433    5.01490    34.8761    34.8991    27.2001    1484.34    1491.71 0.0000e+00
       4070    160.000     7.8426     7.8427   3.602337   3.604463     1.9218      51.17     0.0249 5.1300e-02 3.9255e+01    169.533 292.613444    5.04456    34.8783    34.9011    27.2021    1484.35    1491.66 0.0000e+00
       4091    161.000     7.8415     7.8415   3.602461   3.604596     1.9262      98.56     0.0266 5.1266e-02 4.2342e+01    170.412 292.613454    5.06432    34.8802    34.9033    27.2038    1484.37    1491.62 0.0000e+00
       4112    162.000     7.8403     7.8404   3.602749   3.604892     1.9307      98.80     0.0261 5.1280e-02 4.2766e+01    171.297 292.613464    5.06867    34.8841    34.9071    27.2069    1484.38    1491.57 0.0000e+00
       4133    163.000     7.8426     7.8427   3.603338   3.605485     1.9324      26.93     0.0238 5.1280e-02 4.2763e+01    172.179 292.613474    5.06681    34.8876    34.9107    27.2094    1484.41    1491.53 0.0000e+00
       4154    164.000     7.8415     7.8414   3.603516   3.605643     1.9355      99.49     0.0247 5.1266e-02 4.2763e+01    173.057 292.613484    5.08261    34.8902    34.9132    27.2115    1484.43    1491.49 0.0000e+00
       4176    165.000     7.8425     7.8425   3.603885   3.606014     1.9378      98.80     0.0251 5.1273e-02 4.2763e+01    173.941 292.613495    5.07887    34.8926    34.9156    27.2134    1484.45    1491.44 0.0000e+00
       4197    166.000     7.8390     7.8390   3.603846   3.605972     1.9383      59.03     0.0252 5.1293e-02 4.2758e+01    174.818 292.613505    5.07408    34.8952    34.9182    27.2159    1484.46    1491.40 0.0000e+00
       4218    167.000     7.8373     7.8373   3.604037   3.606165     1.9398      64.58     0.0253 5.1294e-02 4.2676e+01    175.697 292.613515    5.09192    34.8985    34.9215    27.2187    1484.47    1491.36 0.0000e+00
       4239    168.000     7.8399     7.8400   3.604747   3.606883     1.9413      63.53     0.0296 5.1267e-02 4.2762e+01    176.573 292.613525    5.08694    34.9031    34.9260    27.2219    1484.50    1491.32 0.0000e+00
       4260    169.000     7.8411     7.8411   3.605247   3.607366     1.9420      39.17     0.0294 5.1321e-02 4.2584e+01    177.447 292.613535    5.09695    34.9068    34.9296    27.2247    1484.53    1491.28 0.0000e+00
       4281    170.000     7.8407     7.8406   3.605454   3.607590     1.9442      98.65     0.0254 5.1266e-02 3.7329e+01    178.331 292.613545    5.10454    34.9089    34.9320    27.2264    1484.55    1491.24 0.0000e+00
       4302    171.000     7.8418     7.8418   3.605795   3.607926     1.9450      98.80     0.0241 5.1273e-02 4.2411e+01    179.212 292.613556    5.10238    34.9110    34.9340    27.2279    1484.57    1491.20 0.0000e+00
       4323    172.000     7.8444     7.8445   3.606332   3.608464     1.9461      98.80     0.0228 5.1266e-02 4.2651e+01    180.092 292.613566    5.09860    34.9137    34.9366    27.2296    1484.60    1491.16 0.0000e+00
       4344    173.000     7.8481     7.8482   3.607083   3.609216     1.9450      28.11     0.0214 5.1312e-02 4.2318e+01    180.977 292.613576    5.09295    34.9176    34.9405    27.2322    1484.63    1491.12 0.0000e+00
       4366    174.000     7.8561     7.8563   3.608383   3.610539     1.9463      97.75     0.0246 5.1260e-02 4.1963e+01    181.859 292.613586    5.10828    34.9231    34.9462    27.2353    1484.69    1491.09 0.0000e+00
       4387    175.000     7.8571     7.8571   3.608687   3.610814     1.9471      98.80     0.0251 5.1273e-02 4.1924e+01    182.743 292.613597    5.11289    34.9249    34.9479    27.2366    1484.71    1491.05 0.0000e+00
       4408    176.000     7.8592     7.8592   3.609133   3.611277     1.9485      98.80     0.0269 5.1280e-02 4.0821e+01    183.629 292.613607    5.11774    34.9272    34.9503    27.2380    1484.74    1491.01 0.0000e+00
       4429    177.000     7.8622     7.8623   3.609697   3.611829     1.9494      98.80     0.0253 5.1266e-02 4.0819e+01    184.510 292.613617    5.11661    34.9297    34.9526    27.2396    1484.77    1490.98 0.0000e+00
       4450    178.000     7.8660     7.8661   3.610417   3.612544     1.9498      98.80     0.0253 5.1273e-02 4.0819e+01    185.394 292.613627    5.11245    34.9332    34.9560    27.2418    1484.80    1490.94 0.0000e+00
       4472    179.000     7.8682     7.8683   3.610960   3.613089     1.9496      98.80     0.0264 5.1273e-02 4.0819e+01    186.272 292.613637    5.10460    34.9364    34.9592    27.2439    1484.83    1490.91 0.0000e+00
       4493    180.000     7.8719     7.8719   3.611745   3.613864     1.9486      98.80     0.0249 5.1280e-02 4.0819e+01    187.148 292.613648    5.09611    34.9407    34.9635    27.2467    1484.87    1490.87 0.0000e+00
       4514    181.000     7.8761     7.8762   3.612550   3.614679     1.9474      98.80     0.0246 5.1266e-02 4.0819e+01    188.028 292.613658    5.09665    34.9446    34.9675    27.2492    1484.91    1490.84 0.0000e+00
       4535    182.000     7.8807     7.8809   3.613447   3.615585     1.9475      98.80     0.0289 5.1266e-02 4.0818e+01    188.907 292.613668    5.10463    34.9492    34.9720    27.2521    1484.95    1490.81 0.0000e+00
       4556    183.000     7.8840     7.8842   3.614137   3.616262     1.9474      98.80     0.0305 5.1273e-02 3.7967e+01    189.788 292.613678    5.10222    34.9529    34.9755    27.2545    1484.98    1490.78 0.0000e+00
       4577    184.000     7.8881     7.8881   3.615044   3.617190     1.9475      98.80     0.0273 5.1273e-02 4.0838e+01    190.672 292.613688    5.09703    34.9580    34.9811    27.2580    1485.02    1490.75 0.0000e+00
       4598    185.000     7.8941     7.8942   3.616145   3.618276     1.9460      70.44     0.0233 5.1280e-02 4.0819e+01    191.548 292.613698    5.09043    34.9634    34.9862    27.2613    1485.06    1490.72 0.0000e+00
       4619    186.000     7.8987     7.8990   3.616957   3.619128     1.9465      57.03     0.0213 5.1273e-02 4.0819e+01    192.422 292.613709    5.11063    34.9671    34.9901    27.2635    1485.10    1490.68 0.0000e+00
       4640    187.000     7.9097     7.9099   3.618724   3.620863     1.9477      99.01     0.0221 5.1266e-02 4.0819e+01    193.296 292.613719    5.10763    34.9746    34.9974    27.2677    1485.17    1490.66 0.0000e+00
       4661    188.000     7.9110     7.9112   3.619301   3.621423     1.9478      98.79     0.0221 5.1273e-02 4.0819e+01    194.164 292.613729    5.10029    34.9790    35.0016    27.2710    1485.20    1490.63 0.0000e+00
       4682    189.000     7.9111     7.9113   3.619493   3.621616     1.9468      23.47     0.0213 5.1308e-02 4.0819e+01    195.048 292.613739    5.10015    34.9805    35.0031    27.2722    1485.21    1490.60 0.0000e+00
       4703    190.000     7.9091     7.9092   3.619520   3.621628     1.9478      99.99     0.0178 5.1273e-02 4.0819e+01    195.929 292.613749    5.11058    34.9823    35.0049    27.2739    1485.23    1490.57 0.0000e+00
       4724    191.000     7.9113     7.9115   3.620264   3.622397     1.9480      98.80     0.0165 5.1266e-02 4.0819e+01    196.811 292.613759    5.10553    34.9876    35.0104    27.2777    1485.26    1490.54 0.0000e+00
       4746    192.000     7.9147     7.9149   3.620876   3.623028     1.9476      51.72     0.0174 5.1308e-02 4.0819e+01    197.715 292.613770    5.10471    34.9903    35.0133    27.2794    1485.29    1490.51 0.0000e+00
       4768    193.000     7.9196     7.9198   3.621690   3.623818     1.9486      73.37     0.0215 5.1280e-02 4.0819e+01    198.605 292.613780    5.12754    34.9937    35.0164    27.2813    1485.33    1490.49 0.0000e+00
       4789    194.000     7.9216     7.9216   3.622149   3.624251     1.9511      98.82     0.0218 5.1273e-02 3.8658e+01    199.501 292.613791    5.13642    34.9961    35.0188    27.2829    1485.36    1490.46 0.0000e+00
       4810    195.000     7.9080     7.9074   3.620788   3.622789     1.9524      86.11     0.0226 5.1273e-02 4.0858e+01    200.391 292.613801    5.12733    34.9946    35.0167    27.2837    1485.32    1490.43 0.0000e+00
       4831    196.000     7.9038     7.9043   3.620658   3.622821     1.9522      41.34     0.0222 5.1293e-02 4.0819e+01    201.271 292.613811    5.12976    34.9969    35.0197    27.2862    1485.32    1490.41 0.0000e+00
       4853    197.000     7.9185     7.9179   3.622632   3.624665     1.9528      99.16     0.0229 5.1273e-02 4.0819e+01    202.172 292.613821    5.12775    35.0030    35.0255    27.2887    1485.40    1490.38 0.0000e+00
       4875    198.000     7.9095     7.9094   3.622284   3.624366     1.9531      98.80     0.0216 5.1273e-02 4.0819e+01    203.063 292.613832    5.13460    35.0078    35.0303    27.2938    1485.39    1490.36 0.0000e+00
       4896    199.000     7.9090     7.9091   3.622708   3.624813     1.9538      32.34     0.0215 5.1293e-02 4.0819e+01    203.942 292.613842    5.14536    35.0123    35.0349    27.2975    1485.41    1490.33 0.0000e+00
       4917    200.000     7.9069     7.9069   3.622705   3.624809     1.9563      97.28     0.0179 5.1273e-02 4.0819e+01    204.832 292.613852    5.16427    35.0139    35.0366    27.2991    1485.42    1490.31 0.0000e+00
       4938    201.000     7.9045     7.9046   3.622697   3.624789     1.9582      98.79     0.0185 5.1266e-02 4.0819e+01    205.705 292.613862    5.16153    35.0157    35.0382    27.3009    1485.43    1490.28 0.0000e+00
       4959    202.000     7.9012     7.9013   3.622663   3.624766     1.9587      67.63     0.0207 5.1273e-02 4.0819e+01    206.592 292.613873    5.15541    35.0182    35.0407    27.3033    1485.44    1490.26 0.0000e+00
       4981    203.000     7.8990     7.8992   3.622666   3.624763     1.9594      66.96     0.0228 5.1273e-02 4.0819e+01    207.498 292.613883    5.17271    35.0199    35.0423    27.3050    1485.45    1490.24 0.0000e+00
       5002    204.000     7.8951     7.8951   3.622510   3.624596     1.9619      99.19     0.0184 5.1273e-02 4.0819e+01    208.386 292.613893    5.18795    35.0217    35.0441    27.3069    1485.45    1490.21 0.0000e+00
       5024    205.000     7.8867     7.8867   3.622213   3.624279     1.9640      96.61     0.0192 5.1273e-02 3.7651e+01    209.288 292.613904    5.18444    35.0264    35.0487    27.3119    1485.44    1490.19 0.0000e+00
       5045    206.000     7.8814     7.8816   3.621848   3.623948     1.9642      35.28     0.0210 5.1287e-02 4.0883e+01    210.185 292.613914    5.19224    35.0273    35.0497    27.3134    1485.44    1490.17 0.0000e+00
       5067    207.000     7.8843     7.8845   3.622369   3.624473     1.9671      99.92     0.0223 5.1273e-02 4.0819e+01    211.079 292.613925    5.20869    35.0295    35.0520    27.3147    1485.47    1490.14 0.0000e+00
       5089    208.000     7.8807     7.8808   3.622221   3.624300     1.9687      98.79     0.0219 5.1267e-02 4.0819e+01    212.007 292.613935    5.20303    35.0310    35.0533    27.3164    1485.47    1490.12 0.0000e+00
       5111    209.000     7.8709     7.8710   3.621270   3.623344     1.9691      42.48     0.0196 5.1280e-02 4.0819e+01    212.913 292.613946    5.21184    35.0301    35.0524    27.3172    1485.45    1490.10 0.0000e+00
       5133    210.000     7.8664     7.8665   3.620903   3.622979     1.9718      94.25     0.0190 5.1267e-02 4.0819e+01    213.833 292.613956    5.22927    35.0302    35.0525    27.3179    1485.45    1490.08 0.0000e+00
       5155    211.000     7.8709     7.8714   3.621636   3.623771     1.9734      98.74     0.0226 5.1273e-02 4.0819e+01    214.759 292.613967    5.22773    35.0331    35.0556    27.3195    1485.49    1490.05 0.0000e+00
       5177    212.000     7.8719     7.8719   3.621873   3.623956     1.9748      59.28     0.0223 5.1279e-02 4.0819e+01    215.673 292.613978    5.23405    35.0342    35.0566    27.3202    1485.51    1490.03 0.0000e+00
       5200    213.000     7.8637     7.8636   3.621263   3.623331     1.9767      75.73     0.0204 5.1279e-02 4.0819e+01    216.618 292.613989    5.24089    35.0353    35.0577    27.3223    1485.50    1490.01 0.0000e+00
       5222    214.000     7.8530     7.8530   3.620748   3.622821     1.9773      98.77     0.0229 5.1273e-02 4.0819e+01    217.541 292.613999    5.23610    35.0400    35.0624    27.3276    1485.48    1489.99 0.0000e+00
       5244    215.000     7.8477     7.8478   3.620507   3.622584     1.9778      80.94     0.0217 5.1273e-02 4.0819e+01    218.462 292.614010    5.24162    35.0423    35.0645    27.3302    1485.48    1489.97 0.0000e+00
       5266    216.000     7.8450     7.8451   3.620451   3.622522     1.9792      60.20     0.0208 5.1273e-02 3.9598e+01    219.385 292.614021    5.26392    35.0439    35.0661    27.3318    1485.49    1489.95 0.0000e+00
       5288    217.000     7.8380     7.8380   3.619977   3.622039     1.9821      98.37     0.0211 5.1259e-02 3.8857e+01    220.282 292.614031    5.27645    35.0453    35.0675    27.3340    1485.48    1489.93 0.0000e+00
       5309    218.000     7.8310     7.8310   3.619536   3.621592     1.9840      98.78     0.0166 5.1279e-02 4.0809e+01    221.183 292.614041    5.27772    35.0471    35.0692    27.3364    1485.47    1489.91 0.0000e+00
