testdata/CTD/sta0402.cnv
* Sea-Bird SBE 9 Data File:
* FileName = C:\Seabird\CTDData\sta0402.hex
* Software Version Seasave V 7.21f
* Temperature SN = 4557
* Conductivity SN = 1337
* Number of Bytes Per Scan = 40
* Number of Voltage Words = 5
* Number of Scans Averaged by the Deck Unit = 1
* NMEA Latitude = 60 47.40 N
* NMEA Longitude = 005 16.37 E
* NMEA UTC (Time) = Oct 14 2018 04:22:05
* NMEA baud rate = 4800
** Ship: 10 F/F "G. O. Sars"
** Station: 0402
** Echodepth: 136
** Log: 5335.17
** Wind-Dir Force: 18 17
** Air-temp (dry): 19
** Weather Sky: 0 6
** Sea Ice: 3 0
# nquan = 20                                
# nvalues = 138                         
# units = specified
# name 0 = scan: Scan Count
# name 1 = prDM: Pressure, Digiquartz [db]
# name 2 = t068C: Temperature [ITS-68, deg C]
# name 3 = t168C: Temperature, 2 [ITS-68, deg C]
# name 4 = c0S/m: Conductivity [S/m]
# name 5 = c1S/m: Conductivity, 2 [S/m]
# name 6 = sbeox0V: Oxygen raw, SBE 43 [V]
# name 7 = altM: Altimeter [m]
# name 8 = flC: Fluorescence, Chelsea Aqua 3 Chl Con [ug/l]
# name 9 = par: PAR/Irradiance, Biospherical/Licor
# name 10 = spar: SPAR/Surface Irradiance
# name 11 = timeS: Time, Elapsed [seconds]
# name 12 = timeJ: Julian Days
# name 13 = sbeox0ML/L: Oxygen, SBE 43 [ml/l], WS = 2
# name 14 = sal00: Salinity, Practical [PSU]
# name 15 = sal11: Salinity, Practical, 2 [PSU]
# name 16 = sigma-t00: Density [sigma-t, Kg/m^3 ]
# name 17 = svCM: Sound Velocity [Chen-Millero, m/s]
# name 18 = avgsvCM: Average Sound Velocity [Chen-Millero, m/s], minP = 1, minS = 5
# name 19 = flag: flag
# span 0 =         48,       3667       
# span 1 =      3.000,    140.000       
# span 2 =     8.1945,    13.9808       
# span 3 =     8.1928,    13.9851       
# span 4 =   3.633315,   3.838787       
# span 5 =   3.635392,   3.841254       
# span 6 =     1.8277,     2.2024       
# span 7 =       3.30,      98.80       
# span 8 =     0.0230,     0.1448       
# span 9 = 5.1182e-02, 6.5772e-01       
# span 10 = 1.9438e+00, 1.9438e+00      
# span 11 =      1.951,    152.755      
# span 12 = 287.182048, 287.183794      
# span 13 =    4.58860,    5.41887      
# span 14 =    30.3920,    34.8700      
# span 15 =    30.4019,    34.8939      
# span 16 =    22.6357,    27.1427      
# span 17 =    1485.34,    1499.43      
# span 18 =    1493.16,    1498.55      
# span 19 = 0.0000e+00, 0.0000e+00      
# interval = decibars: 1                
# start_time = Oct 14 2018 04:22:07 [System UTC, header]
# bad_flag = -9.990e-29
*END*
[from data line 73]
       1976     76.000    11.7138    11.7130   3.830586   3.832630     2.1117      65.36     0.0635 5.1247e-02 1.9438e+00     82.311 287.182978    5.15695    33.5796    33.6003    25.5401    1495.39    1496.83 0.0000e+00
       1998     77.000    11.4806    11.4794   3.818948   3.821007     2.1081      64.30     0.0583 5.1252e-02 1.9438e+00     83.204 287.182988    5.15861    33.6767    33.6980    25.6586    1494.71    1496.80 0.0000e+00
       2020     78.000    11.2703    11.2652   3.806982   3.808508     2.1021      63.26     0.0556 5.1267e-02 -9.990e-29     84.115 287.182999    5.14613    33.7503    33.7701    25.7542    1494.09    1496.76 0.0000e+00
       2042     79.000    11.1210    11.1178   3.796805   3.798610     2.0944      62.45     0.0571 5.1240e-02 -9.990e-29     85.022 287.183010    5.12492    33.7861    33.8069    25.8090    1493.62    1496.72 0.0000e+00
       2063     80.000    11.0877    11.0890   3.794592   3.796734     2.0856      61.38     0.0608 5.1252e-02 -9.990e-29     85.920 287.183020    5.10974    33.7943    33.8143    25.8214    1493.53    1496.68 0.0000e+00
       2085     81.000    11.0410    11.0439   3.791652   3.793836     2.0803      60.33     0.0622 5.1260e-02 -9.990e-29     86.813 287.183030    5.11074    33.8076    33.8266    25.8401    1493.40    1496.64 0.0000e+00
       2106     82.000    10.9996    10.9991   3.789428   3.791509     2.0748      59.35     0.0561 5.1259e-02 1.9438e+00     87.710 287.183041    5.10060    33.8231    33.8443    25.8596    1493.29    1496.60 0.0000e+00
       2128     83.000    10.9845    10.9861   3.788801   3.790998     2.0707      58.32     0.0546 5.1273e-02 1.9438e+00     88.611 287.183051    5.09922    33.8304    33.8508    25.8680    1493.27    1496.56 0.0000e+00
       2149     84.000    10.8873    10.8817   3.782749   3.784317     2.0674      57.36     0.0526 5.1252e-02 1.9438e+00     89.502 287.183061    5.10393    33.8593    33.8802    25.9079    1492.97    1496.52 0.0000e+00
       2170     85.000    10.7483    10.7450   3.774286   3.776090     2.0648      56.47     0.0487 5.1273e-02 1.9438e+00     90.393 287.183072    5.10364    33.9030    33.9241    25.9665    1492.55    1496.47 0.0000e+00
       2192     86.000    10.6101    10.6085   3.766047   3.767869     2.0596      55.56     0.0481 5.1259e-02 1.9438e+00     91.280 287.183082    5.08927    33.9483    33.9681    26.0261    1492.14    1496.42 0.0000e+00
       2213     87.000    10.4923    10.4903   3.758496   3.760334     2.0544      54.48     0.0472 5.1266e-02 -9.990e-29     92.159 287.183092    5.07876    33.9816    34.0020    26.0727    1491.77    1496.37 0.0000e+00
       2234     88.000    10.4065    10.3996   3.753253   3.754812     2.0478      53.40     0.0487 5.1266e-02 -9.990e-29     93.031 287.183102    5.06265    34.0085    34.0306    26.1085    1491.52    1496.31 0.0000e+00
       2255     89.000    10.3203    10.3183   3.747669   3.749565     2.0415      52.31     0.0508 5.1273e-02 -9.990e-29     93.902 287.183112    5.04911    34.0323    34.0533    26.1420    1491.26    1496.26 0.0000e+00
       2276     90.000    10.1864    10.1754   3.739630   3.740916     2.0346      51.26     0.0487 5.1273e-02 -9.990e-29     94.775 287.183122    5.03804    34.0760    34.0994    26.1991    1490.85    1496.20 0.0000e+00
       2297     91.000    10.0702    10.0709   3.732927   3.734985     2.0274      50.55     0.0466 5.1273e-02 1.9438e+00     95.660 287.183133    5.01262    34.1168    34.1371    26.2508    1490.50    1496.13 0.0000e+00
       2318     92.000    10.0409    10.0412   3.731371   3.733443     2.0171      49.67     0.0468 5.1273e-02 1.9438e+00     96.553 287.183143    4.96593    34.1282    34.1490    26.2646    1490.42    1496.07 0.0000e+00
       2340     93.000    10.0302    10.0274   3.730874   3.732758     2.0067      48.72     0.0417 5.1273e-02 1.9438e+00     97.445 287.183153    4.94065    34.1328    34.1546    26.2700    1490.41    1496.01 0.0000e+00
       2361     94.000     9.9950     9.9933   3.729056   3.731015     1.9980      47.56     0.0390 5.1266e-02 1.9438e+00     98.338 287.183164    4.93253    34.1470    34.1686    26.2871    1490.31    1495.95 0.0000e+00
       2382     95.000     9.9423     9.9412   3.726220   3.728226     1.9915      45.16     0.0406 5.1273e-02 1.9438e+00     99.221 287.183174    4.92231    34.1674    34.1890    26.3120    1490.16    1495.89 0.0000e+00
       2403     96.000     9.8482     9.8429   3.721086   3.722878     1.9846      44.03     0.0430 5.1266e-02 1.9438e+00    100.098 287.183184    4.91575    34.2036    34.2270    26.3561    1489.89    1495.83 0.0000e+00
       2424     97.000     9.8164     9.8149   3.719416   3.721410     1.9797      42.94     0.0449 5.1273e-02 -9.990e-29    100.979 287.183194    4.91095    34.2163    34.2381    26.3713    1489.80    1495.76 0.0000e+00
       2446     98.000     9.8051     9.8063   3.718822   3.720993     1.9747      41.75     0.0434 5.1273e-02 -9.990e-29    101.862 287.183204    4.89546    34.2205    34.2416    26.3765    1489.78    1495.70 0.0000e+00
       2467     99.000     9.7617     9.7627   3.716495   3.718634     1.9697      40.27     0.0391 5.1266e-02 -9.990e-29    102.751 287.183215    4.88205    34.2374    34.2584    26.3970    1489.66    1495.64 0.0000e+00
       2488    100.000     9.7357     9.7350   3.715152   3.717249     1.9645      39.33     0.0371 5.1273e-02 -9.990e-29    103.627 287.183225    4.86538    34.2479    34.2701    26.4095    1489.60    1495.58 0.0000e+00
       2509    101.000     9.7314     9.7316   3.715027   3.717184     1.9588      37.70     0.0402 5.1273e-02 -9.990e-29    104.505 287.183235    4.84517    34.2502    34.2722    26.4121    1489.60    1495.52 0.0000e+00
       2530    102.000     9.7119     9.7147   3.713975   3.716254     1.9534      36.57     0.0418 5.1273e-02 -9.990e-29    105.391 287.183245    4.83353    34.2575    34.2783    26.4210    1489.56    1495.46 0.0000e+00
       2552    103.000     9.6462     9.6461   3.710432   3.712551     1.9486      35.27     0.0399 5.1280e-02 -9.990e-29    106.273 287.183256    4.82505    34.2833    34.3052    26.4521    1489.37    1495.40 0.0000e+00
       2573    104.000     9.6050     9.6036   3.708185   3.710198     1.9431      37.90     0.0378 5.1273e-02 -9.990e-29    107.156 287.183266    4.80411    34.2990    34.3211    26.4712    1489.25    1495.34 0.0000e+00
       2594    105.000     9.5395     9.5376   3.704585   3.706568     1.9370      36.98     0.0362 5.1266e-02 1.9438e+00    108.044 287.183276    4.79496    34.3240    34.3463    26.5016    1489.06    1495.28 0.0000e+00
       2615    106.000     9.4811     9.4798   3.701455   3.703510     1.9325      35.99     0.0366 5.1280e-02 1.9438e+00    108.923 287.183286    4.78792    34.3471    34.3696    26.5293    1488.89    1495.22 0.0000e+00
       2636    107.000     9.4636     9.4618   3.700548   3.702584     1.9269      35.03     0.0375 5.1273e-02 1.9438e+00    109.807 287.183296    4.77022    34.3541    34.3769    26.5376    1488.86    1495.16 0.0000e+00
       2658    108.000     9.4294     9.4283   3.698703   3.700788     1.9222      34.06     0.0372 5.1273e-02 1.9438e+00    110.694 287.183307    4.76897    34.3673    34.3900    26.5536    1488.76    1495.10 0.0000e+00
       2679    109.000     9.4106     9.4098   3.697739   3.699846     1.9191      33.03     0.0419 5.1280e-02 1.9438e+00    111.573 287.183317    4.76647    34.3749    34.3975    26.5626    1488.72    1495.04 0.0000e+00
       2700    110.000     9.4130     9.4104   3.697920   3.699939     1.9155      29.15     0.0432 5.1273e-02 1.9438e+00    112.457 287.183327    4.75325    34.3740    34.3974    26.5615    1488.75    1494.99 0.0000e+00
       2721    111.000     9.4116     9.4109   3.697925   3.700061     1.9124      28.85     0.0400 5.1273e-02 -9.990e-29    113.337 287.183337    4.75504    34.3750    34.3978    26.5625    1488.76    1494.93 0.0000e+00
       2742    112.000     9.4117     9.4109   3.697997   3.700134     1.9113      28.39     0.0383 5.1273e-02 -9.990e-29    114.213 287.183347    4.75444    34.3752    34.3981    26.5626    1488.77    1494.88 0.0000e+00
       2763    113.000     9.3737     9.3601   3.696010   3.697358     1.9090      27.70     0.0375 5.1273e-02 -9.990e-29    115.100 287.183358    4.74762    34.3906    34.4177    26.5809    1488.67    1494.82 0.0000e+00
       2784    114.000     9.2077     9.2106   3.687114   3.689316     1.9069      27.51     0.0366 5.1280e-02 -9.990e-29    115.978 287.183368    4.75773    34.4577    34.4778    26.6604    1488.16    1494.76 0.0000e+00
       2806    115.000     9.1279     9.1268   3.682733   3.684775     1.9047      27.25     0.0357 5.1273e-02 -9.990e-29    116.859 287.183378    4.74939    34.4887    34.5110    26.6976    1487.92    1494.70 0.0000e+00
       2827    116.000     9.0319     9.0316   3.677292   3.679325     1.9007      26.38     0.0373 5.1273e-02 -9.990e-29    117.755 287.183388    4.73160    34.5244    34.5460    26.7409    1487.63    1494.64 0.0000e+00
       2848    117.000     8.9515     8.9500   3.672790   3.674812     1.8953      25.37     0.0334 5.1273e-02 -9.990e-29    118.638 287.183399    4.71648    34.5549    34.5775    26.7777    1487.39    1494.58 0.0000e+00
       2869    118.000     8.8971     8.8959   3.669735   3.671752     1.8901      24.45     0.0313 5.1286e-02 -9.990e-29    119.519 287.183409    4.70081    34.5753    34.5977    26.8023    1487.23    1494.52 0.0000e+00
       2891    119.000     8.8284     8.8278   3.666054   3.668083     1.8840      23.49     0.0336 5.1273e-02 -9.990e-29    120.402 287.183419    4.67988    34.6032    34.6251    26.8350    1487.03    1494.45 0.0000e+00
       2912    120.000     8.6947     8.6929   3.658518   3.660501     1.8772      22.52     0.0337 5.1273e-02 -9.990e-29    121.288 287.183429    4.66447    34.6540    34.6767    26.8959    1486.61    1494.39 0.0000e+00
       2933    121.000     8.6633     8.6617   3.656813   3.658804     1.8702      21.63     0.0330 5.1273e-02 -9.990e-29    122.176 287.183440    4.65142    34.6663    34.6889    26.9105    1486.53    1494.32 0.0000e+00
       2954    122.000     8.6531     8.6530   3.656284   3.658389     1.8649      20.70     0.0346 5.1273e-02 -9.990e-29    123.056 287.183450    4.64773    34.6702    34.6925    26.9152    1486.51    1494.26 0.0000e+00
       2975    123.000     8.6478     8.6484   3.656071   3.658187     1.8607      19.78     0.0387 5.1280e-02 -9.990e-29    123.933 287.183460    4.64607    34.6727    34.6944    26.9179    1486.51    1494.19 0.0000e+00
       2997    124.000     8.5885     8.5878   3.652814   3.654806     1.8581      18.92     0.0359 5.1293e-02 1.9438e+00    124.814 287.183470    4.65164    34.6960    34.7177    26.9455    1486.33    1494.13 0.0000e+00
       3018    125.000     8.4939     8.4935   3.647737   3.649791     1.8554      17.98     0.0347 5.1280e-02 1.9438e+00    125.689 287.183480    4.64358    34.7347    34.7569    26.9906    1486.05    1494.07 0.0000e+00
       3039    126.000     8.4691     8.4683   3.646492   3.648566     1.8513      17.07     0.0341 5.1294e-02 1.9438e+00    126.575 287.183490    4.62959    34.7455    34.7683    27.0028    1485.98    1494.00 0.0000e+00
       3060    127.000     8.4510     8.4516   3.645622   3.647746     1.8481      16.18     0.0363 5.1294e-02 1.9438e+00    127.461 287.183501    4.63179    34.7536    34.7756    27.0120    1485.94    1493.94 0.0000e+00
       3081    128.000     8.4273     8.4266   3.644536   3.646622     1.8460      15.24     0.0356 5.1301e-02 1.9438e+00    128.338 287.183511    4.62993    34.7650    34.7878    27.0246    1485.88    1493.87 0.0000e+00
       3102    129.000     8.3999     8.3994   3.643164   3.645242     1.8436      14.35     0.0316 5.1280e-02 1.9438e+00    129.212 287.183521    4.62734    34.7769    34.7995    27.0382    1485.81    1493.81 0.0000e+00
       3448    130.000     8.5858     8.5596   3.653728   3.654422     1.8416      13.14     0.0361 5.1284e-02 -9.990e-29    143.614 287.183688    4.61537    34.7054    34.7385    26.9533    1486.43    1493.75 0.0000e+00
       3480    131.000     8.4663     8.4194   3.647168   3.646804     1.8400      12.51     0.0343 5.1273e-02 -9.990e-29    144.946 287.183703    4.61187    34.7530    34.7954    27.0092    1486.06    1493.70 0.0000e+00
       3500    132.000     8.3465     8.3058   3.640608   3.640298     1.8378      11.55     0.0330 5.1280e-02 1.9438e+00    145.803 287.183713    4.60544    34.8011    34.8380    27.0653    1485.69    1493.63 0.0000e+00
       3521    133.000     8.2565     8.2557   3.635948   3.637965     1.8346       9.20     0.0328 5.1324e-02 1.9438e+00    146.648 287.183723    4.59865    34.8400    34.8623    27.1097    1485.42    1493.57 0.0000e+00
       3541    134.000     8.2558     8.2552   3.635893   3.637977     1.8312       9.91     0.0297 5.1306e-02 1.9438e+00    147.521 287.183733    4.58860    34.8396    34.8625    27.1095    1485.43    1493.51 0.0000e+00
       3562    135.000     8.2561     8.2553   3.636002   3.638103     1.8282       8.96     0.0275 5.1302e-02 1.9438e+00    148.393 287.183743    4.59269    34.8400    34.8632    27.1098    1485.45    1493.45 0.0000e+00
       3583    136.000     8.2547     8.2542   3.636034   3.638142     1.8277       8.03     0.0295 5.1335e-02 1.9438e+00    149.258 287.183753    4.61121    34.8413    34.8643    27.1110    1485.46    1493.39 0.0000e+00
       3604    137.000     8.2363     8.2385   3.635171   3.637392     1.8287       7.06     0.0296 5.1328e-02 1.9438e+00    150.134 287.183763    4.62922    34.8498    34.8714    27.1205    1485.42    1493.33 0.0000e+00
       3625    138.000     8.2112     8.2081   3.634035   3.636020     1.8306       6.16     0.0267 5.1321e-02 -9.990e-29    151.011 287.183773    4.63794    34.8621    34.8864    27.1339    1485.36    1493.28 0.0000e+00
       3646    139.000     8.2080     8.2066   3.633903   3.635990     1.8312       5.19     0.0230 5.1405e-02 -9.990e-29    151.884 287.183783    4.62667    34.8634    34.8871    27.1354    1485.37    1493.22 0.0000e+00
       3667    140.000     8.1945     8.1928   3.633315   3.635392     1.8305       3.30     0.0249 5.1423e-02 -9.990e-29    152.755 287.183794    4.62644    34.8700    34.8939    27.1427    1485.34    1493.16 0.0000e+00
