testdata/CTD/sta0411.cnv
* Sea-Bird SBE 9 Data File:
* FileName = C:\Seabird\CTDData\sta0411.hex
* Software Version Seasave V 7.21f
* Temperature SN = 4557
* Conductivity SN = 1337
* Number of Bytes Per Scan = 40
* Number of Voltage Words = 5
* Number of Scans Averaged by the Deck Unit = 1
* NMEA Latitude = 60 52.31 N
* NMEA Longitude = 005 23.87 E
* NMEA UTC (Time) = Oct 14 2018 09:21:36
* NMEA baud rate = 4800
** Ship: 10 F/F "G. O. Sars"
** Station: 0411
** Echodepth: 463
** Log: 5343.77
** Wind-Dir Force: 42 16
** Air-temp (dry): 16.5
** Weather Sky: 5 8
** Sea Ice: 3 0
# nquan = 20                                
# nvalues = 457                         
# units = specified
# name 0 = scan: Scan Count
# name 1 = prDM: Pressure, Digiquartz [db]
# name 2 = t068C: Temperature [ITS-68, deg C]
# name 3 = t168C: Temperature, 2 [ITS-68, deg C]
# name 4 = c0S/m: Conductivity [S/m]
# name 5 = c1S/m: Conductivity, 2 [S/m]
# name 6 = sbeox0V: Oxygen raw, SBE 43 [V]
# name 7 = altM: Altimeter [m]
# name 8 = flC: Fluorescence, Chelsea Aqua 3 Chl Con [ug/l]
# name 9 = par: PAR/Irradiance, Biospherical/Licor
# name 10 = spar: SPAR/Surface Irradiance
# name 11 = timeS: Time, Elapsed [seconds]
# name 12 = timeJ: Julian Days
# name 13 = sbeox0ML/L: Oxygen, SBE 43 [ml/l], WS = 2
# name 14 = sal00: Salinity, Practical [PSU]
# name 15 = sal11: Salinity, Practical, 2 [PSU]
# name 16 = sigma-t00: Density [sigma-t, Kg/m^3 ]
# name 17 = svCM: Sound Velocity [Chen-Millero, m/s]
# name 18 = avgsvCM: Average Sound Velocity [Chen-Millero, m/s], minP = 1, minS = 5
# name 19 = flag: flag
# span 0 =        468,      10221       
# span 1 =      4.000,    460.000       
# span 2 =     8.0863,    16.0253       
# span 3 =     8.0859,    16.0152       
# span 4 =   2.980746,   3.988868       
# span 5 =   3.001387,   3.990973       
# span 6 =     0.8947,     2.2146       
# span 7 =      13.07,      98.78       
# span 8 =     0.0205,     0.1406       
# span 9 = 5.1240e-02, 1.4926e+00       
# span 10 = 1.9635e+01, 3.5044e+01      
# span 11 =     19.453,    425.821      
# span 12 = 287.390248, 287.394951      
# span 13 =    1.36358,    5.42632      
# span 14 =    23.8882,    35.0217      
# span 15 =    24.0271,    35.0445      
# span 16 =    17.5965,    27.2603      
# span 17 =    1485.07,    1505.76      
# span 18 =    1488.78,    1500.65      
# span 19 = 0.0000e+00, 0.0000e+00      
# interval = decibars: 1                
# start_time = Oct 14 2018 09:21:38 [System UTC, header]
# bad_flag = -9.990e-29
*END*
[from data line 435]
       9769    439.000     8.1998     8.1996   3.661273   3.663399     0.9270      96.13     0.0406 5.1252e-02 2.5269e+01    406.996 287.394734    1.47503    35.0201    35.0430    27.2598    1490.47    1488.96 0.0000e+00
       9790    440.000     8.2000     8.1998   3.661369   3.663469     0.9254      96.13     0.0416 5.1273e-02 2.5269e+01    407.891 287.394744    1.46703    35.0205    35.0431    27.2600    1490.49    1488.97 0.0000e+00
       9812    441.000     8.2003     8.2000   3.661431   3.663547     0.9234      96.13     0.0371 5.1266e-02 2.5269e+01    408.787 287.394754    1.45867    35.0204    35.0432    27.2599    1490.50    1488.97 0.0000e+00
       9833    442.000     8.2004     8.2002   3.661493   3.663613     0.9214      50.75     0.0314 5.1280e-02 2.5269e+01    409.685 287.394765    1.45028    35.0205    35.0433    27.2599    1490.52    1488.97 0.0000e+00
       9855    443.000     8.2006     8.2003   3.661551   3.663663     0.9194      29.06     0.0347 5.1287e-02 2.5269e+01    410.586 287.394775    1.44652    35.0204    35.0432    27.2598    1490.54    1488.98 0.0000e+00
       9876    444.000     8.2009     8.2007   3.661637   3.663757     0.9178      28.17     0.0368 5.1280e-02 2.5269e+01    411.473 287.394786    1.44259    35.0206    35.0434    27.2599    1490.56    1488.98 0.0000e+00
       9898    445.000     8.2011     8.2009   3.661712   3.663836     0.9164      26.12     0.0373 5.1287e-02 2.0461e+01    412.370 287.394796    1.43906    35.0207    35.0435    27.2600    1490.57    1488.98 0.0000e+00
       9919    446.000     8.2014     8.2012   3.661796   3.663915     0.9150      21.03     0.0373 5.1273e-02 2.5334e+01    413.264 287.394806    1.43320    35.0208    35.0436    27.2600    1490.59    1488.99 0.0000e+00
       9941    447.000     8.2016     8.2013   3.661859   3.663969     0.9135      24.46     0.0383 5.1280e-02 2.5269e+01    414.154 287.394817    1.42801    35.0208    35.0436    27.2600    1490.61    1488.99 0.0000e+00
       9962    448.000     8.2018     8.2017   3.661924   3.664045     0.9120      23.46     0.0381 5.1286e-02 2.5269e+01    415.056 287.394827    1.42467    35.0208    35.0435    27.2600    1490.63    1488.99 0.0000e+00
       9984    449.000     8.2023     8.2020   3.662034   3.664157     0.9108      22.60     0.0410 5.1273e-02 2.5269e+01    415.950 287.394837    1.42357    35.0210    35.0440    27.2601    1490.64    1489.00 0.0000e+00
      10005    450.000     8.2027     8.2024   3.662125   3.664244     0.9100      21.37     0.0429 5.1280e-02 2.5269e+01    416.840 287.394848    1.42016    35.0211    35.0440    27.2601    1490.66    1489.00 0.0000e+00
      10027    451.000     8.2031     8.2028   3.662231   3.664342     0.9088      20.36     0.0387 5.1280e-02 2.4703e+01    417.739 287.394858    1.41488    35.0214    35.0442    27.2602    1490.68    1489.01 0.0000e+00
      10048    452.000     8.2032     8.2030   3.662287   3.664402     0.9076      19.35     0.0343 5.1301e-02 2.4004e+01    418.633 287.394868    1.41008    35.0214    35.0442    27.2602    1490.70    1489.01 0.0000e+00
      10070    453.000     8.2037     8.2034   3.662384   3.664502     0.9063      18.31     0.0340 5.1293e-02 2.3959e+01    419.530 287.394879    1.40392    35.0215    35.0444    27.2602    1490.72    1489.01 0.0000e+00
      10091    454.000     8.2039     8.2036   3.662459   3.664565     0.9049      19.08     0.0392 5.1280e-02 2.3669e+01    420.428 287.394889    1.39718    35.0216    35.0443    27.2603    1490.73    1489.02 0.0000e+00
      10113    455.000     8.2040     8.2038   3.662506   3.664635     0.9033      18.07     0.0379 5.1286e-02 2.0921e+01    421.321 287.394900    1.39065    35.0215    35.0444    27.2602    1490.75    1489.02 0.0000e+00
      10135    456.000     8.2043     8.2040   3.662575   3.664694     0.9015      17.16     0.0409 5.1286e-02 2.2925e+01    422.229 287.394910    1.38164    35.0215    35.0444    27.2601    1490.77    1489.02 0.0000e+00
      10156    457.000     8.2044     8.2041   3.662627   3.664759     0.8995      16.05     0.0410 5.1280e-02 2.3324e+01    423.123 287.394920    1.37359    35.0215    35.0445    27.2601    1490.78    1489.03 0.0000e+00
      10178    458.000     8.2044     8.2042   3.662689   3.664807     0.8977      15.03     0.0395 5.1286e-02 2.3325e+01    424.026 287.394931    1.37232    35.0217    35.0444    27.2603    1490.80    1489.03 0.0000e+00
      10199    459.000     8.2046     8.2044   3.662751   3.664875     0.8965      14.14     0.0406 5.1280e-02 2.3325e+01    424.929 287.394941    1.36756    35.0217    35.0445    27.2602    1490.82    1489.04 0.0000e+00
      10221    460.000     8.2047     8.2044   3.662791   3.664923     0.8947      13.07     0.0408 5.1300e-02 2.3325e+01    425.821 287.394951    1.36358    35.0215    35.0445    27.2601    1490.84    1489.04 0.0000e+00
